FID,OBJECTID,field,Var1,Var2,value
0,17370,65165,-0.625000000000000,-79.125000000000000,1
1,17381,65223,-0.625000000000000,-78.875000000000000,1
2,17397,65281,-0.625000000000000,-78.625000000000000,1
3,17398,65282,-2.625000000000000,-78.625000000000000,1
4,17416,65339,-0.625000000000000,-78.375000000000000,1
5,17417,65340,-2.625000000000000,-78.375000000000000,1
6,17435,65397,-0.625000000000000,-78.125000000000000,1
7,17436,65398,-2.625000000000000,-78.125000000000000,1
8,17454,65455,-0.625000000000000,-77.875000000000000,1
9,17455,65456,-2.625000000000000,-77.875000000000000,1
10,17474,65513,-0.625000000000000,-77.625000000000000,1
11,17475,65514,-2.625000000000000,-77.625000000000000,1
12,17493,65570,1.375000000000000,-77.375000000000000,1
13,17494,65571,-0.625000000000000,-77.375000000000000,1
14,17495,65572,-2.625000000000000,-77.375000000000000,1
15,17513,65628,1.375000000000000,-77.125000000000000,1
16,17514,65629,-0.625000000000000,-77.125000000000000,1
17,17515,65630,-2.625000000000000,-77.125000000000000,1
18,17516,65631,-4.625000000000000,-77.125000000000000,1
19,17533,65686,1.375000000000000,-76.875000000000000,1
20,17534,65687,-0.625000000000000,-76.875000000000000,1
21,17535,65688,-2.625000000000000,-76.875000000000000,1
22,17536,65689,-4.625000000000000,-76.875000000000000,1
23,17552,65744,1.375000000000000,-76.625000000000000,1
24,17553,65745,-0.625000000000000,-76.625000000000000,1
25,17554,65746,-2.625000000000000,-76.625000000000000,1
26,17555,65747,-4.625000000000000,-76.625000000000000,1
27,17572,65802,1.375000000000000,-76.375000000000000,1
28,17573,65803,-0.625000000000000,-76.375000000000000,1
29,17574,65804,-2.625000000000000,-76.375000000000000,1
30,17575,65805,-4.625000000000000,-76.375000000000000,1
31,17593,65860,1.375000000000000,-76.125000000000000,1
32,17594,65861,-0.625000000000000,-76.125000000000000,1
33,17595,65862,-2.625000000000000,-76.125000000000000,1
34,17596,65863,-4.625000000000000,-76.125000000000000,1
35,17618,65918,1.375000000000000,-75.875000000000000,1
36,17619,65919,-0.625000000000000,-75.875000000000000,1
37,17620,65920,-2.625000000000000,-75.875000000000000,1
38,17621,65921,-4.625000000000000,-75.875000000000000,1
39,17622,65922,-6.625000000000000,-75.875000000000000,1
40,17642,65975,3.375000000000000,-75.625000000000000,1
41,17643,65976,1.375000000000000,-75.625000000000000,1
42,17644,65977,-0.625000000000000,-75.625000000000000,1
43,17645,65978,-2.625000000000000,-75.625000000000000,1
44,17646,65979,-4.625000000000000,-75.625000000000000,1
45,17647,65980,-6.625000000000000,-75.625000000000000,1
46,17667,66033,3.375000000000000,-75.375000000000000,1
47,17668,66034,1.375000000000000,-75.375000000000000,1
48,17669,66035,-0.625000000000000,-75.375000000000000,1
49,17670,66036,-2.625000000000000,-75.375000000000000,1
50,17671,66037,-4.625000000000000,-75.375000000000000,1
51,17672,66038,-6.625000000000000,-75.375000000000000,1
52,17692,66091,3.375000000000000,-75.125000000000000,1
53,17693,66092,1.375000000000000,-75.125000000000000,1
54,17694,66093,-0.625000000000000,-75.125000000000000,1
55,17695,66094,-2.625000000000000,-75.125000000000000,1
56,17696,66095,-4.625000000000000,-75.125000000000000,1
57,17697,66096,-6.625000000000000,-75.125000000000000,1
58,17717,66149,3.375000000000000,-74.875000000000000,1
59,17718,66150,1.375000000000000,-74.875000000000000,1
60,17719,66151,-0.625000000000000,-74.875000000000000,1
61,17720,66152,-2.625000000000000,-74.875000000000000,1
62,17721,66153,-4.625000000000000,-74.875000000000000,1
63,17722,66154,-6.625000000000000,-74.875000000000000,1
64,17742,66207,3.375000000000000,-74.625000000000000,1
65,17743,66208,1.375000000000000,-74.625000000000000,1
66,17744,66209,-0.625000000000000,-74.625000000000000,1
67,17745,66210,-2.625000000000000,-74.625000000000000,1
68,17746,66211,-4.625000000000000,-74.625000000000000,1
69,17747,66212,-6.625000000000000,-74.625000000000000,1
70,17766,66265,3.375000000000000,-74.375000000000000,1
71,17767,66266,1.375000000000000,-74.375000000000000,1
72,17768,66267,-0.625000000000000,-74.375000000000000,1
73,17769,66268,-2.625000000000000,-74.375000000000000,1
74,17770,66269,-4.625000000000000,-74.375000000000000,1
75,17771,66270,-6.625000000000000,-74.375000000000000,1
76,17772,66271,-8.625000000000000,-74.375000000000000,1
77,17790,66323,3.375000000000000,-74.125000000000000,1
78,17791,66324,1.375000000000000,-74.125000000000000,1
79,17792,66325,-0.625000000000000,-74.125000000000000,1
80,17793,66326,-2.625000000000000,-74.125000000000000,1
81,17794,66327,-4.625000000000000,-74.125000000000000,1
82,17795,66328,-6.625000000000000,-74.125000000000000,1
83,17796,66329,-8.625000000000000,-74.125000000000000,1
84,17813,66380,5.375000000000000,-73.875000000000000,1
85,17814,66381,3.375000000000000,-73.875000000000000,1
86,17815,66382,1.375000000000000,-73.875000000000000,1
87,17816,66383,-0.625000000000000,-73.875000000000000,1
88,17817,66384,-2.625000000000000,-73.875000000000000,1
89,17818,66385,-4.625000000000000,-73.875000000000000,1
90,17819,66386,-6.625000000000000,-73.875000000000000,1
91,17820,66387,-8.625000000000000,-73.875000000000000,1
92,17837,66438,5.375000000000000,-73.625000000000000,1
93,17838,66439,3.375000000000000,-73.625000000000000,1
94,17839,66440,1.375000000000000,-73.625000000000000,1
95,17840,66441,-0.625000000000000,-73.625000000000000,1
96,17841,66442,-2.625000000000000,-73.625000000000000,1
97,17842,66443,-4.625000000000000,-73.625000000000000,1
98,17843,66444,-6.625000000000000,-73.625000000000000,1
99,17844,66445,-8.625000000000000,-73.625000000000000,1
100,17869,66496,5.375000000000000,-73.375000000000000,1
101,17870,66497,3.375000000000000,-73.375000000000000,1
102,17871,66498,1.375000000000000,-73.375000000000000,1
103,17872,66499,-0.625000000000000,-73.375000000000000,1
104,17873,66500,-2.625000000000000,-73.375000000000000,1
105,17874,66501,-4.625000000000000,-73.375000000000000,1
106,17875,66502,-6.625000000000000,-73.375000000000000,1
107,17876,66503,-8.625000000000000,-73.375000000000000,1
108,17901,66554,5.375000000000000,-73.125000000000000,1
109,17902,66555,3.375000000000000,-73.125000000000000,1
110,17903,66556,1.375000000000000,-73.125000000000000,1
111,17904,66557,-0.625000000000000,-73.125000000000000,1
112,17905,66558,-2.625000000000000,-73.125000000000000,1
113,17906,66559,-4.625000000000000,-73.125000000000000,1
114,17907,66560,-6.625000000000000,-73.125000000000000,1
115,17908,66561,-8.625000000000000,-73.125000000000000,1
116,17933,66612,5.375000000000000,-72.875000000000000,1
117,17934,66613,3.375000000000000,-72.875000000000000,1
118,17935,66614,1.375000000000000,-72.875000000000000,1
119,17936,66615,-0.625000000000000,-72.875000000000000,1
120,17937,66616,-2.625000000000000,-72.875000000000000,1
121,17938,66617,-4.625000000000000,-72.875000000000000,1
122,17939,66618,-6.625000000000000,-72.875000000000000,1
123,17940,66619,-8.625000000000000,-72.875000000000000,1
124,17941,66620,-10.625000000000000,-72.875000000000000,1
125,17965,66670,5.375000000000000,-72.625000000000000,1
126,17966,66671,3.375000000000000,-72.625000000000000,1
127,17967,66672,1.375000000000000,-72.625000000000000,1
128,17968,66673,-0.625000000000000,-72.625000000000000,1
129,17969,66674,-2.625000000000000,-72.625000000000000,1
130,17970,66675,-4.625000000000000,-72.625000000000000,1
131,17971,66676,-6.625000000000000,-72.625000000000000,1
132,17972,66677,-8.625000000000000,-72.625000000000000,1
133,17973,66678,-10.625000000000000,-72.625000000000000,1
134,17997,66728,5.375000000000000,-72.375000000000000,1
135,17998,66729,3.375000000000000,-72.375000000000000,1
136,17999,66730,1.375000000000000,-72.375000000000000,1
137,18000,66731,-0.625000000000000,-72.375000000000000,1
138,18001,66732,-2.625000000000000,-72.375000000000000,1
139,18002,66733,-4.625000000000000,-72.375000000000000,1
140,18003,66734,-6.625000000000000,-72.375000000000000,1
141,18004,66735,-8.625000000000000,-72.375000000000000,1
142,18005,66736,-10.625000000000000,-72.375000000000000,1
143,18028,66785,7.375000000000000,-72.125000000000000,1
144,18029,66786,5.375000000000000,-72.125000000000000,1
145,18030,66787,3.375000000000000,-72.125000000000000,1
146,18031,66788,1.375000000000000,-72.125000000000000,1
147,18032,66789,-0.625000000000000,-72.125000000000000,1
148,18033,66790,-2.625000000000000,-72.125000000000000,1
149,18034,66791,-4.625000000000000,-72.125000000000000,1
150,18035,66792,-6.625000000000000,-72.125000000000000,1
151,18036,66793,-8.625000000000000,-72.125000000000000,1
152,18037,66794,-10.625000000000000,-72.125000000000000,1
153,18060,66843,7.375000000000000,-71.875000000000000,1
154,18061,66844,5.375000000000000,-71.875000000000000,1
155,18062,66845,3.375000000000000,-71.875000000000000,1
156,18063,66846,1.375000000000000,-71.875000000000000,1
157,18064,66847,-0.625000000000000,-71.875000000000000,1
158,18065,66848,-2.625000000000000,-71.875000000000000,1
159,18066,66849,-4.625000000000000,-71.875000000000000,1
160,18067,66850,-6.625000000000000,-71.875000000000000,1
161,18068,66851,-8.625000000000000,-71.875000000000000,1
162,18069,66852,-10.625000000000000,-71.875000000000000,1
163,18092,66901,7.375000000000000,-71.625000000000000,1
164,18093,66902,5.375000000000000,-71.625000000000000,1
165,18094,66903,3.375000000000000,-71.625000000000000,1
166,18095,66904,1.375000000000000,-71.625000000000000,1
167,18096,66905,-0.625000000000000,-71.625000000000000,1
168,18097,66906,-2.625000000000000,-71.625000000000000,1
169,18098,66907,-4.625000000000000,-71.625000000000000,1
170,18099,66908,-6.625000000000000,-71.625000000000000,1
171,18100,66909,-8.625000000000000,-71.625000000000000,1
172,18101,66910,-10.625000000000000,-71.625000000000000,1
173,18102,66911,-12.625000000000000,-71.625000000000000,1
174,18123,66959,7.375000000000000,-71.375000000000000,1
175,18124,66960,5.375000000000000,-71.375000000000000,1
176,18125,66961,3.375000000000000,-71.375000000000000,1
177,18126,66962,1.375000000000000,-71.375000000000000,1
178,18127,66963,-0.625000000000000,-71.375000000000000,1
179,18128,66964,-2.625000000000000,-71.375000000000000,1
180,18129,66965,-4.625000000000000,-71.375000000000000,1
181,18130,66966,-6.625000000000000,-71.375000000000000,1
182,18131,66967,-8.625000000000000,-71.375000000000000,1
183,18132,66968,-10.625000000000000,-71.375000000000000,1
184,18133,66969,-12.625000000000000,-71.375000000000000,1
185,18153,67017,7.375000000000000,-71.125000000000000,1
186,18154,67018,5.375000000000000,-71.125000000000000,1
187,18155,67019,3.375000000000000,-71.125000000000000,1
188,18156,67020,1.375000000000000,-71.125000000000000,1
189,18157,67021,-0.625000000000000,-71.125000000000000,1
190,18158,67022,-2.625000000000000,-71.125000000000000,1
191,18159,67023,-4.625000000000000,-71.125000000000000,1
192,18160,67024,-6.625000000000000,-71.125000000000000,1
193,18161,67025,-8.625000000000000,-71.125000000000000,1
194,18162,67026,-10.625000000000000,-71.125000000000000,1
195,18163,67027,-12.625000000000000,-71.125000000000000,1
196,18193,67075,7.375000000000000,-70.875000000000000,1
197,18194,67076,5.375000000000000,-70.875000000000000,1
198,18195,67077,3.375000000000000,-70.875000000000000,1
199,18196,67078,1.375000000000000,-70.875000000000000,1
200,18197,67079,-0.625000000000000,-70.875000000000000,1
201,18198,67080,-2.625000000000000,-70.875000000000000,1
202,18199,67081,-4.625000000000000,-70.875000000000000,1
203,18200,67082,-6.625000000000000,-70.875000000000000,1
204,18201,67083,-8.625000000000000,-70.875000000000000,1
205,18202,67084,-10.625000000000000,-70.875000000000000,1
206,18203,67085,-12.625000000000000,-70.875000000000000,1
207,18233,67133,7.375000000000000,-70.625000000000000,1
208,18234,67134,5.375000000000000,-70.625000000000000,1
209,18235,67135,3.375000000000000,-70.625000000000000,1
210,18236,67136,1.375000000000000,-70.625000000000000,1
211,18237,67137,-0.625000000000000,-70.625000000000000,1
212,18238,67138,-2.625000000000000,-70.625000000000000,1
213,18239,67139,-4.625000000000000,-70.625000000000000,1
214,18240,67140,-6.625000000000000,-70.625000000000000,1
215,18241,67141,-8.625000000000000,-70.625000000000000,1
216,18242,67142,-10.625000000000000,-70.625000000000000,1
217,18243,67143,-12.625000000000000,-70.625000000000000,1
218,18271,67190,9.375000000000000,-70.375000000000000,1
219,18272,67191,7.375000000000000,-70.375000000000000,1
220,18273,67192,5.375000000000000,-70.375000000000000,1
221,18274,67193,3.375000000000000,-70.375000000000000,1
222,18275,67194,1.375000000000000,-70.375000000000000,1
223,18276,67195,-0.625000000000000,-70.375000000000000,1
224,18277,67196,-2.625000000000000,-70.375000000000000,1
225,18278,67197,-4.625000000000000,-70.375000000000000,1
226,18279,67198,-6.625000000000000,-70.375000000000000,1
227,18280,67199,-8.625000000000000,-70.375000000000000,1
228,18281,67200,-10.625000000000000,-70.375000000000000,1
229,18282,67201,-12.625000000000000,-70.375000000000000,1
230,18310,67248,9.375000000000000,-70.125000000000000,1
231,18311,67249,7.375000000000000,-70.125000000000000,1
232,18312,67250,5.375000000000000,-70.125000000000000,1
233,18313,67251,3.375000000000000,-70.125000000000000,1
234,18314,67252,1.375000000000000,-70.125000000000000,1
235,18315,67253,-0.625000000000000,-70.125000000000000,1
236,18316,67254,-2.625000000000000,-70.125000000000000,1
237,18317,67255,-4.625000000000000,-70.125000000000000,1
238,18318,67256,-6.625000000000000,-70.125000000000000,1
239,18319,67257,-8.625000000000000,-70.125000000000000,1
240,18320,67258,-10.625000000000000,-70.125000000000000,1
241,18321,67259,-12.625000000000000,-70.125000000000000,1
242,18322,67260,-14.625000000000000,-70.125000000000000,1
243,18350,67306,9.375000000000000,-69.875000000000000,1
244,18351,67307,7.375000000000000,-69.875000000000000,1
245,18352,67308,5.375000000000000,-69.875000000000000,1
246,18353,67309,3.375000000000000,-69.875000000000000,1
247,18354,67310,1.375000000000000,-69.875000000000000,1
248,18355,67311,-0.625000000000000,-69.875000000000000,1
249,18356,67312,-2.625000000000000,-69.875000000000000,1
250,18357,67313,-4.625000000000000,-69.875000000000000,1
251,18358,67314,-6.625000000000000,-69.875000000000000,1
252,18359,67315,-8.625000000000000,-69.875000000000000,1
253,18360,67316,-10.625000000000000,-69.875000000000000,1
254,18361,67317,-12.625000000000000,-69.875000000000000,1
255,18362,67318,-14.625000000000000,-69.875000000000000,1
256,18389,67364,9.375000000000000,-69.625000000000000,1
257,18390,67365,7.375000000000000,-69.625000000000000,1
258,18391,67366,5.375000000000000,-69.625000000000000,1
259,18392,67367,3.375000000000000,-69.625000000000000,1
260,18393,67368,1.375000000000000,-69.625000000000000,1
261,18394,67369,-0.625000000000000,-69.625000000000000,1
262,18395,67370,-2.625000000000000,-69.625000000000000,1
263,18396,67371,-4.625000000000000,-69.625000000000000,1
264,18397,67372,-6.625000000000000,-69.625000000000000,1
265,18398,67373,-8.625000000000000,-69.625000000000000,1
266,18399,67374,-10.625000000000000,-69.625000000000000,1
267,18400,67375,-12.625000000000000,-69.625000000000000,1
268,18401,67376,-14.625000000000000,-69.625000000000000,1
269,18428,67422,9.375000000000000,-69.375000000000000,1
270,18429,67423,7.375000000000000,-69.375000000000000,1
271,18430,67424,5.375000000000000,-69.375000000000000,1
272,18431,67425,3.375000000000000,-69.375000000000000,1
273,18432,67426,1.375000000000000,-69.375000000000000,1
274,18433,67427,-0.625000000000000,-69.375000000000000,1
275,18434,67428,-2.625000000000000,-69.375000000000000,1
276,18435,67429,-4.625000000000000,-69.375000000000000,1
277,18436,67430,-6.625000000000000,-69.375000000000000,1
278,18437,67431,-8.625000000000000,-69.375000000000000,1
279,18438,67432,-10.625000000000000,-69.375000000000000,1
280,18439,67433,-12.625000000000000,-69.375000000000000,1
281,18440,67434,-14.625000000000000,-69.375000000000000,1
282,18467,67480,9.375000000000000,-69.125000000000000,1
283,18468,67481,7.375000000000000,-69.125000000000000,1
284,18469,67482,5.375000000000000,-69.125000000000000,1
285,18470,67483,3.375000000000000,-69.125000000000000,1
286,18471,67484,1.375000000000000,-69.125000000000000,1
287,18472,67485,-0.625000000000000,-69.125000000000000,1
288,18473,67486,-2.625000000000000,-69.125000000000000,1
289,18474,67487,-4.625000000000000,-69.125000000000000,1
290,18475,67488,-6.625000000000000,-69.125000000000000,1
291,18476,67489,-8.625000000000000,-69.125000000000000,1
292,18477,67490,-10.625000000000000,-69.125000000000000,1
293,18478,67491,-12.625000000000000,-69.125000000000000,1
294,18479,67492,-14.625000000000000,-69.125000000000000,1
295,18506,67538,9.375000000000000,-68.875000000000000,1
296,18507,67539,7.375000000000000,-68.875000000000000,1
297,18508,67540,5.375000000000000,-68.875000000000000,1
298,18509,67541,3.375000000000000,-68.875000000000000,1
299,18510,67542,1.375000000000000,-68.875000000000000,1
300,18511,67543,-0.625000000000000,-68.875000000000000,1
301,18512,67544,-2.625000000000000,-68.875000000000000,1
302,18513,67545,-4.625000000000000,-68.875000000000000,1
303,18514,67546,-6.625000000000000,-68.875000000000000,1
304,18515,67547,-8.625000000000000,-68.875000000000000,1
305,18516,67548,-10.625000000000000,-68.875000000000000,1
306,18517,67549,-12.625000000000000,-68.875000000000000,1
307,18518,67550,-14.625000000000000,-68.875000000000000,1
308,18545,67596,9.375000000000000,-68.625000000000000,1
309,18546,67597,7.375000000000000,-68.625000000000000,1
310,18547,67598,5.375000000000000,-68.625000000000000,1
311,18548,67599,3.375000000000000,-68.625000000000000,1
312,18549,67600,1.375000000000000,-68.625000000000000,1
313,18550,67601,-0.625000000000000,-68.625000000000000,1
314,18551,67602,-2.625000000000000,-68.625000000000000,1
315,18552,67603,-4.625000000000000,-68.625000000000000,1
316,18553,67604,-6.625000000000000,-68.625000000000000,1
317,18554,67605,-8.625000000000000,-68.625000000000000,1
318,18555,67606,-10.625000000000000,-68.625000000000000,1
319,18556,67607,-12.625000000000000,-68.625000000000000,1
320,18557,67608,-14.625000000000000,-68.625000000000000,1
321,18558,67609,-16.625000000000000,-68.625000000000000,1
322,18583,67654,9.375000000000000,-68.375000000000000,1
323,18584,67655,7.375000000000000,-68.375000000000000,1
324,18585,67656,5.375000000000000,-68.375000000000000,1
325,18586,67657,3.375000000000000,-68.375000000000000,1
326,18587,67658,1.375000000000000,-68.375000000000000,1
327,18588,67659,-0.625000000000000,-68.375000000000000,1
328,18589,67660,-2.625000000000000,-68.375000000000000,1
329,18590,67661,-4.625000000000000,-68.375000000000000,1
330,18591,67662,-6.625000000000000,-68.375000000000000,1
331,18592,67663,-8.625000000000000,-68.375000000000000,1
332,18593,67664,-10.625000000000000,-68.375000000000000,1
333,18594,67665,-12.625000000000000,-68.375000000000000,1
334,18595,67666,-14.625000000000000,-68.375000000000000,1
335,18596,67667,-16.625000000000000,-68.375000000000000,1
336,18621,67712,9.375000000000000,-68.125000000000000,1
337,18622,67713,7.375000000000000,-68.125000000000000,1
338,18623,67714,5.375000000000000,-68.125000000000000,1
339,18624,67715,3.375000000000000,-68.125000000000000,1
340,18625,67716,1.375000000000000,-68.125000000000000,1
341,18626,67717,-0.625000000000000,-68.125000000000000,1
342,18627,67718,-2.625000000000000,-68.125000000000000,1
343,18628,67719,-4.625000000000000,-68.125000000000000,1
344,18629,67720,-6.625000000000000,-68.125000000000000,1
345,18630,67721,-8.625000000000000,-68.125000000000000,1
346,18631,67722,-10.625000000000000,-68.125000000000000,1
347,18632,67723,-12.625000000000000,-68.125000000000000,1
348,18633,67724,-14.625000000000000,-68.125000000000000,1
349,18634,67725,-16.625000000000000,-68.125000000000000,1
350,18659,67770,9.375000000000000,-67.875000000000000,1
351,18660,67771,7.375000000000000,-67.875000000000000,1
352,18661,67772,5.375000000000000,-67.875000000000000,1
353,18662,67773,3.375000000000000,-67.875000000000000,1
354,18663,67774,1.375000000000000,-67.875000000000000,1
355,18664,67775,-0.625000000000000,-67.875000000000000,1
356,18665,67776,-2.625000000000000,-67.875000000000000,1
357,18666,67777,-4.625000000000000,-67.875000000000000,1
358,18667,67778,-6.625000000000000,-67.875000000000000,1
359,18668,67779,-8.625000000000000,-67.875000000000000,1
360,18669,67780,-10.625000000000000,-67.875000000000000,1
361,18670,67781,-12.625000000000000,-67.875000000000000,1
362,18671,67782,-14.625000000000000,-67.875000000000000,1
363,18672,67783,-16.625000000000000,-67.875000000000000,1
364,18697,67828,9.375000000000000,-67.625000000000000,1
365,18698,67829,7.375000000000000,-67.625000000000000,1
366,18699,67830,5.375000000000000,-67.625000000000000,1
367,18700,67831,3.375000000000000,-67.625000000000000,1
368,18701,67832,1.375000000000000,-67.625000000000000,1
369,18702,67833,-0.625000000000000,-67.625000000000000,1
370,18703,67834,-2.625000000000000,-67.625000000000000,1
371,18704,67835,-4.625000000000000,-67.625000000000000,1
372,18705,67836,-6.625000000000000,-67.625000000000000,1
373,18706,67837,-8.625000000000000,-67.625000000000000,1
374,18707,67838,-10.625000000000000,-67.625000000000000,1
375,18708,67839,-12.625000000000000,-67.625000000000000,1
376,18709,67840,-14.625000000000000,-67.625000000000000,1
377,18710,67841,-16.625000000000000,-67.625000000000000,1
378,18735,67886,9.375000000000000,-67.375000000000000,1
379,18736,67887,7.375000000000000,-67.375000000000000,1
380,18737,67888,5.375000000000000,-67.375000000000000,1
381,18738,67889,3.375000000000000,-67.375000000000000,1
382,18739,67890,1.375000000000000,-67.375000000000000,1
383,18740,67891,-0.625000000000000,-67.375000000000000,1
384,18741,67892,-2.625000000000000,-67.375000000000000,1
385,18742,67893,-4.625000000000000,-67.375000000000000,1
386,18743,67894,-6.625000000000000,-67.375000000000000,1
387,18744,67895,-8.625000000000000,-67.375000000000000,1
388,18745,67896,-10.625000000000000,-67.375000000000000,1
389,18746,67897,-12.625000000000000,-67.375000000000000,1
390,18747,67898,-14.625000000000000,-67.375000000000000,1
391,18748,67899,-16.625000000000000,-67.375000000000000,1
392,18772,67944,9.375000000000000,-67.125000000000000,1
393,18773,67945,7.375000000000000,-67.125000000000000,1
394,18774,67946,5.375000000000000,-67.125000000000000,1
395,18775,67947,3.375000000000000,-67.125000000000000,1
396,18776,67948,1.375000000000000,-67.125000000000000,1
397,18777,67949,-0.625000000000000,-67.125000000000000,1
398,18778,67950,-2.625000000000000,-67.125000000000000,1
399,18779,67951,-4.625000000000000,-67.125000000000000,1
400,18780,67952,-6.625000000000000,-67.125000000000000,1
401,18781,67953,-8.625000000000000,-67.125000000000000,1
402,18782,67954,-10.625000000000000,-67.125000000000000,1
403,18783,67955,-12.625000000000000,-67.125000000000000,1
404,18784,67956,-14.625000000000000,-67.125000000000000,1
405,18785,67957,-16.625000000000000,-67.125000000000000,1
406,18786,67958,-18.625000000000000,-67.125000000000000,1
407,18809,68002,9.375000000000000,-66.875000000000000,1
408,18810,68003,7.375000000000000,-66.875000000000000,1
409,18811,68004,5.375000000000000,-66.875000000000000,1
410,18812,68005,3.375000000000000,-66.875000000000000,1
411,18813,68006,1.375000000000000,-66.875000000000000,1
412,18814,68007,-0.625000000000000,-66.875000000000000,1
413,18815,68008,-2.625000000000000,-66.875000000000000,1
414,18816,68009,-4.625000000000000,-66.875000000000000,1
415,18817,68010,-6.625000000000000,-66.875000000000000,1
416,18818,68011,-8.625000000000000,-66.875000000000000,1
417,18819,68012,-10.625000000000000,-66.875000000000000,1
418,18820,68013,-12.625000000000000,-66.875000000000000,1
419,18821,68014,-14.625000000000000,-66.875000000000000,1
420,18822,68015,-16.625000000000000,-66.875000000000000,1
421,18823,68016,-18.625000000000000,-66.875000000000000,1
422,18846,68060,9.375000000000000,-66.625000000000000,1
423,18847,68061,7.375000000000000,-66.625000000000000,1
424,18848,68062,5.375000000000000,-66.625000000000000,1
425,18849,68063,3.375000000000000,-66.625000000000000,1
426,18850,68064,1.375000000000000,-66.625000000000000,1
427,18851,68065,-0.625000000000000,-66.625000000000000,1
428,18852,68066,-2.625000000000000,-66.625000000000000,1
429,18853,68067,-4.625000000000000,-66.625000000000000,1
430,18854,68068,-6.625000000000000,-66.625000000000000,1
431,18855,68069,-8.625000000000000,-66.625000000000000,1
432,18856,68070,-10.625000000000000,-66.625000000000000,1
433,18857,68071,-12.625000000000000,-66.625000000000000,1
434,18858,68072,-14.625000000000000,-66.625000000000000,1
435,18859,68073,-16.625000000000000,-66.625000000000000,1
436,18860,68074,-18.625000000000000,-66.625000000000000,1
437,18883,68118,9.375000000000000,-66.375000000000000,1
438,18884,68119,7.375000000000000,-66.375000000000000,1
439,18885,68120,5.375000000000000,-66.375000000000000,1
440,18886,68121,3.375000000000000,-66.375000000000000,1
441,18887,68122,1.375000000000000,-66.375000000000000,1
442,18888,68123,-0.625000000000000,-66.375000000000000,1
443,18889,68124,-2.625000000000000,-66.375000000000000,1
444,18890,68125,-4.625000000000000,-66.375000000000000,1
445,18891,68126,-6.625000000000000,-66.375000000000000,1
446,18892,68127,-8.625000000000000,-66.375000000000000,1
447,18893,68128,-10.625000000000000,-66.375000000000000,1
448,18894,68129,-12.625000000000000,-66.375000000000000,1
449,18895,68130,-14.625000000000000,-66.375000000000000,1
450,18896,68131,-16.625000000000000,-66.375000000000000,1
451,18897,68132,-18.625000000000000,-66.375000000000000,1
452,18918,68176,9.375000000000000,-66.125000000000000,1
453,18919,68177,7.375000000000000,-66.125000000000000,1
454,18920,68178,5.375000000000000,-66.125000000000000,1
455,18921,68179,3.375000000000000,-66.125000000000000,1
456,18922,68180,1.375000000000000,-66.125000000000000,1
457,18923,68181,-0.625000000000000,-66.125000000000000,1
458,18924,68182,-2.625000000000000,-66.125000000000000,1
459,18925,68183,-4.625000000000000,-66.125000000000000,1
460,18926,68184,-6.625000000000000,-66.125000000000000,1
461,18927,68185,-8.625000000000000,-66.125000000000000,1
462,18928,68186,-10.625000000000000,-66.125000000000000,1
463,18929,68187,-12.625000000000000,-66.125000000000000,1
464,18930,68188,-14.625000000000000,-66.125000000000000,1
465,18931,68189,-16.625000000000000,-66.125000000000000,1
466,18932,68190,-18.625000000000000,-66.125000000000000,1
467,18949,68234,9.375000000000000,-65.875000000000000,1
468,18950,68235,7.375000000000000,-65.875000000000000,1
469,18951,68236,5.375000000000000,-65.875000000000000,1
470,18952,68237,3.375000000000000,-65.875000000000000,1
471,18953,68238,1.375000000000000,-65.875000000000000,1
472,18954,68239,-0.625000000000000,-65.875000000000000,1
473,18955,68240,-2.625000000000000,-65.875000000000000,1
474,18956,68241,-4.625000000000000,-65.875000000000000,1
475,18957,68242,-6.625000000000000,-65.875000000000000,1
476,18958,68243,-8.625000000000000,-65.875000000000000,1
477,18959,68244,-10.625000000000000,-65.875000000000000,1
478,18960,68245,-12.625000000000000,-65.875000000000000,1
479,18961,68246,-14.625000000000000,-65.875000000000000,1
480,18962,68247,-16.625000000000000,-65.875000000000000,1
481,18963,68248,-18.625000000000000,-65.875000000000000,1
482,18980,68292,9.375000000000000,-65.625000000000000,1
483,18981,68293,7.375000000000000,-65.625000000000000,1
484,18982,68294,5.375000000000000,-65.625000000000000,1
485,18983,68295,3.375000000000000,-65.625000000000000,1
486,18984,68296,1.375000000000000,-65.625000000000000,1
487,18985,68297,-0.625000000000000,-65.625000000000000,1
488,18986,68298,-2.625000000000000,-65.625000000000000,1
489,18987,68299,-4.625000000000000,-65.625000000000000,1
490,18988,68300,-6.625000000000000,-65.625000000000000,1
491,18989,68301,-8.625000000000000,-65.625000000000000,1
492,18990,68302,-10.625000000000000,-65.625000000000000,1
493,18991,68303,-12.625000000000000,-65.625000000000000,1
494,18992,68304,-14.625000000000000,-65.625000000000000,1
495,18993,68305,-16.625000000000000,-65.625000000000000,1
496,18994,68306,-18.625000000000000,-65.625000000000000,1
497,19011,68350,9.375000000000000,-65.375000000000000,1
498,19012,68351,7.375000000000000,-65.375000000000000,1
499,19013,68352,5.375000000000000,-65.375000000000000,1
500,19014,68353,3.375000000000000,-65.375000000000000,1
501,19015,68354,1.375000000000000,-65.375000000000000,1
502,19016,68355,-0.625000000000000,-65.375000000000000,1
503,19017,68356,-2.625000000000000,-65.375000000000000,1
504,19018,68357,-4.625000000000000,-65.375000000000000,1
505,19019,68358,-6.625000000000000,-65.375000000000000,1
506,19020,68359,-8.625000000000000,-65.375000000000000,1
507,19021,68360,-10.625000000000000,-65.375000000000000,1
508,19022,68361,-12.625000000000000,-65.375000000000000,1
509,19023,68362,-14.625000000000000,-65.375000000000000,1
510,19024,68363,-16.625000000000000,-65.375000000000000,1
511,19025,68364,-18.625000000000000,-65.375000000000000,1
512,19042,68408,9.375000000000000,-65.125000000000000,1
513,19043,68409,7.375000000000000,-65.125000000000000,1
514,19044,68410,5.375000000000000,-65.125000000000000,1
515,19045,68411,3.375000000000000,-65.125000000000000,1
516,19046,68412,1.375000000000000,-65.125000000000000,1
517,19047,68413,-0.625000000000000,-65.125000000000000,1
518,19048,68414,-2.625000000000000,-65.125000000000000,1
519,19049,68415,-4.625000000000000,-65.125000000000000,1
520,19050,68416,-6.625000000000000,-65.125000000000000,1
521,19051,68417,-8.625000000000000,-65.125000000000000,1
522,19052,68418,-10.625000000000000,-65.125000000000000,1
523,19053,68419,-12.625000000000000,-65.125000000000000,1
524,19054,68420,-14.625000000000000,-65.125000000000000,1
525,19055,68421,-16.625000000000000,-65.125000000000000,1
526,19056,68422,-18.625000000000000,-65.125000000000000,1
527,19074,68466,9.375000000000000,-64.875000000000000,1
528,19075,68467,7.375000000000000,-64.875000000000000,1
529,19076,68468,5.375000000000000,-64.875000000000000,1
530,19077,68469,3.375000000000000,-64.875000000000000,1
531,19078,68470,1.375000000000000,-64.875000000000000,1
532,19079,68471,-0.625000000000000,-64.875000000000000,1
533,19080,68472,-2.625000000000000,-64.875000000000000,1
534,19081,68473,-4.625000000000000,-64.875000000000000,1
535,19082,68474,-6.625000000000000,-64.875000000000000,1
536,19083,68475,-8.625000000000000,-64.875000000000000,1
537,19084,68476,-10.625000000000000,-64.875000000000000,1
538,19085,68477,-12.625000000000000,-64.875000000000000,1
539,19086,68478,-14.625000000000000,-64.875000000000000,1
540,19087,68479,-16.625000000000000,-64.875000000000000,1
541,19088,68480,-18.625000000000000,-64.875000000000000,1
542,19105,68524,9.375000000000000,-64.625000000000000,1
543,19106,68525,7.375000000000000,-64.625000000000000,1
544,19107,68526,5.375000000000000,-64.625000000000000,1
545,19108,68527,3.375000000000000,-64.625000000000000,1
546,19109,68528,1.375000000000000,-64.625000000000000,1
547,19110,68529,-0.625000000000000,-64.625000000000000,1
548,19111,68530,-2.625000000000000,-64.625000000000000,1
549,19112,68531,-4.625000000000000,-64.625000000000000,1
550,19113,68532,-6.625000000000000,-64.625000000000000,1
551,19114,68533,-8.625000000000000,-64.625000000000000,1
552,19115,68534,-10.625000000000000,-64.625000000000000,1
553,19116,68535,-12.625000000000000,-64.625000000000000,1
554,19117,68536,-14.625000000000000,-64.625000000000000,1
555,19118,68537,-16.625000000000000,-64.625000000000000,1
556,19119,68538,-18.625000000000000,-64.625000000000000,1
557,19136,68582,9.375000000000000,-64.375000000000000,1
558,19137,68583,7.375000000000000,-64.375000000000000,1
559,19138,68584,5.375000000000000,-64.375000000000000,1
560,19139,68585,3.375000000000000,-64.375000000000000,1
561,19140,68586,1.375000000000000,-64.375000000000000,1
562,19141,68587,-0.625000000000000,-64.375000000000000,1
563,19142,68588,-2.625000000000000,-64.375000000000000,1
564,19143,68589,-4.625000000000000,-64.375000000000000,1
565,19144,68590,-6.625000000000000,-64.375000000000000,1
566,19145,68591,-8.625000000000000,-64.375000000000000,1
567,19146,68592,-10.625000000000000,-64.375000000000000,1
568,19147,68593,-12.625000000000000,-64.375000000000000,1
569,19148,68594,-14.625000000000000,-64.375000000000000,1
570,19149,68595,-16.625000000000000,-64.375000000000000,1
571,19150,68596,-18.625000000000000,-64.375000000000000,1
572,19167,68640,9.375000000000000,-64.125000000000000,1
573,19168,68641,7.375000000000000,-64.125000000000000,1
574,19169,68642,5.375000000000000,-64.125000000000000,1
575,19170,68643,3.375000000000000,-64.125000000000000,1
576,19171,68644,1.375000000000000,-64.125000000000000,1
577,19172,68645,-0.625000000000000,-64.125000000000000,1
578,19173,68646,-2.625000000000000,-64.125000000000000,1
579,19174,68647,-4.625000000000000,-64.125000000000000,1
580,19175,68648,-6.625000000000000,-64.125000000000000,1
581,19176,68649,-8.625000000000000,-64.125000000000000,1
582,19177,68650,-10.625000000000000,-64.125000000000000,1
583,19178,68651,-12.625000000000000,-64.125000000000000,1
584,19179,68652,-14.625000000000000,-64.125000000000000,1
585,19180,68653,-16.625000000000000,-64.125000000000000,1
586,19181,68654,-18.625000000000000,-64.125000000000000,1
587,19198,68698,9.375000000000000,-63.875000000000000,1
588,19199,68699,7.375000000000000,-63.875000000000000,1
589,19200,68700,5.375000000000000,-63.875000000000000,1
590,19201,68701,3.375000000000000,-63.875000000000000,1
591,19202,68702,1.375000000000000,-63.875000000000000,1
592,19203,68703,-0.625000000000000,-63.875000000000000,1
593,19204,68704,-2.625000000000000,-63.875000000000000,1
594,19205,68705,-4.625000000000000,-63.875000000000000,1
595,19206,68706,-6.625000000000000,-63.875000000000000,1
596,19207,68707,-8.625000000000000,-63.875000000000000,1
597,19208,68708,-10.625000000000000,-63.875000000000000,1
598,19209,68709,-12.625000000000000,-63.875000000000000,1
599,19210,68710,-14.625000000000000,-63.875000000000000,1
600,19211,68711,-16.625000000000000,-63.875000000000000,1
601,19212,68712,-18.625000000000000,-63.875000000000000,1
602,19228,68756,9.375000000000000,-63.625000000000000,1
603,19229,68757,7.375000000000000,-63.625000000000000,1
604,19230,68758,5.375000000000000,-63.625000000000000,1
605,19231,68759,3.375000000000000,-63.625000000000000,1
606,19232,68760,1.375000000000000,-63.625000000000000,1
607,19233,68761,-0.625000000000000,-63.625000000000000,1
608,19234,68762,-2.625000000000000,-63.625000000000000,1
609,19235,68763,-4.625000000000000,-63.625000000000000,1
610,19236,68764,-6.625000000000000,-63.625000000000000,1
611,19237,68765,-8.625000000000000,-63.625000000000000,1
612,19238,68766,-10.625000000000000,-63.625000000000000,1
613,19239,68767,-12.625000000000000,-63.625000000000000,1
614,19240,68768,-14.625000000000000,-63.625000000000000,1
615,19241,68769,-16.625000000000000,-63.625000000000000,1
616,19242,68770,-18.625000000000000,-63.625000000000000,1
617,19260,68814,9.375000000000000,-63.375000000000000,1
618,19261,68815,7.375000000000000,-63.375000000000000,1
619,19262,68816,5.375000000000000,-63.375000000000000,1
620,19263,68817,3.375000000000000,-63.375000000000000,1
621,19264,68818,1.375000000000000,-63.375000000000000,1
622,19265,68819,-0.625000000000000,-63.375000000000000,1
623,19266,68820,-2.625000000000000,-63.375000000000000,1
624,19267,68821,-4.625000000000000,-63.375000000000000,1
625,19268,68822,-6.625000000000000,-63.375000000000000,1
626,19269,68823,-8.625000000000000,-63.375000000000000,1
627,19270,68824,-10.625000000000000,-63.375000000000000,1
628,19271,68825,-12.625000000000000,-63.375000000000000,1
629,19272,68826,-14.625000000000000,-63.375000000000000,1
630,19273,68827,-16.625000000000000,-63.375000000000000,1
631,19274,68828,-18.625000000000000,-63.375000000000000,1
632,19292,68872,9.375000000000000,-63.125000000000000,1
633,19293,68873,7.375000000000000,-63.125000000000000,1
634,19294,68874,5.375000000000000,-63.125000000000000,1
635,19295,68875,3.375000000000000,-63.125000000000000,1
636,19296,68876,1.375000000000000,-63.125000000000000,1
637,19297,68877,-0.625000000000000,-63.125000000000000,1
638,19298,68878,-2.625000000000000,-63.125000000000000,1
639,19299,68879,-4.625000000000000,-63.125000000000000,1
640,19300,68880,-6.625000000000000,-63.125000000000000,1
641,19301,68881,-8.625000000000000,-63.125000000000000,1
642,19302,68882,-10.625000000000000,-63.125000000000000,1
643,19303,68883,-12.625000000000000,-63.125000000000000,1
644,19304,68884,-14.625000000000000,-63.125000000000000,1
645,19305,68885,-16.625000000000000,-63.125000000000000,1
646,19306,68886,-18.625000000000000,-63.125000000000000,1
647,19324,68930,9.375000000000000,-62.875000000000000,1
648,19325,68931,7.375000000000000,-62.875000000000000,1
649,19326,68932,5.375000000000000,-62.875000000000000,1
650,19327,68933,3.375000000000000,-62.875000000000000,1
651,19328,68934,1.375000000000000,-62.875000000000000,1
652,19329,68935,-0.625000000000000,-62.875000000000000,1
653,19330,68936,-2.625000000000000,-62.875000000000000,1
654,19331,68937,-4.625000000000000,-62.875000000000000,1
655,19332,68938,-6.625000000000000,-62.875000000000000,1
656,19333,68939,-8.625000000000000,-62.875000000000000,1
657,19334,68940,-10.625000000000000,-62.875000000000000,1
658,19335,68941,-12.625000000000000,-62.875000000000000,1
659,19336,68942,-14.625000000000000,-62.875000000000000,1
660,19337,68943,-16.625000000000000,-62.875000000000000,1
661,19338,68944,-18.625000000000000,-62.875000000000000,1
662,19356,68988,9.375000000000000,-62.625000000000000,1
663,19357,68989,7.375000000000000,-62.625000000000000,1
664,19358,68990,5.375000000000000,-62.625000000000000,1
665,19359,68991,3.375000000000000,-62.625000000000000,1
666,19360,68992,1.375000000000000,-62.625000000000000,1
667,19361,68993,-0.625000000000000,-62.625000000000000,1
668,19362,68994,-2.625000000000000,-62.625000000000000,1
669,19363,68995,-4.625000000000000,-62.625000000000000,1
670,19364,68996,-6.625000000000000,-62.625000000000000,1
671,19365,68997,-8.625000000000000,-62.625000000000000,1
672,19366,68998,-10.625000000000000,-62.625000000000000,1
673,19367,68999,-12.625000000000000,-62.625000000000000,1
674,19368,69000,-14.625000000000000,-62.625000000000000,1
675,19369,69001,-16.625000000000000,-62.625000000000000,1
676,19370,69002,-18.625000000000000,-62.625000000000000,1
677,19388,69046,9.375000000000000,-62.375000000000000,1
678,19389,69047,7.375000000000000,-62.375000000000000,1
679,19390,69048,5.375000000000000,-62.375000000000000,1
680,19391,69049,3.375000000000000,-62.375000000000000,1
681,19392,69050,1.375000000000000,-62.375000000000000,1
682,19393,69051,-0.625000000000000,-62.375000000000000,1
683,19394,69052,-2.625000000000000,-62.375000000000000,1
684,19395,69053,-4.625000000000000,-62.375000000000000,1
685,19396,69054,-6.625000000000000,-62.375000000000000,1
686,19397,69055,-8.625000000000000,-62.375000000000000,1
687,19398,69056,-10.625000000000000,-62.375000000000000,1
688,19399,69057,-12.625000000000000,-62.375000000000000,1
689,19400,69058,-14.625000000000000,-62.375000000000000,1
690,19401,69059,-16.625000000000000,-62.375000000000000,1
691,19402,69060,-18.625000000000000,-62.375000000000000,1
692,19420,69104,9.375000000000000,-62.125000000000000,1
693,19421,69105,7.375000000000000,-62.125000000000000,1
694,19422,69106,5.375000000000000,-62.125000000000000,1
695,19423,69107,3.375000000000000,-62.125000000000000,1
696,19424,69108,1.375000000000000,-62.125000000000000,1
697,19425,69109,-0.625000000000000,-62.125000000000000,1
698,19426,69110,-2.625000000000000,-62.125000000000000,1
699,19427,69111,-4.625000000000000,-62.125000000000000,1
700,19428,69112,-6.625000000000000,-62.125000000000000,1
701,19429,69113,-8.625000000000000,-62.125000000000000,1
702,19430,69114,-10.625000000000000,-62.125000000000000,1
703,19431,69115,-12.625000000000000,-62.125000000000000,1
704,19432,69116,-14.625000000000000,-62.125000000000000,1
705,19433,69117,-16.625000000000000,-62.125000000000000,1
706,19434,69118,-18.625000000000000,-62.125000000000000,1
707,19451,69162,9.375000000000000,-61.875000000000000,1
708,19452,69163,7.375000000000000,-61.875000000000000,1
709,19453,69164,5.375000000000000,-61.875000000000000,1
710,19454,69165,3.375000000000000,-61.875000000000000,1
711,19455,69166,1.375000000000000,-61.875000000000000,1
712,19456,69167,-0.625000000000000,-61.875000000000000,1
713,19457,69168,-2.625000000000000,-61.875000000000000,1
714,19458,69169,-4.625000000000000,-61.875000000000000,1
715,19459,69170,-6.625000000000000,-61.875000000000000,1
716,19460,69171,-8.625000000000000,-61.875000000000000,1
717,19461,69172,-10.625000000000000,-61.875000000000000,1
718,19462,69173,-12.625000000000000,-61.875000000000000,1
719,19463,69174,-14.625000000000000,-61.875000000000000,1
720,19464,69175,-16.625000000000000,-61.875000000000000,1
721,19465,69176,-18.625000000000000,-61.875000000000000,1
722,19481,69220,9.375000000000000,-61.625000000000000,1
723,19482,69221,7.375000000000000,-61.625000000000000,1
724,19483,69222,5.375000000000000,-61.625000000000000,1
725,19484,69223,3.375000000000000,-61.625000000000000,1
726,19485,69224,1.375000000000000,-61.625000000000000,1
727,19486,69225,-0.625000000000000,-61.625000000000000,1
728,19487,69226,-2.625000000000000,-61.625000000000000,1
729,19488,69227,-4.625000000000000,-61.625000000000000,1
730,19489,69228,-6.625000000000000,-61.625000000000000,1
731,19490,69229,-8.625000000000000,-61.625000000000000,1
732,19491,69230,-10.625000000000000,-61.625000000000000,1
733,19492,69231,-12.625000000000000,-61.625000000000000,1
734,19493,69232,-14.625000000000000,-61.625000000000000,1
735,19494,69233,-16.625000000000000,-61.625000000000000,1
736,19495,69234,-18.625000000000000,-61.625000000000000,1
737,19510,69278,9.375000000000000,-61.375000000000000,1
738,19511,69279,7.375000000000000,-61.375000000000000,1
739,19512,69280,5.375000000000000,-61.375000000000000,1
740,19513,69281,3.375000000000000,-61.375000000000000,1
741,19514,69282,1.375000000000000,-61.375000000000000,1
742,19515,69283,-0.625000000000000,-61.375000000000000,1
743,19516,69284,-2.625000000000000,-61.375000000000000,1
744,19517,69285,-4.625000000000000,-61.375000000000000,1
745,19518,69286,-6.625000000000000,-61.375000000000000,1
746,19519,69287,-8.625000000000000,-61.375000000000000,1
747,19520,69288,-10.625000000000000,-61.375000000000000,1
748,19521,69289,-12.625000000000000,-61.375000000000000,1
749,19522,69290,-14.625000000000000,-61.375000000000000,1
750,19523,69291,-16.625000000000000,-61.375000000000000,1
751,19524,69292,-18.625000000000000,-61.375000000000000,1
752,19538,69337,7.375000000000000,-61.125000000000000,1
753,19539,69338,5.375000000000000,-61.125000000000000,1
754,19540,69339,3.375000000000000,-61.125000000000000,1
755,19541,69340,1.375000000000000,-61.125000000000000,1
756,19542,69341,-0.625000000000000,-61.125000000000000,1
757,19543,69342,-2.625000000000000,-61.125000000000000,1
758,19544,69343,-4.625000000000000,-61.125000000000000,1
759,19545,69344,-6.625000000000000,-61.125000000000000,1
760,19546,69345,-8.625000000000000,-61.125000000000000,1
761,19547,69346,-10.625000000000000,-61.125000000000000,1
762,19548,69347,-12.625000000000000,-61.125000000000000,1
763,19549,69348,-14.625000000000000,-61.125000000000000,1
764,19550,69349,-16.625000000000000,-61.125000000000000,1
765,19551,69350,-18.625000000000000,-61.125000000000000,1
766,19564,69395,7.375000000000000,-60.875000000000000,1
767,19565,69396,5.375000000000000,-60.875000000000000,1
768,19566,69397,3.375000000000000,-60.875000000000000,1
769,19567,69398,1.375000000000000,-60.875000000000000,1
770,19568,69399,-0.625000000000000,-60.875000000000000,1
771,19569,69400,-2.625000000000000,-60.875000000000000,1
772,19570,69401,-4.625000000000000,-60.875000000000000,1
773,19571,69402,-6.625000000000000,-60.875000000000000,1
774,19572,69403,-8.625000000000000,-60.875000000000000,1
775,19573,69404,-10.625000000000000,-60.875000000000000,1
776,19574,69405,-12.625000000000000,-60.875000000000000,1
777,19575,69406,-14.625000000000000,-60.875000000000000,1
778,19576,69407,-16.625000000000000,-60.875000000000000,1
779,19577,69408,-18.625000000000000,-60.875000000000000,1
780,19590,69453,7.375000000000000,-60.625000000000000,1
781,19591,69454,5.375000000000000,-60.625000000000000,1
782,19592,69455,3.375000000000000,-60.625000000000000,1
783,19593,69456,1.375000000000000,-60.625000000000000,1
784,19594,69457,-0.625000000000000,-60.625000000000000,1
785,19595,69458,-2.625000000000000,-60.625000000000000,1
786,19596,69459,-4.625000000000000,-60.625000000000000,1
787,19597,69460,-6.625000000000000,-60.625000000000000,1
788,19598,69461,-8.625000000000000,-60.625000000000000,1
789,19599,69462,-10.625000000000000,-60.625000000000000,1
790,19600,69463,-12.625000000000000,-60.625000000000000,1
791,19601,69464,-14.625000000000000,-60.625000000000000,1
792,19602,69465,-16.625000000000000,-60.625000000000000,1
793,19603,69466,-18.625000000000000,-60.625000000000000,1
794,19616,69511,7.375000000000000,-60.375000000000000,1
795,19617,69512,5.375000000000000,-60.375000000000000,1
796,19618,69513,3.375000000000000,-60.375000000000000,1
797,19619,69514,1.375000000000000,-60.375000000000000,1
798,19620,69515,-0.625000000000000,-60.375000000000000,1
799,19621,69516,-2.625000000000000,-60.375000000000000,1
800,19622,69517,-4.625000000000000,-60.375000000000000,1
801,19623,69518,-6.625000000000000,-60.375000000000000,1
802,19624,69519,-8.625000000000000,-60.375000000000000,1
803,19625,69520,-10.625000000000000,-60.375000000000000,1
804,19626,69521,-12.625000000000000,-60.375000000000000,1
805,19627,69522,-14.625000000000000,-60.375000000000000,1
806,19628,69523,-16.625000000000000,-60.375000000000000,1
807,19629,69524,-18.625000000000000,-60.375000000000000,1
808,19641,69569,7.375000000000000,-60.125000000000000,1
809,19642,69570,5.375000000000000,-60.125000000000000,1
810,19643,69571,3.375000000000000,-60.125000000000000,1
811,19644,69572,1.375000000000000,-60.125000000000000,1
812,19645,69573,-0.625000000000000,-60.125000000000000,1
813,19646,69574,-2.625000000000000,-60.125000000000000,1
814,19647,69575,-4.625000000000000,-60.125000000000000,1
815,19648,69576,-6.625000000000000,-60.125000000000000,1
816,19649,69577,-8.625000000000000,-60.125000000000000,1
817,19650,69578,-10.625000000000000,-60.125000000000000,1
818,19651,69579,-12.625000000000000,-60.125000000000000,1
819,19652,69580,-14.625000000000000,-60.125000000000000,1
820,19653,69581,-16.625000000000000,-60.125000000000000,1
821,19654,69582,-18.625000000000000,-60.125000000000000,1
822,19667,69627,7.375000000000000,-59.875000000000000,1
823,19668,69628,5.375000000000000,-59.875000000000000,1
824,19669,69629,3.375000000000000,-59.875000000000000,1
825,19670,69630,1.375000000000000,-59.875000000000000,1
826,19671,69631,-0.625000000000000,-59.875000000000000,1
827,19672,69632,-2.625000000000000,-59.875000000000000,1
828,19673,69633,-4.625000000000000,-59.875000000000000,1
829,19674,69634,-6.625000000000000,-59.875000000000000,1
830,19675,69635,-8.625000000000000,-59.875000000000000,1
831,19676,69636,-10.625000000000000,-59.875000000000000,1
832,19677,69637,-12.625000000000000,-59.875000000000000,1
833,19678,69638,-14.625000000000000,-59.875000000000000,1
834,19679,69639,-16.625000000000000,-59.875000000000000,1
835,19680,69640,-18.625000000000000,-59.875000000000000,1
836,19693,69685,7.375000000000000,-59.625000000000000,1
837,19694,69686,5.375000000000000,-59.625000000000000,1
838,19695,69687,3.375000000000000,-59.625000000000000,1
839,19696,69688,1.375000000000000,-59.625000000000000,1
840,19697,69689,-0.625000000000000,-59.625000000000000,1
841,19698,69690,-2.625000000000000,-59.625000000000000,1
842,19699,69691,-4.625000000000000,-59.625000000000000,1
843,19700,69692,-6.625000000000000,-59.625000000000000,1
844,19701,69693,-8.625000000000000,-59.625000000000000,1
845,19702,69694,-10.625000000000000,-59.625000000000000,1
846,19703,69695,-12.625000000000000,-59.625000000000000,1
847,19704,69696,-14.625000000000000,-59.625000000000000,1
848,19705,69697,-16.625000000000000,-59.625000000000000,1
849,19706,69698,-18.625000000000000,-59.625000000000000,1
850,19719,69743,7.375000000000000,-59.375000000000000,1
851,19720,69744,5.375000000000000,-59.375000000000000,1
852,19721,69745,3.375000000000000,-59.375000000000000,1
853,19722,69746,1.375000000000000,-59.375000000000000,1
854,19723,69747,-0.625000000000000,-59.375000000000000,1
855,19724,69748,-2.625000000000000,-59.375000000000000,1
856,19725,69749,-4.625000000000000,-59.375000000000000,1
857,19726,69750,-6.625000000000000,-59.375000000000000,1
858,19727,69751,-8.625000000000000,-59.375000000000000,1
859,19728,69752,-10.625000000000000,-59.375000000000000,1
860,19729,69753,-12.625000000000000,-59.375000000000000,1
861,19730,69754,-14.625000000000000,-59.375000000000000,1
862,19731,69755,-16.625000000000000,-59.375000000000000,1
863,19732,69756,-18.625000000000000,-59.375000000000000,1
864,19745,69801,7.375000000000000,-59.125000000000000,1
865,19746,69802,5.375000000000000,-59.125000000000000,1
866,19747,69803,3.375000000000000,-59.125000000000000,1
867,19748,69804,1.375000000000000,-59.125000000000000,1
868,19749,69805,-0.625000000000000,-59.125000000000000,1
869,19750,69806,-2.625000000000000,-59.125000000000000,1
870,19751,69807,-4.625000000000000,-59.125000000000000,1
871,19752,69808,-6.625000000000000,-59.125000000000000,1
872,19753,69809,-8.625000000000000,-59.125000000000000,1
873,19754,69810,-10.625000000000000,-59.125000000000000,1
874,19755,69811,-12.625000000000000,-59.125000000000000,1
875,19756,69812,-14.625000000000000,-59.125000000000000,1
876,19757,69813,-16.625000000000000,-59.125000000000000,1
877,19758,69814,-18.625000000000000,-59.125000000000000,1
878,19771,69859,7.375000000000000,-58.875000000000000,1
879,19772,69860,5.375000000000000,-58.875000000000000,1
880,19773,69861,3.375000000000000,-58.875000000000000,1
881,19774,69862,1.375000000000000,-58.875000000000000,1
882,19775,69863,-0.625000000000000,-58.875000000000000,1
883,19776,69864,-2.625000000000000,-58.875000000000000,1
884,19777,69865,-4.625000000000000,-58.875000000000000,1
885,19778,69866,-6.625000000000000,-58.875000000000000,1
886,19779,69867,-8.625000000000000,-58.875000000000000,1
887,19780,69868,-10.625000000000000,-58.875000000000000,1
888,19781,69869,-12.625000000000000,-58.875000000000000,1
889,19782,69870,-14.625000000000000,-58.875000000000000,1
890,19783,69871,-16.625000000000000,-58.875000000000000,1
891,19784,69872,-18.625000000000000,-58.875000000000000,1
892,19797,69918,5.375000000000000,-58.625000000000000,1
893,19798,69919,3.375000000000000,-58.625000000000000,1
894,19799,69920,1.375000000000000,-58.625000000000000,1
895,19800,69921,-0.625000000000000,-58.625000000000000,1
896,19801,69922,-2.625000000000000,-58.625000000000000,1
897,19802,69923,-4.625000000000000,-58.625000000000000,1
898,19803,69924,-6.625000000000000,-58.625000000000000,1
899,19804,69925,-8.625000000000000,-58.625000000000000,1
900,19805,69926,-10.625000000000000,-58.625000000000000,1
901,19806,69927,-12.625000000000000,-58.625000000000000,1
902,19807,69928,-14.625000000000000,-58.625000000000000,1
903,19808,69929,-16.625000000000000,-58.625000000000000,1
904,19809,69930,-18.625000000000000,-58.625000000000000,1
905,19822,69976,5.375000000000000,-58.375000000000000,1
906,19823,69977,3.375000000000000,-58.375000000000000,1
907,19824,69978,1.375000000000000,-58.375000000000000,1
908,19825,69979,-0.625000000000000,-58.375000000000000,1
909,19826,69980,-2.625000000000000,-58.375000000000000,1
910,19827,69981,-4.625000000000000,-58.375000000000000,1
911,19828,69982,-6.625000000000000,-58.375000000000000,1
912,19829,69983,-8.625000000000000,-58.375000000000000,1
913,19830,69984,-10.625000000000000,-58.375000000000000,1
914,19831,69985,-12.625000000000000,-58.375000000000000,1
915,19832,69986,-14.625000000000000,-58.375000000000000,1
916,19833,69987,-16.625000000000000,-58.375000000000000,1
917,19834,69988,-18.625000000000000,-58.375000000000000,1
918,19848,70034,5.375000000000000,-58.125000000000000,1
919,19849,70035,3.375000000000000,-58.125000000000000,1
920,19850,70036,1.375000000000000,-58.125000000000000,1
921,19851,70037,-0.625000000000000,-58.125000000000000,1
922,19852,70038,-2.625000000000000,-58.125000000000000,1
923,19853,70039,-4.625000000000000,-58.125000000000000,1
924,19854,70040,-6.625000000000000,-58.125000000000000,1
925,19855,70041,-8.625000000000000,-58.125000000000000,1
926,19856,70042,-10.625000000000000,-58.125000000000000,1
927,19857,70043,-12.625000000000000,-58.125000000000000,1
928,19858,70044,-14.625000000000000,-58.125000000000000,1
929,19859,70045,-16.625000000000000,-58.125000000000000,1
930,19860,70046,-18.625000000000000,-58.125000000000000,1
931,19873,70092,5.375000000000000,-57.875000000000000,1
932,19874,70093,3.375000000000000,-57.875000000000000,1
933,19875,70094,1.375000000000000,-57.875000000000000,1
934,19876,70095,-0.625000000000000,-57.875000000000000,1
935,19877,70096,-2.625000000000000,-57.875000000000000,1
936,19878,70097,-4.625000000000000,-57.875000000000000,1
937,19879,70098,-6.625000000000000,-57.875000000000000,1
938,19880,70099,-8.625000000000000,-57.875000000000000,1
939,19881,70100,-10.625000000000000,-57.875000000000000,1
940,19882,70101,-12.625000000000000,-57.875000000000000,1
941,19883,70102,-14.625000000000000,-57.875000000000000,1
942,19884,70103,-16.625000000000000,-57.875000000000000,1
943,19885,70104,-18.625000000000000,-57.875000000000000,1
944,19898,70150,5.375000000000000,-57.625000000000000,1
945,19899,70151,3.375000000000000,-57.625000000000000,1
946,19900,70152,1.375000000000000,-57.625000000000000,1
947,19901,70153,-0.625000000000000,-57.625000000000000,1
948,19902,70154,-2.625000000000000,-57.625000000000000,1
949,19903,70155,-4.625000000000000,-57.625000000000000,1
950,19904,70156,-6.625000000000000,-57.625000000000000,1
951,19905,70157,-8.625000000000000,-57.625000000000000,1
952,19906,70158,-10.625000000000000,-57.625000000000000,1
953,19907,70159,-12.625000000000000,-57.625000000000000,1
954,19908,70160,-14.625000000000000,-57.625000000000000,1
955,19909,70161,-16.625000000000000,-57.625000000000000,1
956,19910,70162,-18.625000000000000,-57.625000000000000,1
957,19923,70208,5.375000000000000,-57.375000000000000,1
958,19924,70209,3.375000000000000,-57.375000000000000,1
959,19925,70210,1.375000000000000,-57.375000000000000,1
960,19926,70211,-0.625000000000000,-57.375000000000000,1
961,19927,70212,-2.625000000000000,-57.375000000000000,1
962,19928,70213,-4.625000000000000,-57.375000000000000,1
963,19929,70214,-6.625000000000000,-57.375000000000000,1
964,19930,70215,-8.625000000000000,-57.375000000000000,1
965,19931,70216,-10.625000000000000,-57.375000000000000,1
966,19932,70217,-12.625000000000000,-57.375000000000000,1
967,19933,70218,-14.625000000000000,-57.375000000000000,1
968,19934,70219,-16.625000000000000,-57.375000000000000,1
969,19935,70220,-18.625000000000000,-57.375000000000000,1
970,19948,70266,5.375000000000000,-57.125000000000000,1
971,19949,70267,3.375000000000000,-57.125000000000000,1
972,19950,70268,1.375000000000000,-57.125000000000000,1
973,19951,70269,-0.625000000000000,-57.125000000000000,1
974,19952,70270,-2.625000000000000,-57.125000000000000,1
975,19953,70271,-4.625000000000000,-57.125000000000000,1
976,19954,70272,-6.625000000000000,-57.125000000000000,1
977,19955,70273,-8.625000000000000,-57.125000000000000,1
978,19956,70274,-10.625000000000000,-57.125000000000000,1
979,19957,70275,-12.625000000000000,-57.125000000000000,1
980,19958,70276,-14.625000000000000,-57.125000000000000,1
981,19959,70277,-16.625000000000000,-57.125000000000000,1
982,19960,70278,-18.625000000000000,-57.125000000000000,1
983,19973,70324,5.375000000000000,-56.875000000000000,1
984,19974,70325,3.375000000000000,-56.875000000000000,1
985,19975,70326,1.375000000000000,-56.875000000000000,1
986,19976,70327,-0.625000000000000,-56.875000000000000,1
987,19977,70328,-2.625000000000000,-56.875000000000000,1
988,19978,70329,-4.625000000000000,-56.875000000000000,1
989,19979,70330,-6.625000000000000,-56.875000000000000,1
990,19980,70331,-8.625000000000000,-56.875000000000000,1
991,19981,70332,-10.625000000000000,-56.875000000000000,1
992,19982,70333,-12.625000000000000,-56.875000000000000,1
993,19983,70334,-14.625000000000000,-56.875000000000000,1
994,19984,70335,-16.625000000000000,-56.875000000000000,1
995,19985,70336,-18.625000000000000,-56.875000000000000,1
996,19998,70382,5.375000000000000,-56.625000000000000,1
997,19999,70383,3.375000000000000,-56.625000000000000,1
998,20000,70384,1.375000000000000,-56.625000000000000,1
999,20001,70385,-0.625000000000000,-56.625000000000000,1
1000,20002,70386,-2.625000000000000,-56.625000000000000,1
1001,20003,70387,-4.625000000000000,-56.625000000000000,1
1002,20004,70388,-6.625000000000000,-56.625000000000000,1
1003,20005,70389,-8.625000000000000,-56.625000000000000,1
1004,20006,70390,-10.625000000000000,-56.625000000000000,1
1005,20007,70391,-12.625000000000000,-56.625000000000000,1
1006,20008,70392,-14.625000000000000,-56.625000000000000,1
1007,20009,70393,-16.625000000000000,-56.625000000000000,1
1008,20010,70394,-18.625000000000000,-56.625000000000000,1
1009,20024,70440,5.375000000000000,-56.375000000000000,1
1010,20025,70441,3.375000000000000,-56.375000000000000,1
1011,20026,70442,1.375000000000000,-56.375000000000000,1
1012,20027,70443,-0.625000000000000,-56.375000000000000,1
1013,20028,70444,-2.625000000000000,-56.375000000000000,1
1014,20029,70445,-4.625000000000000,-56.375000000000000,1
1015,20030,70446,-6.625000000000000,-56.375000000000000,1
1016,20031,70447,-8.625000000000000,-56.375000000000000,1
1017,20032,70448,-10.625000000000000,-56.375000000000000,1
1018,20033,70449,-12.625000000000000,-56.375000000000000,1
1019,20034,70450,-14.625000000000000,-56.375000000000000,1
1020,20035,70451,-16.625000000000000,-56.375000000000000,1
1021,20036,70452,-18.625000000000000,-56.375000000000000,1
1022,20047,70498,5.375000000000000,-56.125000000000000,1
1023,20048,70499,3.375000000000000,-56.125000000000000,1
1024,20049,70500,1.375000000000000,-56.125000000000000,1
1025,20050,70501,-0.625000000000000,-56.125000000000000,1
1026,20051,70502,-2.625000000000000,-56.125000000000000,1
1027,20052,70503,-4.625000000000000,-56.125000000000000,1
1028,20053,70504,-6.625000000000000,-56.125000000000000,1
1029,20054,70505,-8.625000000000000,-56.125000000000000,1
1030,20055,70506,-10.625000000000000,-56.125000000000000,1
1031,20056,70507,-12.625000000000000,-56.125000000000000,1
1032,20057,70508,-14.625000000000000,-56.125000000000000,1
1033,20058,70509,-16.625000000000000,-56.125000000000000,1
1034,20059,70510,-18.625000000000000,-56.125000000000000,1
1035,20067,70556,5.375000000000000,-55.875000000000000,1
1036,20068,70557,3.375000000000000,-55.875000000000000,1
1037,20069,70558,1.375000000000000,-55.875000000000000,1
1038,20070,70559,-0.625000000000000,-55.875000000000000,1
1039,20071,70560,-2.625000000000000,-55.875000000000000,1
1040,20072,70561,-4.625000000000000,-55.875000000000000,1
1041,20073,70562,-6.625000000000000,-55.875000000000000,1
1042,20074,70563,-8.625000000000000,-55.875000000000000,1
1043,20075,70564,-10.625000000000000,-55.875000000000000,1
1044,20076,70565,-12.625000000000000,-55.875000000000000,1
1045,20077,70566,-14.625000000000000,-55.875000000000000,1
1046,20078,70567,-16.625000000000000,-55.875000000000000,1
1047,20079,70568,-18.625000000000000,-55.875000000000000,1
1048,20087,70614,5.375000000000000,-55.625000000000000,1
1049,20088,70615,3.375000000000000,-55.625000000000000,1
1050,20089,70616,1.375000000000000,-55.625000000000000,1
1051,20090,70617,-0.625000000000000,-55.625000000000000,1
1052,20091,70618,-2.625000000000000,-55.625000000000000,1
1053,20092,70619,-4.625000000000000,-55.625000000000000,1
1054,20093,70620,-6.625000000000000,-55.625000000000000,1
1055,20094,70621,-8.625000000000000,-55.625000000000000,1
1056,20095,70622,-10.625000000000000,-55.625000000000000,1
1057,20096,70623,-12.625000000000000,-55.625000000000000,1
1058,20097,70624,-14.625000000000000,-55.625000000000000,1
1059,20098,70625,-16.625000000000000,-55.625000000000000,1
1060,20099,70626,-18.625000000000000,-55.625000000000000,1
1061,20107,70672,5.375000000000000,-55.375000000000000,1
1062,20108,70673,3.375000000000000,-55.375000000000000,1
1063,20109,70674,1.375000000000000,-55.375000000000000,1
1064,20110,70675,-0.625000000000000,-55.375000000000000,1
1065,20111,70676,-2.625000000000000,-55.375000000000000,1
1066,20112,70677,-4.625000000000000,-55.375000000000000,1
1067,20113,70678,-6.625000000000000,-55.375000000000000,1
1068,20114,70679,-8.625000000000000,-55.375000000000000,1
1069,20115,70680,-10.625000000000000,-55.375000000000000,1
1070,20116,70681,-12.625000000000000,-55.375000000000000,1
1071,20117,70682,-14.625000000000000,-55.375000000000000,1
1072,20118,70683,-16.625000000000000,-55.375000000000000,1
1073,20119,70684,-18.625000000000000,-55.375000000000000,1
1074,20128,70730,5.375000000000000,-55.125000000000000,1
1075,20129,70731,3.375000000000000,-55.125000000000000,1
1076,20130,70732,1.375000000000000,-55.125000000000000,1
1077,20131,70733,-0.625000000000000,-55.125000000000000,1
1078,20132,70734,-2.625000000000000,-55.125000000000000,1
1079,20133,70735,-4.625000000000000,-55.125000000000000,1
1080,20134,70736,-6.625000000000000,-55.125000000000000,1
1081,20135,70737,-8.625000000000000,-55.125000000000000,1
1082,20136,70738,-10.625000000000000,-55.125000000000000,1
1083,20137,70739,-12.625000000000000,-55.125000000000000,1
1084,20138,70740,-14.625000000000000,-55.125000000000000,1
1085,20139,70741,-16.625000000000000,-55.125000000000000,1
1086,20140,70742,-18.625000000000000,-55.125000000000000,1
1087,20149,70788,5.375000000000000,-54.875000000000000,1
1088,20150,70789,3.375000000000000,-54.875000000000000,1
1089,20151,70790,1.375000000000000,-54.875000000000000,1
1090,20152,70791,-0.625000000000000,-54.875000000000000,1
1091,20153,70792,-2.625000000000000,-54.875000000000000,1
1092,20154,70793,-4.625000000000000,-54.875000000000000,1
1093,20155,70794,-6.625000000000000,-54.875000000000000,1
1094,20156,70795,-8.625000000000000,-54.875000000000000,1
1095,20157,70796,-10.625000000000000,-54.875000000000000,1
1096,20158,70797,-12.625000000000000,-54.875000000000000,1
1097,20159,70798,-14.625000000000000,-54.875000000000000,1
1098,20160,70799,-16.625000000000000,-54.875000000000000,1
1099,20161,70800,-18.625000000000000,-54.875000000000000,1
1100,20169,70846,5.375000000000000,-54.625000000000000,1
1101,20170,70847,3.375000000000000,-54.625000000000000,1
1102,20171,70848,1.375000000000000,-54.625000000000000,1
1103,20172,70849,-0.625000000000000,-54.625000000000000,1
1104,20173,70850,-2.625000000000000,-54.625000000000000,1
1105,20174,70851,-4.625000000000000,-54.625000000000000,1
1106,20175,70852,-6.625000000000000,-54.625000000000000,1
1107,20176,70853,-8.625000000000000,-54.625000000000000,1
1108,20177,70854,-10.625000000000000,-54.625000000000000,1
1109,20178,70855,-12.625000000000000,-54.625000000000000,1
1110,20179,70856,-14.625000000000000,-54.625000000000000,1
1111,20180,70857,-16.625000000000000,-54.625000000000000,1
1112,20181,70858,-18.625000000000000,-54.625000000000000,1
1113,20189,70904,5.375000000000000,-54.375000000000000,1
1114,20190,70905,3.375000000000000,-54.375000000000000,1
1115,20191,70906,1.375000000000000,-54.375000000000000,1
1116,20192,70907,-0.625000000000000,-54.375000000000000,1
1117,20193,70908,-2.625000000000000,-54.375000000000000,1
1118,20194,70909,-4.625000000000000,-54.375000000000000,1
1119,20195,70910,-6.625000000000000,-54.375000000000000,1
1120,20196,70911,-8.625000000000000,-54.375000000000000,1
1121,20197,70912,-10.625000000000000,-54.375000000000000,1
1122,20198,70913,-12.625000000000000,-54.375000000000000,1
1123,20199,70914,-14.625000000000000,-54.375000000000000,1
1124,20200,70915,-16.625000000000000,-54.375000000000000,1
1125,20201,70916,-18.625000000000000,-54.375000000000000,1
1126,20209,70962,5.375000000000000,-54.125000000000000,1
1127,20210,70963,3.375000000000000,-54.125000000000000,1
1128,20211,70964,1.375000000000000,-54.125000000000000,1
1129,20212,70965,-0.625000000000000,-54.125000000000000,1
1130,20213,70966,-2.625000000000000,-54.125000000000000,1
1131,20214,70967,-4.625000000000000,-54.125000000000000,1
1132,20215,70968,-6.625000000000000,-54.125000000000000,1
1133,20216,70969,-8.625000000000000,-54.125000000000000,1
1134,20217,70970,-10.625000000000000,-54.125000000000000,1
1135,20218,70971,-12.625000000000000,-54.125000000000000,1
1136,20219,70972,-14.625000000000000,-54.125000000000000,1
1137,20220,70973,-16.625000000000000,-54.125000000000000,1
1138,20221,70974,-18.625000000000000,-54.125000000000000,1
1139,20229,71020,5.375000000000000,-53.875000000000000,1
1140,20230,71021,3.375000000000000,-53.875000000000000,1
1141,20231,71022,1.375000000000000,-53.875000000000000,1
1142,20232,71023,-0.625000000000000,-53.875000000000000,1
1143,20233,71024,-2.625000000000000,-53.875000000000000,1
1144,20234,71025,-4.625000000000000,-53.875000000000000,1
1145,20235,71026,-6.625000000000000,-53.875000000000000,1
1146,20236,71027,-8.625000000000000,-53.875000000000000,1
1147,20237,71028,-10.625000000000000,-53.875000000000000,1
1148,20238,71029,-12.625000000000000,-53.875000000000000,1
1149,20239,71030,-14.625000000000000,-53.875000000000000,1
1150,20240,71031,-16.625000000000000,-53.875000000000000,1
1151,20241,71032,-18.625000000000000,-53.875000000000000,1
1152,20249,71079,3.375000000000000,-53.625000000000000,1
1153,20250,71080,1.375000000000000,-53.625000000000000,1
1154,20251,71081,-0.625000000000000,-53.625000000000000,1
1155,20252,71082,-2.625000000000000,-53.625000000000000,1
1156,20253,71083,-4.625000000000000,-53.625000000000000,1
1157,20254,71084,-6.625000000000000,-53.625000000000000,1
1158,20255,71085,-8.625000000000000,-53.625000000000000,1
1159,20256,71086,-10.625000000000000,-53.625000000000000,1
1160,20257,71087,-12.625000000000000,-53.625000000000000,1
1161,20258,71088,-14.625000000000000,-53.625000000000000,1
1162,20259,71089,-16.625000000000000,-53.625000000000000,1
1163,20260,71090,-18.625000000000000,-53.625000000000000,1
1164,20267,71137,3.375000000000000,-53.375000000000000,1
1165,20268,71138,1.375000000000000,-53.375000000000000,1
1166,20269,71139,-0.625000000000000,-53.375000000000000,1
1167,20270,71140,-2.625000000000000,-53.375000000000000,1
1168,20271,71141,-4.625000000000000,-53.375000000000000,1
1169,20272,71142,-6.625000000000000,-53.375000000000000,1
1170,20273,71143,-8.625000000000000,-53.375000000000000,1
1171,20274,71144,-10.625000000000000,-53.375000000000000,1
1172,20275,71145,-12.625000000000000,-53.375000000000000,1
1173,20276,71146,-14.625000000000000,-53.375000000000000,1
1174,20277,71147,-16.625000000000000,-53.375000000000000,1
1175,20278,71148,-18.625000000000000,-53.375000000000000,1
1176,20285,71195,3.375000000000000,-53.125000000000000,1
1177,20286,71196,1.375000000000000,-53.125000000000000,1
1178,20287,71197,-0.625000000000000,-53.125000000000000,1
1179,20288,71198,-2.625000000000000,-53.125000000000000,1
1180,20289,71199,-4.625000000000000,-53.125000000000000,1
1181,20290,71200,-6.625000000000000,-53.125000000000000,1
1182,20291,71201,-8.625000000000000,-53.125000000000000,1
1183,20292,71202,-10.625000000000000,-53.125000000000000,1
1184,20293,71203,-12.625000000000000,-53.125000000000000,1
1185,20294,71204,-14.625000000000000,-53.125000000000000,1
1186,20295,71205,-16.625000000000000,-53.125000000000000,1
1187,20296,71206,-18.625000000000000,-53.125000000000000,1
1188,20303,71253,3.375000000000000,-52.875000000000000,1
1189,20304,71254,1.375000000000000,-52.875000000000000,1
1190,20305,71255,-0.625000000000000,-52.875000000000000,1
1191,20306,71256,-2.625000000000000,-52.875000000000000,1
1192,20307,71257,-4.625000000000000,-52.875000000000000,1
1193,20308,71258,-6.625000000000000,-52.875000000000000,1
1194,20309,71259,-8.625000000000000,-52.875000000000000,1
1195,20310,71260,-10.625000000000000,-52.875000000000000,1
1196,20311,71261,-12.625000000000000,-52.875000000000000,1
1197,20312,71262,-14.625000000000000,-52.875000000000000,1
1198,20313,71263,-16.625000000000000,-52.875000000000000,1
1199,20314,71264,-18.625000000000000,-52.875000000000000,1
1200,20321,71311,3.375000000000000,-52.625000000000000,1
1201,20322,71312,1.375000000000000,-52.625000000000000,1
1202,20323,71313,-0.625000000000000,-52.625000000000000,1
1203,20324,71314,-2.625000000000000,-52.625000000000000,1
1204,20325,71315,-4.625000000000000,-52.625000000000000,1
1205,20326,71316,-6.625000000000000,-52.625000000000000,1
1206,20327,71317,-8.625000000000000,-52.625000000000000,1
1207,20328,71318,-10.625000000000000,-52.625000000000000,1
1208,20329,71319,-12.625000000000000,-52.625000000000000,1
1209,20330,71320,-14.625000000000000,-52.625000000000000,1
1210,20331,71321,-16.625000000000000,-52.625000000000000,1
1211,20332,71322,-18.625000000000000,-52.625000000000000,1
1212,20339,71369,3.375000000000000,-52.375000000000000,1
1213,20340,71370,1.375000000000000,-52.375000000000000,1
1214,20341,71371,-0.625000000000000,-52.375000000000000,1
1215,20342,71372,-2.625000000000000,-52.375000000000000,1
1216,20343,71373,-4.625000000000000,-52.375000000000000,1
1217,20344,71374,-6.625000000000000,-52.375000000000000,1
1218,20345,71375,-8.625000000000000,-52.375000000000000,1
1219,20346,71376,-10.625000000000000,-52.375000000000000,1
1220,20347,71377,-12.625000000000000,-52.375000000000000,1
1221,20348,71378,-14.625000000000000,-52.375000000000000,1
1222,20349,71379,-16.625000000000000,-52.375000000000000,1
1223,20350,71380,-18.625000000000000,-52.375000000000000,1
1224,20357,71427,3.375000000000000,-52.125000000000000,1
1225,20358,71428,1.375000000000000,-52.125000000000000,1
1226,20359,71429,-0.625000000000000,-52.125000000000000,1
1227,20360,71430,-2.625000000000000,-52.125000000000000,1
1228,20361,71431,-4.625000000000000,-52.125000000000000,1
1229,20362,71432,-6.625000000000000,-52.125000000000000,1
1230,20363,71433,-8.625000000000000,-52.125000000000000,1
1231,20364,71434,-10.625000000000000,-52.125000000000000,1
1232,20365,71435,-12.625000000000000,-52.125000000000000,1
1233,20366,71436,-14.625000000000000,-52.125000000000000,1
1234,20367,71437,-16.625000000000000,-52.125000000000000,1
1235,20368,71438,-18.625000000000000,-52.125000000000000,1
1236,20375,71485,3.375000000000000,-51.875000000000000,1
1237,20376,71486,1.375000000000000,-51.875000000000000,1
1238,20377,71487,-0.625000000000000,-51.875000000000000,1
1239,20378,71488,-2.625000000000000,-51.875000000000000,1
1240,20379,71489,-4.625000000000000,-51.875000000000000,1
1241,20380,71490,-6.625000000000000,-51.875000000000000,1
1242,20381,71491,-8.625000000000000,-51.875000000000000,1
1243,20382,71492,-10.625000000000000,-51.875000000000000,1
1244,20383,71493,-12.625000000000000,-51.875000000000000,1
1245,20384,71494,-14.625000000000000,-51.875000000000000,1
1246,20385,71495,-16.625000000000000,-51.875000000000000,1
1247,20386,71496,-18.625000000000000,-51.875000000000000,1
1248,20393,71543,3.375000000000000,-51.625000000000000,1
1249,20394,71544,1.375000000000000,-51.625000000000000,1
1250,20395,71545,-0.625000000000000,-51.625000000000000,1
1251,20396,71546,-2.625000000000000,-51.625000000000000,1
1252,20397,71547,-4.625000000000000,-51.625000000000000,1
1253,20398,71548,-6.625000000000000,-51.625000000000000,1
1254,20399,71549,-8.625000000000000,-51.625000000000000,1
1255,20400,71550,-10.625000000000000,-51.625000000000000,1
1256,20401,71551,-12.625000000000000,-51.625000000000000,1
1257,20402,71552,-14.625000000000000,-51.625000000000000,1
1258,20403,71553,-16.625000000000000,-51.625000000000000,1
1259,20404,71554,-18.625000000000000,-51.625000000000000,1
1260,20411,71601,3.375000000000000,-51.375000000000000,1
1261,20412,71602,1.375000000000000,-51.375000000000000,1
1262,20413,71603,-0.625000000000000,-51.375000000000000,1
1263,20414,71604,-2.625000000000000,-51.375000000000000,1
1264,20415,71605,-4.625000000000000,-51.375000000000000,1
1265,20416,71606,-6.625000000000000,-51.375000000000000,1
1266,20417,71607,-8.625000000000000,-51.375000000000000,1
1267,20418,71608,-10.625000000000000,-51.375000000000000,1
1268,20419,71609,-12.625000000000000,-51.375000000000000,1
1269,20420,71610,-14.625000000000000,-51.375000000000000,1
1270,20421,71611,-16.625000000000000,-51.375000000000000,1
1271,20422,71612,-18.625000000000000,-51.375000000000000,1
1272,20429,71661,-0.625000000000000,-51.125000000000000,1
1273,20430,71662,-2.625000000000000,-51.125000000000000,1
1274,20431,71663,-4.625000000000000,-51.125000000000000,1
1275,20432,71664,-6.625000000000000,-51.125000000000000,1
1276,20433,71665,-8.625000000000000,-51.125000000000000,1
1277,20434,71666,-10.625000000000000,-51.125000000000000,1
1278,20435,71667,-12.625000000000000,-51.125000000000000,1
1279,20436,71668,-14.625000000000000,-51.125000000000000,1
1280,20437,71669,-16.625000000000000,-51.125000000000000,1
1281,20438,71670,-18.625000000000000,-51.125000000000000,1
1282,20444,71719,-0.625000000000000,-50.875000000000000,1
1283,20445,71720,-2.625000000000000,-50.875000000000000,1
1284,20446,71721,-4.625000000000000,-50.875000000000000,1
1285,20447,71722,-6.625000000000000,-50.875000000000000,1
1286,20448,71723,-8.625000000000000,-50.875000000000000,1
1287,20449,71724,-10.625000000000000,-50.875000000000000,1
1288,20450,71725,-12.625000000000000,-50.875000000000000,1
1289,20451,71726,-14.625000000000000,-50.875000000000000,1
1290,20452,71727,-16.625000000000000,-50.875000000000000,1
1291,20453,71728,-18.625000000000000,-50.875000000000000,1
1292,20459,71777,-0.625000000000000,-50.625000000000000,1
1293,20460,71778,-2.625000000000000,-50.625000000000000,1
1294,20461,71779,-4.625000000000000,-50.625000000000000,1
1295,20462,71780,-6.625000000000000,-50.625000000000000,1
1296,20463,71781,-8.625000000000000,-50.625000000000000,1
1297,20464,71782,-10.625000000000000,-50.625000000000000,1
1298,20465,71783,-12.625000000000000,-50.625000000000000,1
1299,20466,71784,-14.625000000000000,-50.625000000000000,1
1300,20467,71785,-16.625000000000000,-50.625000000000000,1
1301,20468,71786,-18.625000000000000,-50.625000000000000,1
1302,20474,71835,-0.625000000000000,-50.375000000000000,1
1303,20475,71836,-2.625000000000000,-50.375000000000000,1
1304,20476,71837,-4.625000000000000,-50.375000000000000,1
1305,20477,71838,-6.625000000000000,-50.375000000000000,1
1306,20478,71839,-8.625000000000000,-50.375000000000000,1
1307,20479,71840,-10.625000000000000,-50.375000000000000,1
1308,20480,71841,-12.625000000000000,-50.375000000000000,1
1309,20481,71842,-14.625000000000000,-50.375000000000000,1
1310,20482,71843,-16.625000000000000,-50.375000000000000,1
1311,20483,71844,-18.625000000000000,-50.375000000000000,1
1312,20489,71893,-0.625000000000000,-50.125000000000000,1
1313,20490,71894,-2.625000000000000,-50.125000000000000,1
1314,20491,71895,-4.625000000000000,-50.125000000000000,1
1315,20492,71896,-6.625000000000000,-50.125000000000000,1
1316,20493,71897,-8.625000000000000,-50.125000000000000,1
1317,20494,71898,-10.625000000000000,-50.125000000000000,1
1318,20495,71899,-12.625000000000000,-50.125000000000000,1
1319,20496,71900,-14.625000000000000,-50.125000000000000,1
1320,20497,71901,-16.625000000000000,-50.125000000000000,1
1321,20498,71902,-18.625000000000000,-50.125000000000000,1