FID,OBJECTID,field,Var1,Var2,value
0,15387,57901,27.375000000000000,-110.375000000000000,1
1,15404,57959,27.375000000000000,-110.125000000000000,1
2,15421,58017,27.375000000000000,-109.875000000000000,1
3,15438,58075,27.375000000000000,-109.625000000000000,1
4,15455,58133,27.375000000000000,-109.375000000000000,1
5,15472,58191,27.375000000000000,-109.125000000000000,1
6,15489,58249,27.375000000000000,-108.875000000000000,1
7,15506,58307,27.375000000000000,-108.625000000000000,1
8,15507,58308,25.375000000000000,-108.625000000000000,1
9,15524,58365,27.375000000000000,-108.375000000000000,1
10,15525,58366,25.375000000000000,-108.375000000000000,1
11,15542,58423,27.375000000000000,-108.125000000000000,1
12,15543,58424,25.375000000000000,-108.125000000000000,1
13,15560,58481,27.375000000000000,-107.875000000000000,1
14,15561,58482,25.375000000000000,-107.875000000000000,1
15,15578,58539,27.375000000000000,-107.625000000000000,1
16,15579,58540,25.375000000000000,-107.625000000000000,1
17,15596,58597,27.375000000000000,-107.375000000000000,1
18,15597,58598,25.375000000000000,-107.375000000000000,1
19,15614,58655,27.375000000000000,-107.125000000000000,1
20,15615,58656,25.375000000000000,-107.125000000000000,1
21,15632,58713,27.375000000000000,-106.875000000000000,1
22,15633,58714,25.375000000000000,-106.875000000000000,1
23,15650,58771,27.375000000000000,-106.625000000000000,1
24,15651,58772,25.375000000000000,-106.625000000000000,1
25,15668,58829,27.375000000000000,-106.375000000000000,1
26,15669,58830,25.375000000000000,-106.375000000000000,1
27,15686,58887,27.375000000000000,-106.125000000000000,1
28,15687,58888,25.375000000000000,-106.125000000000000,1
29,15688,58889,23.375000000000000,-106.125000000000000,1
30,15705,58945,27.375000000000000,-105.875000000000000,1
31,15706,58946,25.375000000000000,-105.875000000000000,1
32,15707,58947,23.375000000000000,-105.875000000000000,1
33,15724,59003,27.375000000000000,-105.625000000000000,1
34,15725,59004,25.375000000000000,-105.625000000000000,1
35,15726,59005,23.375000000000000,-105.625000000000000,1
36,15743,59061,27.375000000000000,-105.375000000000000,1
37,15744,59062,25.375000000000000,-105.375000000000000,1
38,15745,59063,23.375000000000000,-105.375000000000000,1
39,15762,59119,27.375000000000000,-105.125000000000000,1
40,15763,59120,25.375000000000000,-105.125000000000000,1
41,15764,59121,23.375000000000000,-105.125000000000000,1
42,15765,59122,21.375000000000000,-105.125000000000000,1
43,15782,59177,27.375000000000000,-104.875000000000000,1
44,15783,59178,25.375000000000000,-104.875000000000000,1
45,15784,59179,23.375000000000000,-104.875000000000000,1
46,15785,59180,21.375000000000000,-104.875000000000000,1
47,15786,59181,19.375000000000000,-104.875000000000000,1
48,15803,59235,27.375000000000000,-104.625000000000000,1
49,15804,59236,25.375000000000000,-104.625000000000000,1
50,15805,59237,23.375000000000000,-104.625000000000000,1
51,15806,59238,21.375000000000000,-104.625000000000000,1
52,15807,59239,19.375000000000000,-104.625000000000000,1
53,15824,59293,27.375000000000000,-104.375000000000000,1
54,15825,59294,25.375000000000000,-104.375000000000000,1
55,15826,59295,23.375000000000000,-104.375000000000000,1
56,15827,59296,21.375000000000000,-104.375000000000000,1
57,15828,59297,19.375000000000000,-104.375000000000000,1
58,15845,59351,27.375000000000000,-104.125000000000000,1
59,15846,59352,25.375000000000000,-104.125000000000000,1
60,15847,59353,23.375000000000000,-104.125000000000000,1
61,15848,59354,21.375000000000000,-104.125000000000000,1
62,15849,59355,19.375000000000000,-104.125000000000000,1
63,15866,59409,27.375000000000000,-103.875000000000000,1
64,15867,59410,25.375000000000000,-103.875000000000000,1
65,15868,59411,23.375000000000000,-103.875000000000000,1
66,15869,59412,21.375000000000000,-103.875000000000000,1
67,15870,59413,19.375000000000000,-103.875000000000000,1
68,15887,59467,27.375000000000000,-103.625000000000000,1
69,15888,59468,25.375000000000000,-103.625000000000000,1
70,15889,59469,23.375000000000000,-103.625000000000000,1
71,15890,59470,21.375000000000000,-103.625000000000000,1
72,15891,59471,19.375000000000000,-103.625000000000000,1
73,15908,59525,27.375000000000000,-103.375000000000000,1
74,15909,59526,25.375000000000000,-103.375000000000000,1
75,15910,59527,23.375000000000000,-103.375000000000000,1
76,15911,59528,21.375000000000000,-103.375000000000000,1
77,15912,59529,19.375000000000000,-103.375000000000000,1
78,15929,59583,27.375000000000000,-103.125000000000000,1
79,15930,59584,25.375000000000000,-103.125000000000000,1
80,15931,59585,23.375000000000000,-103.125000000000000,1
81,15932,59586,21.375000000000000,-103.125000000000000,1
82,15933,59587,19.375000000000000,-103.125000000000000,1
83,15950,59641,27.375000000000000,-102.875000000000000,1
84,15951,59642,25.375000000000000,-102.875000000000000,1
85,15952,59643,23.375000000000000,-102.875000000000000,1
86,15953,59644,21.375000000000000,-102.875000000000000,1
87,15954,59645,19.375000000000000,-102.875000000000000,1
88,15971,59699,27.375000000000000,-102.625000000000000,1
89,15972,59700,25.375000000000000,-102.625000000000000,1
90,15973,59701,23.375000000000000,-102.625000000000000,1
91,15974,59702,21.375000000000000,-102.625000000000000,1
92,15975,59703,19.375000000000000,-102.625000000000000,1
93,15992,59757,27.375000000000000,-102.375000000000000,1
94,15993,59758,25.375000000000000,-102.375000000000000,1
95,15994,59759,23.375000000000000,-102.375000000000000,1
96,15995,59760,21.375000000000000,-102.375000000000000,1
97,15996,59761,19.375000000000000,-102.375000000000000,1
98,16013,59815,27.375000000000000,-102.125000000000000,1
99,16014,59816,25.375000000000000,-102.125000000000000,1
100,16015,59817,23.375000000000000,-102.125000000000000,1
101,16016,59818,21.375000000000000,-102.125000000000000,1
102,16017,59819,19.375000000000000,-102.125000000000000,1
103,16034,59873,27.375000000000000,-101.875000000000000,1
104,16035,59874,25.375000000000000,-101.875000000000000,1
105,16036,59875,23.375000000000000,-101.875000000000000,1
106,16037,59876,21.375000000000000,-101.875000000000000,1
107,16038,59877,19.375000000000000,-101.875000000000000,1
108,16055,59931,27.375000000000000,-101.625000000000000,1
109,16056,59932,25.375000000000000,-101.625000000000000,1
110,16057,59933,23.375000000000000,-101.625000000000000,1
111,16058,59934,21.375000000000000,-101.625000000000000,1
112,16059,59935,19.375000000000000,-101.625000000000000,1
113,16076,59989,27.375000000000000,-101.375000000000000,1
114,16077,59990,25.375000000000000,-101.375000000000000,1
115,16078,59991,23.375000000000000,-101.375000000000000,1
116,16079,59992,21.375000000000000,-101.375000000000000,1
117,16080,59993,19.375000000000000,-101.375000000000000,1
118,16097,60047,27.375000000000000,-101.125000000000000,1
119,16098,60048,25.375000000000000,-101.125000000000000,1
120,16099,60049,23.375000000000000,-101.125000000000000,1
121,16100,60050,21.375000000000000,-101.125000000000000,1
122,16101,60051,19.375000000000000,-101.125000000000000,1
123,16102,60052,17.375000000000000,-101.125000000000000,1
124,16119,60105,27.375000000000000,-100.875000000000000,1
125,16120,60106,25.375000000000000,-100.875000000000000,1
126,16121,60107,23.375000000000000,-100.875000000000000,1
127,16122,60108,21.375000000000000,-100.875000000000000,1
128,16123,60109,19.375000000000000,-100.875000000000000,1
129,16124,60110,17.375000000000000,-100.875000000000000,1
130,16141,60163,27.375000000000000,-100.625000000000000,1
131,16142,60164,25.375000000000000,-100.625000000000000,1
132,16143,60165,23.375000000000000,-100.625000000000000,1
133,16144,60166,21.375000000000000,-100.625000000000000,1
134,16145,60167,19.375000000000000,-100.625000000000000,1
135,16146,60168,17.375000000000000,-100.625000000000000,1
136,16163,60221,27.375000000000000,-100.375000000000000,1
137,16164,60222,25.375000000000000,-100.375000000000000,1
138,16165,60223,23.375000000000000,-100.375000000000000,1
139,16166,60224,21.375000000000000,-100.375000000000000,1
140,16167,60225,19.375000000000000,-100.375000000000000,1
141,16168,60226,17.375000000000000,-100.375000000000000,1
142,16185,60279,27.375000000000000,-100.125000000000000,1
143,16186,60280,25.375000000000000,-100.125000000000000,1
144,16187,60281,23.375000000000000,-100.125000000000000,1
145,16188,60282,21.375000000000000,-100.125000000000000,1
146,16189,60283,19.375000000000000,-100.125000000000000,1
147,16190,60284,17.375000000000000,-100.125000000000000,1
148,16207,60337,27.375000000000000,-99.875000000000000,1
149,16208,60338,25.375000000000000,-99.875000000000000,1
150,16209,60339,23.375000000000000,-99.875000000000000,1
151,16210,60340,21.375000000000000,-99.875000000000000,1
152,16211,60341,19.375000000000000,-99.875000000000000,1
153,16212,60342,17.375000000000000,-99.875000000000000,1
154,16229,60395,27.375000000000000,-99.625000000000000,1
155,16230,60396,25.375000000000000,-99.625000000000000,1
156,16231,60397,23.375000000000000,-99.625000000000000,1
157,16232,60398,21.375000000000000,-99.625000000000000,1
158,16233,60399,19.375000000000000,-99.625000000000000,1
159,16234,60400,17.375000000000000,-99.625000000000000,1
160,16251,60453,27.375000000000000,-99.375000000000000,1
161,16252,60454,25.375000000000000,-99.375000000000000,1
162,16253,60455,23.375000000000000,-99.375000000000000,1
163,16254,60456,21.375000000000000,-99.375000000000000,1
164,16255,60457,19.375000000000000,-99.375000000000000,1
165,16256,60458,17.375000000000000,-99.375000000000000,1
166,16273,60511,27.375000000000000,-99.125000000000000,1
167,16274,60512,25.375000000000000,-99.125000000000000,1
168,16275,60513,23.375000000000000,-99.125000000000000,1
169,16276,60514,21.375000000000000,-99.125000000000000,1
170,16277,60515,19.375000000000000,-99.125000000000000,1
171,16278,60516,17.375000000000000,-99.125000000000000,1
172,16295,60569,27.375000000000000,-98.875000000000000,1
173,16296,60570,25.375000000000000,-98.875000000000000,1
174,16297,60571,23.375000000000000,-98.875000000000000,1
175,16298,60572,21.375000000000000,-98.875000000000000,1
176,16299,60573,19.375000000000000,-98.875000000000000,1
177,16300,60574,17.375000000000000,-98.875000000000000,1
178,16315,60627,27.375000000000000,-98.625000000000000,1
179,16316,60631,19.375000000000000,-98.625000000000000,1
180,16317,60632,17.375000000000000,-98.625000000000000,1
181,16332,60685,27.375000000000000,-98.375000000000000,1
182,16333,60689,19.375000000000000,-98.375000000000000,1
183,16334,60690,17.375000000000000,-98.375000000000000,1
184,16349,60743,27.375000000000000,-98.125000000000000,1
185,16350,60747,19.375000000000000,-98.125000000000000,1
186,16351,60748,17.375000000000000,-98.125000000000000,1
187,16366,60801,27.375000000000000,-97.875000000000000,1
188,16367,60805,19.375000000000000,-97.875000000000000,1
189,16368,60806,17.375000000000000,-97.875000000000000,1
190,16383,60859,27.375000000000000,-97.625000000000000,1
191,16384,60863,19.375000000000000,-97.625000000000000,1
192,16385,60864,17.375000000000000,-97.625000000000000,1
193,16400,60921,19.375000000000000,-97.375000000000000,1
194,16401,60922,17.375000000000000,-97.375000000000000,1
195,16416,60979,19.375000000000000,-97.125000000000000,1
196,16417,60980,17.375000000000000,-97.125000000000000,1
197,16432,61037,19.375000000000000,-96.875000000000000,1
198,16433,61038,17.375000000000000,-96.875000000000000,1
199,16448,61095,19.375000000000000,-96.625000000000000,1
200,16449,61096,17.375000000000000,-96.625000000000000,1
201,16464,61153,19.375000000000000,-96.375000000000000,1
202,16465,61154,17.375000000000000,-96.375000000000000,1
203,16481,61212,17.375000000000000,-96.125000000000000,1
204,16497,61270,17.375000000000000,-95.875000000000000,1
205,16513,61328,17.375000000000000,-95.625000000000000,1
206,16529,61386,17.375000000000000,-95.375000000000000,1
207,16545,61444,17.375000000000000,-95.125000000000000,1
208,16560,61502,17.375000000000000,-94.875000000000000,1
209,16575,61560,17.375000000000000,-94.625000000000000,1
210,16590,61618,17.375000000000000,-94.375000000000000,1
211,16605,61676,17.375000000000000,-94.125000000000000,1
212,16620,61734,17.375000000000000,-93.875000000000000,1
213,16634,61792,17.375000000000000,-93.625000000000000,1
214,16648,61850,17.375000000000000,-93.375000000000000,1
215,16662,61908,17.375000000000000,-93.125000000000000,1
216,16676,61966,17.375000000000000,-92.875000000000000,1
217,16677,61967,15.375000000000000,-92.875000000000000,1
218,16691,62024,17.375000000000000,-92.625000000000000,1
219,16692,62025,15.375000000000000,-92.625000000000000,1
220,16706,62082,17.375000000000000,-92.375000000000000,1
221,16707,62083,15.375000000000000,-92.375000000000000,1
222,16721,62140,17.375000000000000,-92.125000000000000,1
223,16722,62141,15.375000000000000,-92.125000000000000,1
224,16736,62198,17.375000000000000,-91.875000000000000,1
225,16737,62199,15.375000000000000,-91.875000000000000,1
226,16751,62256,17.375000000000000,-91.625000000000000,1
227,16752,62257,15.375000000000000,-91.625000000000000,1
228,16766,62314,17.375000000000000,-91.375000000000000,1
229,16767,62315,15.375000000000000,-91.375000000000000,1
230,16781,62372,17.375000000000000,-91.125000000000000,1
231,16782,62373,15.375000000000000,-91.125000000000000,1
232,16796,62430,17.375000000000000,-90.875000000000000,1
233,16797,62431,15.375000000000000,-90.875000000000000,1
234,16811,62487,19.375000000000000,-90.625000000000000,1
235,16812,62488,17.375000000000000,-90.625000000000000,1
236,16813,62489,15.375000000000000,-90.625000000000000,1
237,16827,62545,19.375000000000000,-90.375000000000000,1
238,16828,62546,17.375000000000000,-90.375000000000000,1
239,16829,62547,15.375000000000000,-90.375000000000000,1
240,16843,62603,19.375000000000000,-90.125000000000000,1
241,16844,62604,17.375000000000000,-90.125000000000000,1
242,16845,62605,15.375000000000000,-90.125000000000000,1
243,16858,62661,19.375000000000000,-89.875000000000000,1
244,16859,62662,17.375000000000000,-89.875000000000000,1
245,16860,62663,15.375000000000000,-89.875000000000000,1
246,16874,62719,19.375000000000000,-89.625000000000000,1
247,16875,62720,17.375000000000000,-89.625000000000000,1
248,16876,62721,15.375000000000000,-89.625000000000000,1
249,16889,62777,19.375000000000000,-89.375000000000000,1
250,16890,62778,17.375000000000000,-89.375000000000000,1
251,16891,62779,15.375000000000000,-89.375000000000000,1
252,16904,62835,19.375000000000000,-89.125000000000000,1
253,16905,62836,17.375000000000000,-89.125000000000000,1
254,16906,62837,15.375000000000000,-89.125000000000000,1
255,16919,62893,19.375000000000000,-88.875000000000000,1
256,16920,62894,17.375000000000000,-88.875000000000000,1
257,16921,62895,15.375000000000000,-88.875000000000000,1
258,16931,62953,15.375000000000000,-88.625000000000000,1
259,16941,63011,15.375000000000000,-88.375000000000000,1
260,16951,63069,15.375000000000000,-88.125000000000000,1
261,16961,63127,15.375000000000000,-87.875000000000000,1
262,16971,63185,15.375000000000000,-87.625000000000000,1
263,16981,63243,15.375000000000000,-87.375000000000000,1
264,16991,63301,15.375000000000000,-87.125000000000000,1
265,17001,63359,15.375000000000000,-86.875000000000000,1
266,17011,63417,15.375000000000000,-86.625000000000000,1
267,17021,63475,15.375000000000000,-86.375000000000000,1
268,17034,63533,15.375000000000000,-86.125000000000000,1
269,17035,63534,13.375000000000000,-86.125000000000000,2
270,17036,63535,11.375000000000000,-86.125000000000000,1
271,17037,63536,9.375000000000000,-86.125000000000000,1
272,17050,63591,15.375000000000000,-85.875000000000000,1
273,17051,63592,13.375000000000000,-85.875000000000000,2
274,17052,63593,11.375000000000000,-85.875000000000000,2
275,17053,63594,9.375000000000000,-85.875000000000000,1
276,17066,63649,15.375000000000000,-85.625000000000000,1
277,17067,63650,13.375000000000000,-85.625000000000000,2
278,17068,63651,11.375000000000000,-85.625000000000000,2
279,17069,63652,9.375000000000000,-85.625000000000000,1
280,17082,63707,15.375000000000000,-85.375000000000000,1
281,17083,63708,13.375000000000000,-85.375000000000000,2
282,17084,63709,11.375000000000000,-85.375000000000000,2
283,17085,63710,9.375000000000000,-85.375000000000000,1
284,17097,63765,15.375000000000000,-85.125000000000000,1
285,17098,63766,13.375000000000000,-85.125000000000000,2
286,17099,63767,11.375000000000000,-85.125000000000000,2
287,17100,63768,9.375000000000000,-85.125000000000000,1
288,17112,63823,15.375000000000000,-84.875000000000000,1
289,17113,63824,13.375000000000000,-84.875000000000000,2
290,17114,63825,11.375000000000000,-84.875000000000000,2
291,17115,63826,9.375000000000000,-84.875000000000000,1
292,17127,63881,15.375000000000000,-84.625000000000000,1
293,17128,63882,13.375000000000000,-84.625000000000000,2
294,17129,63883,11.375000000000000,-84.625000000000000,2
295,17130,63884,9.375000000000000,-84.625000000000000,1
296,17142,63939,15.375000000000000,-84.375000000000000,1
297,17143,63940,13.375000000000000,-84.375000000000000,2
298,17144,63941,11.375000000000000,-84.375000000000000,2
299,17145,63942,9.375000000000000,-84.375000000000000,1
300,17157,63997,15.375000000000000,-84.125000000000000,1
301,17158,63998,13.375000000000000,-84.125000000000000,2
302,17159,63999,11.375000000000000,-84.125000000000000,2
303,17160,64000,9.375000000000000,-84.125000000000000,2
304,17172,64056,13.375000000000000,-83.875000000000000,2
305,17173,64057,11.375000000000000,-83.875000000000000,2
306,17174,64058,9.375000000000000,-83.875000000000000,2
307,17315,64875,-0.625000000000000,-80.375000000000000,1
308,17326,64933,-0.625000000000000,-80.125000000000000,1
309,17337,64991,-0.625000000000000,-79.875000000000000,1
310,17348,65049,-0.625000000000000,-79.625000000000000,1
311,17359,65107,-0.625000000000000,-79.375000000000000,1
312,17394,65277,7.375000000000000,-78.625000000000000,1
313,17395,65279,3.375000000000000,-78.625000000000000,1
314,17396,65280,1.375000000000000,-78.625000000000000,1
315,17413,65335,7.375000000000000,-78.375000000000000,1
316,17414,65337,3.375000000000000,-78.375000000000000,1
317,17415,65338,1.375000000000000,-78.375000000000000,1
318,17432,65393,7.375000000000000,-78.125000000000000,1
319,17433,65395,3.375000000000000,-78.125000000000000,1
320,17434,65396,1.375000000000000,-78.125000000000000,1
321,17451,65451,7.375000000000000,-77.875000000000000,2
322,17452,65453,3.375000000000000,-77.875000000000000,1
323,17453,65454,1.375000000000000,-77.875000000000000,1
324,17471,65509,7.375000000000000,-77.625000000000000,1
325,17472,65511,3.375000000000000,-77.625000000000000,1
326,17473,65512,1.375000000000000,-77.625000000000000,1
327,17491,65567,7.375000000000000,-77.375000000000000,1
328,17492,65569,3.375000000000000,-77.375000000000000,1
329,17511,65625,7.375000000000000,-77.125000000000000,1
330,17512,65627,3.375000000000000,-77.125000000000000,1
331,17531,65683,7.375000000000000,-76.875000000000000,1
332,17532,65685,3.375000000000000,-76.875000000000000,1
333,17550,65741,7.375000000000000,-76.625000000000000,1
334,17551,65743,3.375000000000000,-76.625000000000000,1
335,17570,65799,7.375000000000000,-76.375000000000000,1
336,17571,65801,3.375000000000000,-76.375000000000000,1
337,17589,65856,9.375000000000000,-76.125000000000000,1
338,17590,65857,7.375000000000000,-76.125000000000000,1
339,17591,65858,5.375000000000000,-76.125000000000000,1
340,17592,65859,3.375000000000000,-76.125000000000000,1
341,17614,65914,9.375000000000000,-75.875000000000000,1
342,17615,65915,7.375000000000000,-75.875000000000000,1
343,17616,65916,5.375000000000000,-75.875000000000000,1
344,17617,65917,3.375000000000000,-75.875000000000000,1
345,17639,65972,9.375000000000000,-75.625000000000000,1
346,17640,65973,7.375000000000000,-75.625000000000000,1
347,17641,65974,5.375000000000000,-75.625000000000000,1
348,17664,66030,9.375000000000000,-75.375000000000000,1
349,17665,66031,7.375000000000000,-75.375000000000000,1
350,17666,66032,5.375000000000000,-75.375000000000000,1
351,17689,66088,9.375000000000000,-75.125000000000000,1
352,17690,66089,7.375000000000000,-75.125000000000000,1
353,17691,66090,5.375000000000000,-75.125000000000000,1
354,17714,66146,9.375000000000000,-74.875000000000000,1
355,17715,66147,7.375000000000000,-74.875000000000000,1
356,17716,66148,5.375000000000000,-74.875000000000000,1
357,17739,66204,9.375000000000000,-74.625000000000000,1
358,17740,66205,7.375000000000000,-74.625000000000000,1
359,17741,66206,5.375000000000000,-74.625000000000000,1
360,17763,66262,9.375000000000000,-74.375000000000000,1
361,17764,66263,7.375000000000000,-74.375000000000000,1
362,17765,66264,5.375000000000000,-74.375000000000000,1
363,17787,66320,9.375000000000000,-74.125000000000000,1
364,17788,66321,7.375000000000000,-74.125000000000000,1
365,17789,66322,5.375000000000000,-74.125000000000000,1
366,17811,66378,9.375000000000000,-73.875000000000000,1
367,17812,66379,7.375000000000000,-73.875000000000000,1
368,17835,66436,9.375000000000000,-73.625000000000000,1
369,17836,66437,7.375000000000000,-73.625000000000000,1
370,17867,66494,9.375000000000000,-73.375000000000000,1
371,17868,66495,7.375000000000000,-73.375000000000000,1
372,17899,66552,9.375000000000000,-73.125000000000000,1
373,17900,66553,7.375000000000000,-73.125000000000000,1
374,17931,66610,9.375000000000000,-72.875000000000000,1
375,17932,66611,7.375000000000000,-72.875000000000000,1
376,17963,66668,9.375000000000000,-72.625000000000000,1
377,17964,66669,7.375000000000000,-72.625000000000000,1
378,17995,66726,9.375000000000000,-72.375000000000000,1
379,17996,66727,7.375000000000000,-72.375000000000000,1
380,18027,66784,9.375000000000000,-72.125000000000000,1
381,18059,66842,9.375000000000000,-71.875000000000000,1
382,18091,66900,9.375000000000000,-71.625000000000000,1
383,18122,66958,9.375000000000000,-71.375000000000000,1
384,18152,67016,9.375000000000000,-71.125000000000000,1
385,18192,67074,9.375000000000000,-70.875000000000000,1
386,18232,67132,9.375000000000000,-70.625000000000000,1