FID,OBJECTID,field,Var1,Var2,value
0,6966,13926,49.375000000000000,60.125000000000000,1
1,6967,13927,47.375000000000000,60.125000000000000,1
2,6968,13929,43.375000000000000,60.125000000000000,1
3,6969,13930,41.375000000000000,60.125000000000000,1
4,6970,13931,39.375000000000000,60.125000000000000,1
5,6971,13932,37.375000000000000,60.125000000000000,1
6,6972,13933,35.375000000000000,60.125000000000000,1
7,6973,13934,33.375000000000000,60.125000000000000,1
8,6974,13935,31.375000000000000,60.125000000000000,1
9,6982,13984,49.375000000000000,60.375000000000000,1
10,6983,13985,47.375000000000000,60.375000000000000,1
11,6984,13987,43.375000000000000,60.375000000000000,1
12,6985,13988,41.375000000000000,60.375000000000000,1
13,6986,13989,39.375000000000000,60.375000000000000,1
14,6987,13990,37.375000000000000,60.375000000000000,1
15,6988,13991,35.375000000000000,60.375000000000000,1
16,6989,13992,33.375000000000000,60.375000000000000,1
17,6990,13993,31.375000000000000,60.375000000000000,1
18,6998,14042,49.375000000000000,60.625000000000000,1
19,6999,14043,47.375000000000000,60.625000000000000,1
20,7000,14045,43.375000000000000,60.625000000000000,1
21,7001,14046,41.375000000000000,60.625000000000000,1
22,7002,14047,39.375000000000000,60.625000000000000,1
23,7003,14048,37.375000000000000,60.625000000000000,1
24,7004,14049,35.375000000000000,60.625000000000000,1
25,7005,14050,33.375000000000000,60.625000000000000,1
26,7006,14051,31.375000000000000,60.625000000000000,1
27,7014,14100,49.375000000000000,60.875000000000000,1
28,7015,14101,47.375000000000000,60.875000000000000,1
29,7016,14103,43.375000000000000,60.875000000000000,1
30,7017,14104,41.375000000000000,60.875000000000000,1
31,7018,14105,39.375000000000000,60.875000000000000,1
32,7019,14106,37.375000000000000,60.875000000000000,1
33,7020,14107,35.375000000000000,60.875000000000000,1
34,7021,14108,33.375000000000000,60.875000000000000,1
35,7022,14109,31.375000000000000,60.875000000000000,1
36,7030,14158,49.375000000000000,61.125000000000000,1
37,7031,14159,47.375000000000000,61.125000000000000,1
38,7032,14161,43.375000000000000,61.125000000000000,1
39,7033,14162,41.375000000000000,61.125000000000000,1
40,7034,14163,39.375000000000000,61.125000000000000,1
41,7035,14164,37.375000000000000,61.125000000000000,1
42,7036,14165,35.375000000000000,61.125000000000000,1
43,7037,14166,33.375000000000000,61.125000000000000,1
44,7038,14167,31.375000000000000,61.125000000000000,1
45,7046,14216,49.375000000000000,61.375000000000000,1
46,7047,14217,47.375000000000000,61.375000000000000,1
47,7048,14218,45.375000000000000,61.375000000000000,1
48,7049,14219,43.375000000000000,61.375000000000000,1
49,7050,14220,41.375000000000000,61.375000000000000,1
50,7051,14221,39.375000000000000,61.375000000000000,1
51,7052,14222,37.375000000000000,61.375000000000000,1
52,7053,14223,35.375000000000000,61.375000000000000,1
53,7054,14224,33.375000000000000,61.375000000000000,1
54,7055,14225,31.375000000000000,61.375000000000000,1
55,7063,14274,49.375000000000000,61.625000000000000,1
56,7064,14275,47.375000000000000,61.625000000000000,1
57,7065,14276,45.375000000000000,61.625000000000000,1
58,7066,14277,43.375000000000000,61.625000000000000,1
59,7067,14278,41.375000000000000,61.625000000000000,1
60,7068,14279,39.375000000000000,61.625000000000000,1
61,7069,14280,37.375000000000000,61.625000000000000,1
62,7070,14281,35.375000000000000,61.625000000000000,1
63,7071,14282,33.375000000000000,61.625000000000000,1
64,7072,14283,31.375000000000000,61.625000000000000,1
65,7080,14332,49.375000000000000,61.875000000000000,1
66,7081,14333,47.375000000000000,61.875000000000000,1
67,7082,14334,45.375000000000000,61.875000000000000,1
68,7083,14335,43.375000000000000,61.875000000000000,1
69,7084,14336,41.375000000000000,61.875000000000000,1
70,7085,14337,39.375000000000000,61.875000000000000,1
71,7086,14338,37.375000000000000,61.875000000000000,1
72,7087,14339,35.375000000000000,61.875000000000000,1
73,7088,14340,33.375000000000000,61.875000000000000,1
74,7089,14341,31.375000000000000,61.875000000000000,1
75,7097,14390,49.375000000000000,62.125000000000000,1
76,7098,14391,47.375000000000000,62.125000000000000,1
77,7099,14392,45.375000000000000,62.125000000000000,1
78,7100,14393,43.375000000000000,62.125000000000000,1
79,7101,14394,41.375000000000000,62.125000000000000,1
80,7102,14395,39.375000000000000,62.125000000000000,1
81,7103,14396,37.375000000000000,62.125000000000000,1
82,7104,14397,35.375000000000000,62.125000000000000,1
83,7105,14398,33.375000000000000,62.125000000000000,1
84,7106,14399,31.375000000000000,62.125000000000000,1
85,7114,14448,49.375000000000000,62.375000000000000,1
86,7115,14449,47.375000000000000,62.375000000000000,1
87,7116,14450,45.375000000000000,62.375000000000000,1
88,7117,14451,43.375000000000000,62.375000000000000,1
89,7118,14452,41.375000000000000,62.375000000000000,1
90,7119,14453,39.375000000000000,62.375000000000000,1
91,7120,14454,37.375000000000000,62.375000000000000,1
92,7121,14455,35.375000000000000,62.375000000000000,1
93,7122,14456,33.375000000000000,62.375000000000000,1
94,7123,14457,31.375000000000000,62.375000000000000,1
95,7131,14506,49.375000000000000,62.625000000000000,1
96,7132,14507,47.375000000000000,62.625000000000000,1
97,7133,14508,45.375000000000000,62.625000000000000,1
98,7134,14509,43.375000000000000,62.625000000000000,1
99,7135,14510,41.375000000000000,62.625000000000000,1
100,7136,14511,39.375000000000000,62.625000000000000,1
101,7137,14512,37.375000000000000,62.625000000000000,1
102,7138,14513,35.375000000000000,62.625000000000000,1
103,7139,14514,33.375000000000000,62.625000000000000,1
104,7140,14515,31.375000000000000,62.625000000000000,1
105,7148,14564,49.375000000000000,62.875000000000000,1
106,7149,14565,47.375000000000000,62.875000000000000,1
107,7150,14566,45.375000000000000,62.875000000000000,1
108,7151,14567,43.375000000000000,62.875000000000000,1
109,7152,14568,41.375000000000000,62.875000000000000,1
110,7153,14569,39.375000000000000,62.875000000000000,1
111,7154,14570,37.375000000000000,62.875000000000000,1
112,7155,14571,35.375000000000000,62.875000000000000,1
113,7156,14572,33.375000000000000,62.875000000000000,1
114,7157,14573,31.375000000000000,62.875000000000000,1
115,7165,14622,49.375000000000000,63.125000000000000,1
116,7166,14623,47.375000000000000,63.125000000000000,1
117,7167,14624,45.375000000000000,63.125000000000000,1
118,7168,14625,43.375000000000000,63.125000000000000,1
119,7169,14626,41.375000000000000,63.125000000000000,1
120,7170,14627,39.375000000000000,63.125000000000000,1
121,7171,14628,37.375000000000000,63.125000000000000,1
122,7172,14629,35.375000000000000,63.125000000000000,1
123,7173,14630,33.375000000000000,63.125000000000000,1
124,7174,14631,31.375000000000000,63.125000000000000,1
125,7182,14680,49.375000000000000,63.375000000000000,1
126,7183,14681,47.375000000000000,63.375000000000000,1
127,7184,14682,45.375000000000000,63.375000000000000,1
128,7185,14683,43.375000000000000,63.375000000000000,1
129,7186,14684,41.375000000000000,63.375000000000000,1
130,7187,14685,39.375000000000000,63.375000000000000,1
131,7188,14686,37.375000000000000,63.375000000000000,1
132,7189,14687,35.375000000000000,63.375000000000000,1
133,7190,14688,33.375000000000000,63.375000000000000,1
134,7191,14689,31.375000000000000,63.375000000000000,1
135,7199,14738,49.375000000000000,63.625000000000000,1
136,7200,14739,47.375000000000000,63.625000000000000,1
137,7201,14740,45.375000000000000,63.625000000000000,1
138,7202,14741,43.375000000000000,63.625000000000000,1
139,7203,14742,41.375000000000000,63.625000000000000,1
140,7204,14743,39.375000000000000,63.625000000000000,1
141,7205,14744,37.375000000000000,63.625000000000000,1
142,7206,14745,35.375000000000000,63.625000000000000,1
143,7207,14746,33.375000000000000,63.625000000000000,1
144,7208,14747,31.375000000000000,63.625000000000000,1
145,7216,14796,49.375000000000000,63.875000000000000,1
146,7217,14797,47.375000000000000,63.875000000000000,1
147,7218,14798,45.375000000000000,63.875000000000000,1
148,7219,14799,43.375000000000000,63.875000000000000,1
149,7220,14800,41.375000000000000,63.875000000000000,1
150,7221,14801,39.375000000000000,63.875000000000000,1
151,7222,14802,37.375000000000000,63.875000000000000,1
152,7223,14803,35.375000000000000,63.875000000000000,1
153,7224,14804,33.375000000000000,63.875000000000000,1
154,7225,14805,31.375000000000000,63.875000000000000,1
155,7233,14854,49.375000000000000,64.125000000000000,1
156,7234,14855,47.375000000000000,64.125000000000000,1
157,7235,14856,45.375000000000000,64.125000000000000,1
158,7236,14857,43.375000000000000,64.125000000000000,1
159,7237,14858,41.375000000000000,64.125000000000000,1
160,7238,14859,39.375000000000000,64.125000000000000,1
161,7239,14860,37.375000000000000,64.125000000000000,1
162,7240,14861,35.375000000000000,64.125000000000000,1
163,7241,14862,33.375000000000000,64.125000000000000,1
164,7242,14863,31.375000000000000,64.125000000000000,1
165,7250,14912,49.375000000000000,64.375000000000000,1
166,7251,14913,47.375000000000000,64.375000000000000,1
167,7252,14914,45.375000000000000,64.375000000000000,1
168,7253,14915,43.375000000000000,64.375000000000000,1
169,7254,14916,41.375000000000000,64.375000000000000,1
170,7255,14917,39.375000000000000,64.375000000000000,1
171,7256,14918,37.375000000000000,64.375000000000000,1
172,7257,14919,35.375000000000000,64.375000000000000,1
173,7258,14920,33.375000000000000,64.375000000000000,1
174,7259,14921,31.375000000000000,64.375000000000000,1
175,7267,14970,49.375000000000000,64.625000000000000,1
176,7268,14971,47.375000000000000,64.625000000000000,1
177,7269,14972,45.375000000000000,64.625000000000000,1
178,7270,14973,43.375000000000000,64.625000000000000,1
179,7271,14974,41.375000000000000,64.625000000000000,1
180,7272,14975,39.375000000000000,64.625000000000000,1
181,7273,14976,37.375000000000000,64.625000000000000,1
182,7274,14977,35.375000000000000,64.625000000000000,1
183,7275,14978,33.375000000000000,64.625000000000000,1
184,7276,14979,31.375000000000000,64.625000000000000,1
185,7284,15028,49.375000000000000,64.875000000000000,1
186,7285,15029,47.375000000000000,64.875000000000000,1
187,7286,15030,45.375000000000000,64.875000000000000,1
188,7287,15031,43.375000000000000,64.875000000000000,1
189,7288,15032,41.375000000000000,64.875000000000000,1
190,7289,15033,39.375000000000000,64.875000000000000,1
191,7290,15034,37.375000000000000,64.875000000000000,1
192,7291,15035,35.375000000000000,64.875000000000000,1
193,7292,15036,33.375000000000000,64.875000000000000,1
194,7293,15037,31.375000000000000,64.875000000000000,1
195,7301,15086,49.375000000000000,65.125000000000000,1
196,7302,15087,47.375000000000000,65.125000000000000,1
197,7303,15088,45.375000000000000,65.125000000000000,1
198,7304,15089,43.375000000000000,65.125000000000000,1
199,7305,15090,41.375000000000000,65.125000000000000,1
200,7306,15091,39.375000000000000,65.125000000000000,1
201,7307,15092,37.375000000000000,65.125000000000000,1
202,7308,15093,35.375000000000000,65.125000000000000,1
203,7309,15094,33.375000000000000,65.125000000000000,1
204,7310,15095,31.375000000000000,65.125000000000000,1
205,7318,15144,49.375000000000000,65.375000000000000,1
206,7319,15145,47.375000000000000,65.375000000000000,1
207,7320,15146,45.375000000000000,65.375000000000000,1
208,7321,15147,43.375000000000000,65.375000000000000,1
209,7322,15148,41.375000000000000,65.375000000000000,1
210,7323,15149,39.375000000000000,65.375000000000000,1
211,7324,15150,37.375000000000000,65.375000000000000,1
212,7325,15151,35.375000000000000,65.375000000000000,1
213,7326,15152,33.375000000000000,65.375000000000000,1
214,7327,15153,31.375000000000000,65.375000000000000,1
215,7335,15202,49.375000000000000,65.625000000000000,1
216,7336,15203,47.375000000000000,65.625000000000000,1
217,7337,15204,45.375000000000000,65.625000000000000,1
218,7338,15205,43.375000000000000,65.625000000000000,1
219,7339,15206,41.375000000000000,65.625000000000000,1
220,7340,15207,39.375000000000000,65.625000000000000,1
221,7341,15208,37.375000000000000,65.625000000000000,1
222,7342,15209,35.375000000000000,65.625000000000000,1
223,7343,15210,33.375000000000000,65.625000000000000,1
224,7344,15211,31.375000000000000,65.625000000000000,1
225,7352,15260,49.375000000000000,65.875000000000000,1
226,7353,15261,47.375000000000000,65.875000000000000,1
227,7354,15262,45.375000000000000,65.875000000000000,1
228,7355,15263,43.375000000000000,65.875000000000000,1
229,7356,15264,41.375000000000000,65.875000000000000,1
230,7357,15265,39.375000000000000,65.875000000000000,1
231,7358,15266,37.375000000000000,65.875000000000000,1
232,7359,15267,35.375000000000000,65.875000000000000,1
233,7360,15268,33.375000000000000,65.875000000000000,1
234,7361,15269,31.375000000000000,65.875000000000000,1
235,7369,15318,49.375000000000000,66.125000000000000,1
236,7370,15319,47.375000000000000,66.125000000000000,1
237,7371,15320,45.375000000000000,66.125000000000000,1
238,7372,15321,43.375000000000000,66.125000000000000,1
239,7373,15322,41.375000000000000,66.125000000000000,1
240,7374,15323,39.375000000000000,66.125000000000000,1
241,7375,15324,37.375000000000000,66.125000000000000,1
242,7376,15325,35.375000000000000,66.125000000000000,1
243,7377,15326,33.375000000000000,66.125000000000000,1
244,7378,15327,31.375000000000000,66.125000000000000,1
245,7386,15376,49.375000000000000,66.375000000000000,1
246,7387,15377,47.375000000000000,66.375000000000000,1
247,7388,15378,45.375000000000000,66.375000000000000,1
248,7389,15379,43.375000000000000,66.375000000000000,1
249,7390,15380,41.375000000000000,66.375000000000000,1
250,7391,15381,39.375000000000000,66.375000000000000,1
251,7392,15382,37.375000000000000,66.375000000000000,1
252,7393,15383,35.375000000000000,66.375000000000000,1
253,7394,15384,33.375000000000000,66.375000000000000,1
254,7395,15385,31.375000000000000,66.375000000000000,1
255,7403,15434,49.375000000000000,66.625000000000000,1
256,7404,15435,47.375000000000000,66.625000000000000,1
257,7405,15436,45.375000000000000,66.625000000000000,1
258,7406,15437,43.375000000000000,66.625000000000000,1
259,7407,15438,41.375000000000000,66.625000000000000,1
260,7408,15439,39.375000000000000,66.625000000000000,1
261,7409,15440,37.375000000000000,66.625000000000000,1
262,7410,15441,35.375000000000000,66.625000000000000,1
263,7411,15442,33.375000000000000,66.625000000000000,1
264,7412,15443,31.375000000000000,66.625000000000000,1
265,7421,15492,49.375000000000000,66.875000000000000,1
266,7422,15493,47.375000000000000,66.875000000000000,1
267,7423,15494,45.375000000000000,66.875000000000000,1
268,7424,15495,43.375000000000000,66.875000000000000,1
269,7425,15496,41.375000000000000,66.875000000000000,1
270,7426,15497,39.375000000000000,66.875000000000000,1
271,7427,15498,37.375000000000000,66.875000000000000,1
272,7428,15499,35.375000000000000,66.875000000000000,1
273,7429,15500,33.375000000000000,66.875000000000000,1
274,7430,15501,31.375000000000000,66.875000000000000,1
275,7439,15550,49.375000000000000,67.125000000000000,1
276,7440,15551,47.375000000000000,67.125000000000000,1
277,7441,15552,45.375000000000000,67.125000000000000,1
278,7442,15553,43.375000000000000,67.125000000000000,1
279,7443,15554,41.375000000000000,67.125000000000000,1
280,7444,15555,39.375000000000000,67.125000000000000,1
281,7445,15556,37.375000000000000,67.125000000000000,1
282,7446,15557,35.375000000000000,67.125000000000000,1
283,7447,15558,33.375000000000000,67.125000000000000,1
284,7448,15559,31.375000000000000,67.125000000000000,1
285,7457,15608,49.375000000000000,67.375000000000000,1
286,7458,15609,47.375000000000000,67.375000000000000,1
287,7459,15610,45.375000000000000,67.375000000000000,1
288,7460,15611,43.375000000000000,67.375000000000000,1
289,7461,15612,41.375000000000000,67.375000000000000,1
290,7462,15613,39.375000000000000,67.375000000000000,1
291,7463,15614,37.375000000000000,67.375000000000000,1
292,7464,15615,35.375000000000000,67.375000000000000,1
293,7465,15616,33.375000000000000,67.375000000000000,1
294,7466,15617,31.375000000000000,67.375000000000000,1
295,7475,15666,49.375000000000000,67.625000000000000,1
296,7476,15667,47.375000000000000,67.625000000000000,1
297,7477,15668,45.375000000000000,67.625000000000000,1
298,7478,15669,43.375000000000000,67.625000000000000,1
299,7479,15670,41.375000000000000,67.625000000000000,1
300,7480,15671,39.375000000000000,67.625000000000000,1
301,7481,15672,37.375000000000000,67.625000000000000,1
302,7482,15673,35.375000000000000,67.625000000000000,1
303,7483,15674,33.375000000000000,67.625000000000000,1
304,7484,15675,31.375000000000000,67.625000000000000,1
305,7493,15724,49.375000000000000,67.875000000000000,1
306,7494,15725,47.375000000000000,67.875000000000000,1
307,7495,15726,45.375000000000000,67.875000000000000,1
308,7496,15727,43.375000000000000,67.875000000000000,1
309,7497,15728,41.375000000000000,67.875000000000000,1
310,7498,15729,39.375000000000000,67.875000000000000,1
311,7499,15730,37.375000000000000,67.875000000000000,1
312,7500,15731,35.375000000000000,67.875000000000000,1
313,7501,15732,33.375000000000000,67.875000000000000,1
314,7502,15733,31.375000000000000,67.875000000000000,1
315,7511,15782,49.375000000000000,68.125000000000000,1
316,7512,15783,47.375000000000000,68.125000000000000,1
317,7513,15784,45.375000000000000,68.125000000000000,1
318,7514,15785,43.375000000000000,68.125000000000000,1
319,7515,15786,41.375000000000000,68.125000000000000,1
320,7516,15787,39.375000000000000,68.125000000000000,1
321,7517,15788,37.375000000000000,68.125000000000000,1
322,7518,15789,35.375000000000000,68.125000000000000,1
323,7519,15790,33.375000000000000,68.125000000000000,1
324,7520,15791,31.375000000000000,68.125000000000000,1
325,7529,15840,49.375000000000000,68.375000000000000,1
326,7530,15841,47.375000000000000,68.375000000000000,1
327,7531,15842,45.375000000000000,68.375000000000000,1
328,7532,15843,43.375000000000000,68.375000000000000,1
329,7533,15844,41.375000000000000,68.375000000000000,1
330,7534,15845,39.375000000000000,68.375000000000000,1
331,7535,15846,37.375000000000000,68.375000000000000,1
332,7536,15847,35.375000000000000,68.375000000000000,1
333,7537,15848,33.375000000000000,68.375000000000000,1
334,7538,15849,31.375000000000000,68.375000000000000,1
335,7547,15898,49.375000000000000,68.625000000000000,1
336,7548,15899,47.375000000000000,68.625000000000000,1
337,7549,15900,45.375000000000000,68.625000000000000,1
338,7550,15901,43.375000000000000,68.625000000000000,1
339,7551,15902,41.375000000000000,68.625000000000000,1
340,7552,15903,39.375000000000000,68.625000000000000,1
341,7553,15904,37.375000000000000,68.625000000000000,1
342,7554,15905,35.375000000000000,68.625000000000000,1
343,7555,15906,33.375000000000000,68.625000000000000,1
344,7556,15907,31.375000000000000,68.625000000000000,1
345,7565,15956,49.375000000000000,68.875000000000000,1
346,7566,15957,47.375000000000000,68.875000000000000,1
347,7567,15958,45.375000000000000,68.875000000000000,1
348,7568,15959,43.375000000000000,68.875000000000000,1
349,7569,15960,41.375000000000000,68.875000000000000,1
350,7570,15961,39.375000000000000,68.875000000000000,1
351,7571,15962,37.375000000000000,68.875000000000000,1
352,7572,15963,35.375000000000000,68.875000000000000,1
353,7573,15964,33.375000000000000,68.875000000000000,1
354,7574,15965,31.375000000000000,68.875000000000000,1
355,7584,16014,49.375000000000000,69.125000000000000,1
356,7585,16015,47.375000000000000,69.125000000000000,1
357,7586,16016,45.375000000000000,69.125000000000000,1
358,7587,16017,43.375000000000000,69.125000000000000,1
359,7588,16018,41.375000000000000,69.125000000000000,1
360,7589,16019,39.375000000000000,69.125000000000000,1
361,7590,16020,37.375000000000000,69.125000000000000,1
362,7591,16021,35.375000000000000,69.125000000000000,1
363,7592,16022,33.375000000000000,69.125000000000000,1
364,7593,16023,31.375000000000000,69.125000000000000,1
365,7603,16072,49.375000000000000,69.375000000000000,1
366,7604,16073,47.375000000000000,69.375000000000000,1
367,7605,16074,45.375000000000000,69.375000000000000,1
368,7606,16075,43.375000000000000,69.375000000000000,1
369,7607,16076,41.375000000000000,69.375000000000000,1
370,7608,16077,39.375000000000000,69.375000000000000,1
371,7609,16078,37.375000000000000,69.375000000000000,1
372,7610,16079,35.375000000000000,69.375000000000000,1
373,7611,16080,33.375000000000000,69.375000000000000,1
374,7612,16081,31.375000000000000,69.375000000000000,1
375,7622,16130,49.375000000000000,69.625000000000000,1
376,7623,16131,47.375000000000000,69.625000000000000,1
377,7624,16132,45.375000000000000,69.625000000000000,1
378,7625,16133,43.375000000000000,69.625000000000000,1
379,7626,16134,41.375000000000000,69.625000000000000,1
380,7627,16135,39.375000000000000,69.625000000000000,1
381,7628,16136,37.375000000000000,69.625000000000000,1
382,7629,16137,35.375000000000000,69.625000000000000,1
383,7630,16138,33.375000000000000,69.625000000000000,1
384,7631,16139,31.375000000000000,69.625000000000000,1
385,7641,16188,49.375000000000000,69.875000000000000,1
386,7642,16189,47.375000000000000,69.875000000000000,1
387,7643,16190,45.375000000000000,69.875000000000000,1
388,7644,16191,43.375000000000000,69.875000000000000,1
389,7645,16192,41.375000000000000,69.875000000000000,1
390,7646,16193,39.375000000000000,69.875000000000000,1
391,7647,16194,37.375000000000000,69.875000000000000,1
392,7648,16195,35.375000000000000,69.875000000000000,1
393,7649,16196,33.375000000000000,69.875000000000000,1
394,7650,16197,31.375000000000000,69.875000000000000,1
395,7661,16246,49.375000000000000,70.125000000000000,1
396,7662,16247,47.375000000000000,70.125000000000000,1
397,7663,16248,45.375000000000000,70.125000000000000,1
398,7664,16249,43.375000000000000,70.125000000000000,1
399,7665,16250,41.375000000000000,70.125000000000000,1
400,7666,16251,39.375000000000000,70.125000000000000,1
401,7667,16252,37.375000000000000,70.125000000000000,1
402,7668,16253,35.375000000000000,70.125000000000000,1
403,7669,16254,33.375000000000000,70.125000000000000,1
404,7670,16255,31.375000000000000,70.125000000000000,1
405,7681,16304,49.375000000000000,70.375000000000000,1
406,7682,16305,47.375000000000000,70.375000000000000,1
407,7683,16306,45.375000000000000,70.375000000000000,1
408,7684,16307,43.375000000000000,70.375000000000000,1
409,7685,16308,41.375000000000000,70.375000000000000,1
410,7686,16309,39.375000000000000,70.375000000000000,1
411,7687,16310,37.375000000000000,70.375000000000000,1
412,7688,16311,35.375000000000000,70.375000000000000,1
413,7689,16312,33.375000000000000,70.375000000000000,1
414,7690,16313,31.375000000000000,70.375000000000000,1
415,7701,16362,49.375000000000000,70.625000000000000,1
416,7702,16363,47.375000000000000,70.625000000000000,1
417,7703,16364,45.375000000000000,70.625000000000000,1
418,7704,16365,43.375000000000000,70.625000000000000,1
419,7705,16366,41.375000000000000,70.625000000000000,1
420,7706,16367,39.375000000000000,70.625000000000000,1
421,7707,16368,37.375000000000000,70.625000000000000,1
422,7708,16369,35.375000000000000,70.625000000000000,1
423,7709,16370,33.375000000000000,70.625000000000000,1
424,7710,16371,31.375000000000000,70.625000000000000,1
425,7721,16420,49.375000000000000,70.875000000000000,1
426,7722,16421,47.375000000000000,70.875000000000000,1
427,7723,16422,45.375000000000000,70.875000000000000,1
428,7724,16423,43.375000000000000,70.875000000000000,1
429,7725,16424,41.375000000000000,70.875000000000000,1
430,7726,16425,39.375000000000000,70.875000000000000,1
431,7727,16426,37.375000000000000,70.875000000000000,1
432,7728,16427,35.375000000000000,70.875000000000000,1
433,7729,16428,33.375000000000000,70.875000000000000,1
434,7730,16429,31.375000000000000,70.875000000000000,1
435,7741,16478,49.375000000000000,71.125000000000000,1
436,7742,16479,47.375000000000000,71.125000000000000,1
437,7743,16480,45.375000000000000,71.125000000000000,1
438,7744,16481,43.375000000000000,71.125000000000000,1
439,7745,16482,41.375000000000000,71.125000000000000,1
440,7746,16483,39.375000000000000,71.125000000000000,1
441,7747,16484,37.375000000000000,71.125000000000000,1
442,7748,16485,35.375000000000000,71.125000000000000,1
443,7749,16486,33.375000000000000,71.125000000000000,1
444,7750,16487,31.375000000000000,71.125000000000000,1
445,7761,16536,49.375000000000000,71.375000000000000,1
446,7762,16537,47.375000000000000,71.375000000000000,1
447,7763,16538,45.375000000000000,71.375000000000000,1
448,7764,16539,43.375000000000000,71.375000000000000,1
449,7765,16540,41.375000000000000,71.375000000000000,1
450,7766,16541,39.375000000000000,71.375000000000000,1
451,7767,16542,37.375000000000000,71.375000000000000,1
452,7768,16543,35.375000000000000,71.375000000000000,1
453,7769,16544,33.375000000000000,71.375000000000000,1
454,7770,16545,31.375000000000000,71.375000000000000,1
455,7781,16594,49.375000000000000,71.625000000000000,1
456,7782,16595,47.375000000000000,71.625000000000000,1
457,7783,16596,45.375000000000000,71.625000000000000,1
458,7784,16597,43.375000000000000,71.625000000000000,1
459,7785,16598,41.375000000000000,71.625000000000000,1
460,7786,16599,39.375000000000000,71.625000000000000,1
461,7787,16600,37.375000000000000,71.625000000000000,1
462,7788,16601,35.375000000000000,71.625000000000000,1
463,7789,16602,33.375000000000000,71.625000000000000,1
464,7790,16603,31.375000000000000,71.625000000000000,1
465,7801,16652,49.375000000000000,71.875000000000000,1
466,7802,16653,47.375000000000000,71.875000000000000,1
467,7803,16654,45.375000000000000,71.875000000000000,1
468,7804,16655,43.375000000000000,71.875000000000000,1
469,7805,16656,41.375000000000000,71.875000000000000,1
470,7806,16657,39.375000000000000,71.875000000000000,1
471,7807,16658,37.375000000000000,71.875000000000000,1
472,7808,16659,35.375000000000000,71.875000000000000,1
473,7809,16660,33.375000000000000,71.875000000000000,1
474,7810,16661,31.375000000000000,71.875000000000000,1
475,7821,16710,49.375000000000000,72.125000000000000,1
476,7822,16711,47.375000000000000,72.125000000000000,1
477,7823,16712,45.375000000000000,72.125000000000000,1
478,7824,16713,43.375000000000000,72.125000000000000,1
479,7825,16714,41.375000000000000,72.125000000000000,1
480,7826,16715,39.375000000000000,72.125000000000000,1
481,7827,16716,37.375000000000000,72.125000000000000,1
482,7828,16717,35.375000000000000,72.125000000000000,1
483,7829,16718,33.375000000000000,72.125000000000000,1
484,7830,16719,31.375000000000000,72.125000000000000,1
485,7841,16768,49.375000000000000,72.375000000000000,1
486,7842,16769,47.375000000000000,72.375000000000000,1
487,7843,16770,45.375000000000000,72.375000000000000,1
488,7844,16771,43.375000000000000,72.375000000000000,1
489,7845,16772,41.375000000000000,72.375000000000000,1
490,7846,16773,39.375000000000000,72.375000000000000,1
491,7847,16774,37.375000000000000,72.375000000000000,1
492,7848,16775,35.375000000000000,72.375000000000000,1
493,7849,16776,33.375000000000000,72.375000000000000,1
494,7850,16777,31.375000000000000,72.375000000000000,1
495,7860,16826,49.375000000000000,72.625000000000000,1
496,7861,16827,47.375000000000000,72.625000000000000,1
497,7862,16828,45.375000000000000,72.625000000000000,1
498,7863,16829,43.375000000000000,72.625000000000000,1
499,7864,16830,41.375000000000000,72.625000000000000,1
500,7865,16831,39.375000000000000,72.625000000000000,1
501,7866,16832,37.375000000000000,72.625000000000000,1
502,7867,16833,35.375000000000000,72.625000000000000,1
503,7868,16834,33.375000000000000,72.625000000000000,1
504,7869,16835,31.375000000000000,72.625000000000000,1
505,7880,16884,49.375000000000000,72.875000000000000,1
506,7881,16885,47.375000000000000,72.875000000000000,1
507,7882,16886,45.375000000000000,72.875000000000000,1
508,7883,16887,43.375000000000000,72.875000000000000,1
509,7884,16888,41.375000000000000,72.875000000000000,1
510,7885,16889,39.375000000000000,72.875000000000000,1
511,7886,16890,37.375000000000000,72.875000000000000,1
512,7887,16891,35.375000000000000,72.875000000000000,1
513,7888,16892,33.375000000000000,72.875000000000000,1
514,7889,16893,31.375000000000000,72.875000000000000,1
515,7900,16942,49.375000000000000,73.125000000000000,1
516,7901,16943,47.375000000000000,73.125000000000000,1
517,7902,16944,45.375000000000000,73.125000000000000,1
518,7903,16945,43.375000000000000,73.125000000000000,1
519,7904,16946,41.375000000000000,73.125000000000000,1
520,7905,16947,39.375000000000000,73.125000000000000,1
521,7906,16948,37.375000000000000,73.125000000000000,1
522,7907,16949,35.375000000000000,73.125000000000000,1
523,7908,16950,33.375000000000000,73.125000000000000,1
524,7909,16951,31.375000000000000,73.125000000000000,1
525,7920,17000,49.375000000000000,73.375000000000000,1
526,7921,17001,47.375000000000000,73.375000000000000,1
527,7922,17002,45.375000000000000,73.375000000000000,1
528,7923,17003,43.375000000000000,73.375000000000000,1
529,7924,17004,41.375000000000000,73.375000000000000,1
530,7925,17005,39.375000000000000,73.375000000000000,1
531,7926,17006,37.375000000000000,73.375000000000000,1
532,7927,17007,35.375000000000000,73.375000000000000,1
533,7928,17008,33.375000000000000,73.375000000000000,1
534,7929,17009,31.375000000000000,73.375000000000000,1
535,7940,17058,49.375000000000000,73.625000000000000,1
536,7941,17059,47.375000000000000,73.625000000000000,1
537,7942,17060,45.375000000000000,73.625000000000000,1
538,7943,17061,43.375000000000000,73.625000000000000,1
539,7944,17062,41.375000000000000,73.625000000000000,1
540,7945,17063,39.375000000000000,73.625000000000000,1
541,7946,17064,37.375000000000000,73.625000000000000,1
542,7947,17065,35.375000000000000,73.625000000000000,1
543,7948,17066,33.375000000000000,73.625000000000000,1
544,7949,17067,31.375000000000000,73.625000000000000,1
545,7960,17116,49.375000000000000,73.875000000000000,1
546,7961,17117,47.375000000000000,73.875000000000000,1
547,7962,17118,45.375000000000000,73.875000000000000,1
548,7963,17119,43.375000000000000,73.875000000000000,1
549,7964,17120,41.375000000000000,73.875000000000000,1
550,7965,17121,39.375000000000000,73.875000000000000,1
551,7966,17122,37.375000000000000,73.875000000000000,1
552,7967,17123,35.375000000000000,73.875000000000000,1
553,7968,17124,33.375000000000000,73.875000000000000,1
554,7969,17125,31.375000000000000,73.875000000000000,1
555,7983,17174,49.375000000000000,74.125000000000000,1
556,7984,17175,47.375000000000000,74.125000000000000,1
557,7985,17176,45.375000000000000,74.125000000000000,1
558,7986,17177,43.375000000000000,74.125000000000000,1
559,7987,17178,41.375000000000000,74.125000000000000,1
560,7988,17179,39.375000000000000,74.125000000000000,1
561,7989,17180,37.375000000000000,74.125000000000000,1
562,7990,17181,35.375000000000000,74.125000000000000,1
563,7991,17182,33.375000000000000,74.125000000000000,1
564,7992,17183,31.375000000000000,74.125000000000000,1
565,8006,17232,49.375000000000000,74.375000000000000,1
566,8007,17233,47.375000000000000,74.375000000000000,1
567,8008,17234,45.375000000000000,74.375000000000000,1
568,8009,17235,43.375000000000000,74.375000000000000,1
569,8010,17236,41.375000000000000,74.375000000000000,1
570,8011,17237,39.375000000000000,74.375000000000000,1
571,8012,17238,37.375000000000000,74.375000000000000,1
572,8013,17239,35.375000000000000,74.375000000000000,1
573,8014,17240,33.375000000000000,74.375000000000000,1
574,8015,17241,31.375000000000000,74.375000000000000,1
575,8029,17290,49.375000000000000,74.625000000000000,1
576,8030,17291,47.375000000000000,74.625000000000000,1
577,8031,17292,45.375000000000000,74.625000000000000,1
578,8032,17293,43.375000000000000,74.625000000000000,1
579,8033,17294,41.375000000000000,74.625000000000000,1
580,8034,17295,39.375000000000000,74.625000000000000,1
581,8035,17296,37.375000000000000,74.625000000000000,1
582,8036,17297,35.375000000000000,74.625000000000000,1
583,8037,17298,33.375000000000000,74.625000000000000,1
584,8038,17299,31.375000000000000,74.625000000000000,1
585,8052,17348,49.375000000000000,74.875000000000000,1
586,8053,17349,47.375000000000000,74.875000000000000,1
587,8054,17350,45.375000000000000,74.875000000000000,1
588,8055,17351,43.375000000000000,74.875000000000000,1
589,8056,17352,41.375000000000000,74.875000000000000,1
590,8057,17353,39.375000000000000,74.875000000000000,1
591,8058,17354,37.375000000000000,74.875000000000000,1
592,8059,17355,35.375000000000000,74.875000000000000,1
593,8060,17356,33.375000000000000,74.875000000000000,1
594,8061,17357,31.375000000000000,74.875000000000000,1