FID,OBJECTID,field,Var1,Var2,value
0,3,7,47.375000000000000,0.125000000000000,1
1,4,8,45.375000000000000,0.125000000000000,1
2,23,65,47.375000000000000,0.375000000000000,1
3,24,66,45.375000000000000,0.375000000000000,1
4,43,123,47.375000000000000,0.625000000000000,1
5,44,124,45.375000000000000,0.625000000000000,1
6,63,181,47.375000000000000,0.875000000000000,1
7,64,182,45.375000000000000,0.875000000000000,1
8,82,239,47.375000000000000,1.125000000000000,1
9,83,240,45.375000000000000,1.125000000000000,1
10,101,296,49.375000000000000,1.375000000000000,1
11,102,297,47.375000000000000,1.375000000000000,1
12,103,298,45.375000000000000,1.375000000000000,1
13,121,354,49.375000000000000,1.625000000000000,1
14,122,355,47.375000000000000,1.625000000000000,1
15,123,356,45.375000000000000,1.625000000000000,1
16,141,412,49.375000000000000,1.875000000000000,1
17,142,413,47.375000000000000,1.875000000000000,1
18,143,414,45.375000000000000,1.875000000000000,1
19,161,470,49.375000000000000,2.125000000000000,1
20,162,471,47.375000000000000,2.125000000000000,1
21,163,472,45.375000000000000,2.125000000000000,1
22,181,528,49.375000000000000,2.375000000000000,1
23,182,529,47.375000000000000,2.375000000000000,1
24,183,530,45.375000000000000,2.375000000000000,1
25,200,586,49.375000000000000,2.625000000000000,1
26,201,587,47.375000000000000,2.625000000000000,1
27,202,588,45.375000000000000,2.625000000000000,1
28,219,644,49.375000000000000,2.875000000000000,1
29,220,645,47.375000000000000,2.875000000000000,1
30,221,646,45.375000000000000,2.875000000000000,1
31,238,702,49.375000000000000,3.125000000000000,1
32,239,703,47.375000000000000,3.125000000000000,1
33,240,704,45.375000000000000,3.125000000000000,1
34,257,760,49.375000000000000,3.375000000000000,1
35,258,761,47.375000000000000,3.375000000000000,1
36,259,762,45.375000000000000,3.375000000000000,1
37,276,818,49.375000000000000,3.625000000000000,1
38,277,819,47.375000000000000,3.625000000000000,1
39,278,820,45.375000000000000,3.625000000000000,1
40,295,876,49.375000000000000,3.875000000000000,1
41,296,877,47.375000000000000,3.875000000000000,1
42,297,878,45.375000000000000,3.875000000000000,1
43,313,934,49.375000000000000,4.125000000000000,1
44,314,935,47.375000000000000,4.125000000000000,1
45,315,936,45.375000000000000,4.125000000000000,1
46,331,991,51.375000000000000,4.375000000000000,1
47,332,992,49.375000000000000,4.375000000000000,1
48,333,993,47.375000000000000,4.375000000000000,1
49,334,994,45.375000000000000,4.375000000000000,1
50,350,1049,51.375000000000000,4.625000000000000,1
51,351,1050,49.375000000000000,4.625000000000000,1
52,352,1051,47.375000000000000,4.625000000000000,1
53,353,1052,45.375000000000000,4.625000000000000,1
54,369,1107,51.375000000000000,4.875000000000000,1
55,370,1108,49.375000000000000,4.875000000000000,1
56,371,1109,47.375000000000000,4.875000000000000,1
57,372,1110,45.375000000000000,4.875000000000000,1
58,388,1165,51.375000000000000,5.125000000000000,1
59,389,1166,49.375000000000000,5.125000000000000,1
60,390,1167,47.375000000000000,5.125000000000000,1
61,391,1168,45.375000000000000,5.125000000000000,1
62,407,1223,51.375000000000000,5.375000000000000,1
63,408,1224,49.375000000000000,5.375000000000000,1
64,409,1225,47.375000000000000,5.375000000000000,1
65,410,1226,45.375000000000000,5.375000000000000,1
66,426,1281,51.375000000000000,5.625000000000000,1
67,427,1282,49.375000000000000,5.625000000000000,1
68,428,1283,47.375000000000000,5.625000000000000,1
69,429,1284,45.375000000000000,5.625000000000000,1
70,446,1339,51.375000000000000,5.875000000000000,1
71,447,1340,49.375000000000000,5.875000000000000,1
72,448,1341,47.375000000000000,5.875000000000000,1
73,449,1342,45.375000000000000,5.875000000000000,1
74,466,1397,51.375000000000000,6.125000000000000,1
75,467,1398,49.375000000000000,6.125000000000000,1
76,468,1399,47.375000000000000,6.125000000000000,1
77,469,1400,45.375000000000000,6.125000000000000,1
78,487,1455,51.375000000000000,6.375000000000000,1
79,488,1456,49.375000000000000,6.375000000000000,1
80,489,1457,47.375000000000000,6.375000000000000,1
81,490,1458,45.375000000000000,6.375000000000000,1
82,509,1513,51.375000000000000,6.625000000000000,1
83,510,1514,49.375000000000000,6.625000000000000,1
84,511,1515,47.375000000000000,6.625000000000000,1
85,512,1516,45.375000000000000,6.625000000000000,1
86,531,1571,51.375000000000000,6.875000000000000,1
87,532,1572,49.375000000000000,6.875000000000000,1
88,533,1573,47.375000000000000,6.875000000000000,1
89,534,1574,45.375000000000000,6.875000000000000,1
90,553,1629,51.375000000000000,7.125000000000000,1
91,554,1630,49.375000000000000,7.125000000000000,1
92,555,1631,47.375000000000000,7.125000000000000,1
93,556,1632,45.375000000000000,7.125000000000000,1
94,575,1687,51.375000000000000,7.375000000000000,1
95,576,1688,49.375000000000000,7.375000000000000,1
96,577,1689,47.375000000000000,7.375000000000000,1
97,578,1690,45.375000000000000,7.375000000000000,1
98,597,1745,51.375000000000000,7.625000000000000,1
99,598,1746,49.375000000000000,7.625000000000000,1
100,599,1747,47.375000000000000,7.625000000000000,1
101,600,1748,45.375000000000000,7.625000000000000,1
102,619,1803,51.375000000000000,7.875000000000000,1
103,620,1804,49.375000000000000,7.875000000000000,1
104,621,1805,47.375000000000000,7.875000000000000,1
105,622,1806,45.375000000000000,7.875000000000000,1
106,641,1861,51.375000000000000,8.125000000000000,1
107,642,1862,49.375000000000000,8.125000000000000,1
108,643,1863,47.375000000000000,8.125000000000000,1
109,644,1864,45.375000000000000,8.125000000000000,1
110,663,1919,51.375000000000000,8.375000000000000,1
111,664,1920,49.375000000000000,8.375000000000000,1
112,665,1921,47.375000000000000,8.375000000000000,1
113,666,1922,45.375000000000000,8.375000000000000,1
114,685,1977,51.375000000000000,8.625000000000000,1
115,686,1978,49.375000000000000,8.625000000000000,1
116,687,1979,47.375000000000000,8.625000000000000,1
117,688,1980,45.375000000000000,8.625000000000000,1
118,708,2035,51.375000000000000,8.875000000000000,1
119,709,2036,49.375000000000000,8.875000000000000,1
120,710,2037,47.375000000000000,8.875000000000000,1
121,711,2038,45.375000000000000,8.875000000000000,1
122,731,2093,51.375000000000000,9.125000000000000,1
123,732,2094,49.375000000000000,9.125000000000000,1
124,733,2095,47.375000000000000,9.125000000000000,1
125,734,2096,45.375000000000000,9.125000000000000,1
126,755,2151,51.375000000000000,9.375000000000000,1
127,756,2152,49.375000000000000,9.375000000000000,1
128,757,2153,47.375000000000000,9.375000000000000,1
129,758,2154,45.375000000000000,9.375000000000000,1
130,778,2209,51.375000000000000,9.625000000000000,1
131,779,2210,49.375000000000000,9.625000000000000,1
132,780,2211,47.375000000000000,9.625000000000000,1
133,781,2212,45.375000000000000,9.625000000000000,1
134,803,2267,51.375000000000000,9.875000000000000,1
135,804,2268,49.375000000000000,9.875000000000000,1
136,805,2269,47.375000000000000,9.875000000000000,1
137,806,2270,45.375000000000000,9.875000000000000,1
138,830,2325,51.375000000000000,10.125000000000000,1
139,831,2326,49.375000000000000,10.125000000000000,1
140,832,2327,47.375000000000000,10.125000000000000,1
141,833,2328,45.375000000000000,10.125000000000000,1
142,856,2382,53.375000000000000,10.375000000000000,1
143,857,2383,51.375000000000000,10.375000000000000,1
144,858,2384,49.375000000000000,10.375000000000000,1
145,859,2385,47.375000000000000,10.375000000000000,1
146,860,2386,45.375000000000000,10.375000000000000,1
147,882,2440,53.375000000000000,10.625000000000000,1
148,883,2441,51.375000000000000,10.625000000000000,1
149,884,2442,49.375000000000000,10.625000000000000,1
150,885,2443,47.375000000000000,10.625000000000000,1
151,886,2444,45.375000000000000,10.625000000000000,1
152,908,2498,53.375000000000000,10.875000000000000,1
153,909,2499,51.375000000000000,10.875000000000000,1
154,910,2500,49.375000000000000,10.875000000000000,1
155,911,2501,47.375000000000000,10.875000000000000,1
156,912,2502,45.375000000000000,10.875000000000000,1
157,934,2556,53.375000000000000,11.125000000000000,1
158,935,2557,51.375000000000000,11.125000000000000,1
159,936,2558,49.375000000000000,11.125000000000000,1
160,937,2559,47.375000000000000,11.125000000000000,1
161,938,2560,45.375000000000000,11.125000000000000,1
162,959,2614,53.375000000000000,11.375000000000000,1
163,960,2615,51.375000000000000,11.375000000000000,1
164,961,2616,49.375000000000000,11.375000000000000,1
165,962,2617,47.375000000000000,11.375000000000000,1
166,963,2618,45.375000000000000,11.375000000000000,1
167,985,2672,53.375000000000000,11.625000000000000,1
168,986,2673,51.375000000000000,11.625000000000000,1
169,987,2674,49.375000000000000,11.625000000000000,1
170,988,2675,47.375000000000000,11.625000000000000,1
171,989,2676,45.375000000000000,11.625000000000000,1
172,1011,2730,53.375000000000000,11.875000000000000,1
173,1012,2731,51.375000000000000,11.875000000000000,1
174,1013,2732,49.375000000000000,11.875000000000000,1
175,1014,2733,47.375000000000000,11.875000000000000,1
176,1015,2734,45.375000000000000,11.875000000000000,1
177,1040,2788,53.375000000000000,12.125000000000000,1
178,1041,2789,51.375000000000000,12.125000000000000,1
179,1042,2790,49.375000000000000,12.125000000000000,1
180,1043,2791,47.375000000000000,12.125000000000000,1
181,1044,2792,45.375000000000000,12.125000000000000,1
182,1069,2846,53.375000000000000,12.375000000000000,1
183,1070,2847,51.375000000000000,12.375000000000000,1
184,1071,2848,49.375000000000000,12.375000000000000,1
185,1072,2849,47.375000000000000,12.375000000000000,1
186,1098,2904,53.375000000000000,12.625000000000000,1
187,1099,2905,51.375000000000000,12.625000000000000,1
188,1100,2906,49.375000000000000,12.625000000000000,1
189,1101,2907,47.375000000000000,12.625000000000000,1
190,1127,2962,53.375000000000000,12.875000000000000,1
191,1128,2963,51.375000000000000,12.875000000000000,1
192,1129,2964,49.375000000000000,12.875000000000000,1
193,1130,2965,47.375000000000000,12.875000000000000,1
194,1157,3020,53.375000000000000,13.125000000000000,1
195,1158,3021,51.375000000000000,13.125000000000000,1
196,1159,3022,49.375000000000000,13.125000000000000,1
197,1160,3023,47.375000000000000,13.125000000000000,1
198,1188,3078,53.375000000000000,13.375000000000000,1
199,1189,3079,51.375000000000000,13.375000000000000,1
200,1190,3080,49.375000000000000,13.375000000000000,1
201,1191,3081,47.375000000000000,13.375000000000000,1
202,1218,3136,53.375000000000000,13.625000000000000,1
203,1219,3137,51.375000000000000,13.625000000000000,1
204,1220,3138,49.375000000000000,13.625000000000000,1
205,1221,3139,47.375000000000000,13.625000000000000,1
206,1222,3140,45.375000000000000,13.625000000000000,1
207,1249,3194,53.375000000000000,13.875000000000000,1
208,1250,3195,51.375000000000000,13.875000000000000,1
209,1251,3196,49.375000000000000,13.875000000000000,1
210,1252,3197,47.375000000000000,13.875000000000000,1
211,1253,3198,45.375000000000000,13.875000000000000,1
212,1284,3252,53.375000000000000,14.125000000000000,1
213,1285,3253,51.375000000000000,14.125000000000000,1
214,1286,3254,49.375000000000000,14.125000000000000,1
215,1287,3255,47.375000000000000,14.125000000000000,1
216,1288,3256,45.375000000000000,14.125000000000000,1
217,1319,3310,53.375000000000000,14.375000000000000,1
218,1320,3311,51.375000000000000,14.375000000000000,1
219,1321,3312,49.375000000000000,14.375000000000000,1
220,1322,3313,47.375000000000000,14.375000000000000,1
221,1323,3314,45.375000000000000,14.375000000000000,1
222,1354,3368,53.375000000000000,14.625000000000000,1
223,1355,3369,51.375000000000000,14.625000000000000,1
224,1356,3370,49.375000000000000,14.625000000000000,1
225,1357,3371,47.375000000000000,14.625000000000000,1
226,1358,3372,45.375000000000000,14.625000000000000,1
227,1390,3426,53.375000000000000,14.875000000000000,1
228,1391,3427,51.375000000000000,14.875000000000000,1
229,1392,3428,49.375000000000000,14.875000000000000,1
230,1393,3429,47.375000000000000,14.875000000000000,1
231,1394,3430,45.375000000000000,14.875000000000000,1
232,1427,3484,53.375000000000000,15.125000000000000,1
233,1428,3485,51.375000000000000,15.125000000000000,1
234,1429,3486,49.375000000000000,15.125000000000000,1
235,1430,3487,47.375000000000000,15.125000000000000,1
236,1431,3488,45.375000000000000,15.125000000000000,1
237,1463,3542,53.375000000000000,15.375000000000000,1
238,1464,3543,51.375000000000000,15.375000000000000,1
239,1465,3544,49.375000000000000,15.375000000000000,1
240,1466,3545,47.375000000000000,15.375000000000000,1
241,1467,3546,45.375000000000000,15.375000000000000,1
242,1499,3600,53.375000000000000,15.625000000000000,1
243,1500,3601,51.375000000000000,15.625000000000000,1
244,1501,3602,49.375000000000000,15.625000000000000,1
245,1502,3603,47.375000000000000,15.625000000000000,1
246,1503,3604,45.375000000000000,15.625000000000000,1
247,1535,3658,53.375000000000000,15.875000000000000,1
248,1536,3659,51.375000000000000,15.875000000000000,1
249,1537,3660,49.375000000000000,15.875000000000000,1
250,1538,3661,47.375000000000000,15.875000000000000,1
251,1539,3662,45.375000000000000,15.875000000000000,1
252,1571,3716,53.375000000000000,16.125000000000000,1
253,1572,3717,51.375000000000000,16.125000000000000,1
254,1573,3718,49.375000000000000,16.125000000000000,1
255,1574,3719,47.375000000000000,16.125000000000000,1
256,1575,3720,45.375000000000000,16.125000000000000,1
257,1606,3774,53.375000000000000,16.375000000000000,1
258,1607,3775,51.375000000000000,16.375000000000000,1
259,1608,3776,49.375000000000000,16.375000000000000,1
260,1609,3777,47.375000000000000,16.375000000000000,1
261,1610,3778,45.375000000000000,16.375000000000000,1
262,1641,3832,53.375000000000000,16.625000000000000,1
263,1642,3833,51.375000000000000,16.625000000000000,1
264,1643,3834,49.375000000000000,16.625000000000000,1
265,1644,3835,47.375000000000000,16.625000000000000,1
266,1645,3836,45.375000000000000,16.625000000000000,1
267,1677,3890,53.375000000000000,16.875000000000000,1
268,1678,3891,51.375000000000000,16.875000000000000,1
269,1679,3892,49.375000000000000,16.875000000000000,1
270,1680,3893,47.375000000000000,16.875000000000000,1
271,1681,3894,45.375000000000000,16.875000000000000,1
272,1712,3948,53.375000000000000,17.125000000000000,1
273,1713,3949,51.375000000000000,17.125000000000000,1
274,1714,3950,49.375000000000000,17.125000000000000,1
275,1715,3951,47.375000000000000,17.125000000000000,1
276,1716,3952,45.375000000000000,17.125000000000000,1
277,1747,4006,53.375000000000000,17.375000000000000,1
278,1748,4007,51.375000000000000,17.375000000000000,1
279,1749,4008,49.375000000000000,17.375000000000000,1
280,1750,4009,47.375000000000000,17.375000000000000,1
281,1751,4010,45.375000000000000,17.375000000000000,1
282,1782,4064,53.375000000000000,17.625000000000000,1
283,1783,4065,51.375000000000000,17.625000000000000,1
284,1784,4066,49.375000000000000,17.625000000000000,1
285,1785,4067,47.375000000000000,17.625000000000000,1
286,1786,4068,45.375000000000000,17.625000000000000,1
287,1819,4122,53.375000000000000,17.875000000000000,1
288,1820,4123,51.375000000000000,17.875000000000000,1
289,1821,4124,49.375000000000000,17.875000000000000,1
290,1822,4125,47.375000000000000,17.875000000000000,1
291,1823,4126,45.375000000000000,17.875000000000000,1
292,1855,4180,53.375000000000000,18.125000000000000,1
293,1856,4181,51.375000000000000,18.125000000000000,1
294,1857,4182,49.375000000000000,18.125000000000000,1
295,1858,4183,47.375000000000000,18.125000000000000,1
296,1859,4184,45.375000000000000,18.125000000000000,1
297,1891,4238,53.375000000000000,18.375000000000000,1
298,1892,4239,51.375000000000000,18.375000000000000,1
299,1893,4240,49.375000000000000,18.375000000000000,1
300,1894,4241,47.375000000000000,18.375000000000000,1
301,1895,4242,45.375000000000000,18.375000000000000,1
302,1927,4296,53.375000000000000,18.625000000000000,1
303,1928,4297,51.375000000000000,18.625000000000000,1
304,1929,4298,49.375000000000000,18.625000000000000,1
305,1930,4299,47.375000000000000,18.625000000000000,1
306,1931,4300,45.375000000000000,18.625000000000000,1
307,1963,4354,53.375000000000000,18.875000000000000,1
308,1964,4355,51.375000000000000,18.875000000000000,1
309,1965,4356,49.375000000000000,18.875000000000000,1
310,1966,4357,47.375000000000000,18.875000000000000,1
311,1967,4358,45.375000000000000,18.875000000000000,1
312,1999,4412,53.375000000000000,19.125000000000000,1
313,2000,4413,51.375000000000000,19.125000000000000,1
314,2001,4414,49.375000000000000,19.125000000000000,1
315,2002,4415,47.375000000000000,19.125000000000000,1
316,2003,4416,45.375000000000000,19.125000000000000,1
317,2035,4470,53.375000000000000,19.375000000000000,1
318,2036,4471,51.375000000000000,19.375000000000000,1
319,2037,4472,49.375000000000000,19.375000000000000,1
320,2038,4473,47.375000000000000,19.375000000000000,1
321,2039,4474,45.375000000000000,19.375000000000000,1
322,2071,4528,53.375000000000000,19.625000000000000,1
323,2072,4529,51.375000000000000,19.625000000000000,1
324,2073,4530,49.375000000000000,19.625000000000000,1
325,2074,4531,47.375000000000000,19.625000000000000,1
326,2075,4532,45.375000000000000,19.625000000000000,1
327,2108,4586,53.375000000000000,19.875000000000000,1
328,2109,4587,51.375000000000000,19.875000000000000,1
329,2110,4588,49.375000000000000,19.875000000000000,1
330,2111,4589,47.375000000000000,19.875000000000000,1
331,2112,4590,45.375000000000000,19.875000000000000,1
332,2145,4644,53.375000000000000,20.125000000000000,1
333,2146,4645,51.375000000000000,20.125000000000000,1
334,2147,4646,49.375000000000000,20.125000000000000,1
335,2148,4647,47.375000000000000,20.125000000000000,1
336,2149,4648,45.375000000000000,20.125000000000000,1
337,2182,4702,53.375000000000000,20.375000000000000,1
338,2183,4703,51.375000000000000,20.375000000000000,1
339,2184,4704,49.375000000000000,20.375000000000000,1
340,2185,4705,47.375000000000000,20.375000000000000,1
341,2186,4706,45.375000000000000,20.375000000000000,1
342,2220,4760,53.375000000000000,20.625000000000000,1
343,2221,4761,51.375000000000000,20.625000000000000,1
344,2222,4762,49.375000000000000,20.625000000000000,1
345,2223,4763,47.375000000000000,20.625000000000000,1
346,2224,4764,45.375000000000000,20.625000000000000,1
347,2258,4818,53.375000000000000,20.875000000000000,1
348,2259,4819,51.375000000000000,20.875000000000000,1
349,2260,4820,49.375000000000000,20.875000000000000,1
350,2261,4821,47.375000000000000,20.875000000000000,1
351,2262,4822,45.375000000000000,20.875000000000000,1
352,2296,4876,53.375000000000000,21.125000000000000,1
353,2297,4877,51.375000000000000,21.125000000000000,1
354,2298,4878,49.375000000000000,21.125000000000000,1
355,2299,4879,47.375000000000000,21.125000000000000,1
356,2300,4880,45.375000000000000,21.125000000000000,1
357,2334,4933,55.375000000000000,21.375000000000000,1
358,2335,4934,53.375000000000000,21.375000000000000,1
359,2336,4935,51.375000000000000,21.375000000000000,1
360,2337,4936,49.375000000000000,21.375000000000000,1
361,2338,4937,47.375000000000000,21.375000000000000,1
362,2339,4938,45.375000000000000,21.375000000000000,1
363,2377,4991,55.375000000000000,21.625000000000000,1
364,2378,4992,53.375000000000000,21.625000000000000,1
365,2379,4993,51.375000000000000,21.625000000000000,1
366,2380,4994,49.375000000000000,21.625000000000000,1
367,2381,4995,47.375000000000000,21.625000000000000,1
368,2382,4996,45.375000000000000,21.625000000000000,1
369,2420,5049,55.375000000000000,21.875000000000000,1
370,2421,5050,53.375000000000000,21.875000000000000,1
371,2422,5051,51.375000000000000,21.875000000000000,1
372,2423,5052,49.375000000000000,21.875000000000000,1
373,2424,5053,47.375000000000000,21.875000000000000,1
374,2425,5054,45.375000000000000,21.875000000000000,1
375,2464,5107,55.375000000000000,22.125000000000000,1
376,2465,5108,53.375000000000000,22.125000000000000,1
377,2466,5109,51.375000000000000,22.125000000000000,1
378,2467,5110,49.375000000000000,22.125000000000000,1
379,2468,5111,47.375000000000000,22.125000000000000,1
380,2469,5112,45.375000000000000,22.125000000000000,1
381,2508,5165,55.375000000000000,22.375000000000000,1
382,2509,5166,53.375000000000000,22.375000000000000,1
383,2510,5167,51.375000000000000,22.375000000000000,1
384,2511,5168,49.375000000000000,22.375000000000000,1
385,2512,5169,47.375000000000000,22.375000000000000,1
386,2513,5170,45.375000000000000,22.375000000000000,1
387,2552,5223,55.375000000000000,22.625000000000000,1
388,2553,5224,53.375000000000000,22.625000000000000,1
389,2554,5225,51.375000000000000,22.625000000000000,1
390,2555,5226,49.375000000000000,22.625000000000000,1
391,2556,5227,47.375000000000000,22.625000000000000,1
392,2557,5228,45.375000000000000,22.625000000000000,1
393,2596,5281,55.375000000000000,22.875000000000000,1
394,2597,5282,53.375000000000000,22.875000000000000,1
395,2598,5283,51.375000000000000,22.875000000000000,1
396,2599,5284,49.375000000000000,22.875000000000000,1
397,2600,5285,47.375000000000000,22.875000000000000,1
398,2601,5286,45.375000000000000,22.875000000000000,1
399,2638,5339,55.375000000000000,23.125000000000000,1
400,2639,5340,53.375000000000000,23.125000000000000,1
401,2640,5341,51.375000000000000,23.125000000000000,1
402,2641,5342,49.375000000000000,23.125000000000000,1
403,2642,5343,47.375000000000000,23.125000000000000,1
404,2643,5344,45.375000000000000,23.125000000000000,1
405,2681,5397,55.375000000000000,23.375000000000000,1
406,2682,5398,53.375000000000000,23.375000000000000,1
407,2683,5399,51.375000000000000,23.375000000000000,1
408,2684,5400,49.375000000000000,23.375000000000000,1
409,2685,5401,47.375000000000000,23.375000000000000,1
410,2686,5402,45.375000000000000,23.375000000000000,1
411,2722,5455,55.375000000000000,23.625000000000000,1
412,2723,5456,53.375000000000000,23.625000000000000,1
413,2724,5457,51.375000000000000,23.625000000000000,1
414,2725,5458,49.375000000000000,23.625000000000000,1
415,2726,5459,47.375000000000000,23.625000000000000,1
416,2727,5460,45.375000000000000,23.625000000000000,1
417,2763,5513,55.375000000000000,23.875000000000000,1
418,2764,5514,53.375000000000000,23.875000000000000,1
419,2765,5515,51.375000000000000,23.875000000000000,1
420,2766,5516,49.375000000000000,23.875000000000000,1
421,2767,5517,47.375000000000000,23.875000000000000,1
422,2768,5518,45.375000000000000,23.875000000000000,1
423,2803,5571,55.375000000000000,24.125000000000000,1
424,2804,5572,53.375000000000000,24.125000000000000,1
425,2805,5573,51.375000000000000,24.125000000000000,1
426,2806,5574,49.375000000000000,24.125000000000000,1
427,2807,5575,47.375000000000000,24.125000000000000,1
428,2808,5576,45.375000000000000,24.125000000000000,1
429,2843,5629,55.375000000000000,24.375000000000000,1
430,2844,5630,53.375000000000000,24.375000000000000,1
431,2845,5631,51.375000000000000,24.375000000000000,1
432,2846,5632,49.375000000000000,24.375000000000000,1
433,2847,5633,47.375000000000000,24.375000000000000,1
434,2848,5634,45.375000000000000,24.375000000000000,1
435,2884,5687,55.375000000000000,24.625000000000000,1
436,2885,5688,53.375000000000000,24.625000000000000,1
437,2886,5689,51.375000000000000,24.625000000000000,1
438,2887,5690,49.375000000000000,24.625000000000000,1
439,2888,5691,47.375000000000000,24.625000000000000,1
440,2889,5692,45.375000000000000,24.625000000000000,1
441,2925,5745,55.375000000000000,24.875000000000000,1
442,2926,5746,53.375000000000000,24.875000000000000,1
443,2927,5747,51.375000000000000,24.875000000000000,1
444,2928,5748,49.375000000000000,24.875000000000000,1
445,2929,5749,47.375000000000000,24.875000000000000,1
446,2930,5750,45.375000000000000,24.875000000000000,1
447,2966,5803,55.375000000000000,25.125000000000000,1
448,2967,5804,53.375000000000000,25.125000000000000,1
449,2968,5805,51.375000000000000,25.125000000000000,1
450,2969,5806,49.375000000000000,25.125000000000000,1
451,2970,5807,47.375000000000000,25.125000000000000,1
452,2971,5808,45.375000000000000,25.125000000000000,1
453,3006,5860,57.375000000000000,25.375000000000000,1
454,3007,5861,55.375000000000000,25.375000000000000,1
455,3008,5862,53.375000000000000,25.375000000000000,1
456,3009,5863,51.375000000000000,25.375000000000000,1
457,3010,5864,49.375000000000000,25.375000000000000,1
458,3011,5865,47.375000000000000,25.375000000000000,1
459,3012,5866,45.375000000000000,25.375000000000000,1
460,3047,5918,57.375000000000000,25.625000000000000,1
461,3048,5919,55.375000000000000,25.625000000000000,1
462,3049,5920,53.375000000000000,25.625000000000000,1
463,3050,5921,51.375000000000000,25.625000000000000,1
464,3051,5922,49.375000000000000,25.625000000000000,1
465,3052,5923,47.375000000000000,25.625000000000000,1
466,3053,5924,45.375000000000000,25.625000000000000,1
467,3088,5976,57.375000000000000,25.875000000000000,1
468,3089,5977,55.375000000000000,25.875000000000000,1
469,3090,5978,53.375000000000000,25.875000000000000,1
470,3091,5979,51.375000000000000,25.875000000000000,1
471,3092,5980,49.375000000000000,25.875000000000000,1
472,3093,5981,47.375000000000000,25.875000000000000,1
473,3094,5982,45.375000000000000,25.875000000000000,1
474,3129,6034,57.375000000000000,26.125000000000000,1
475,3130,6035,55.375000000000000,26.125000000000000,1
476,3131,6036,53.375000000000000,26.125000000000000,1
477,3132,6037,51.375000000000000,26.125000000000000,1
478,3133,6038,49.375000000000000,26.125000000000000,1
479,3134,6039,47.375000000000000,26.125000000000000,1
480,3135,6040,45.375000000000000,26.125000000000000,1
481,3170,6092,57.375000000000000,26.375000000000000,1
482,3171,6093,55.375000000000000,26.375000000000000,1
483,3172,6094,53.375000000000000,26.375000000000000,1
484,3173,6095,51.375000000000000,26.375000000000000,1
485,3174,6096,49.375000000000000,26.375000000000000,1
486,3175,6097,47.375000000000000,26.375000000000000,1
487,3176,6098,45.375000000000000,26.375000000000000,1
488,3211,6150,57.375000000000000,26.625000000000000,1
489,3212,6151,55.375000000000000,26.625000000000000,1
490,3213,6152,53.375000000000000,26.625000000000000,1
491,3214,6153,51.375000000000000,26.625000000000000,1
492,3215,6154,49.375000000000000,26.625000000000000,1
493,3216,6155,47.375000000000000,26.625000000000000,1
494,3217,6156,45.375000000000000,26.625000000000000,1
495,3252,6208,57.375000000000000,26.875000000000000,1
496,3253,6209,55.375000000000000,26.875000000000000,1
497,3254,6210,53.375000000000000,26.875000000000000,1
498,3255,6211,51.375000000000000,26.875000000000000,1
499,3256,6212,49.375000000000000,26.875000000000000,1
500,3257,6213,47.375000000000000,26.875000000000000,1
501,3258,6214,45.375000000000000,26.875000000000000,1
502,3294,6266,57.375000000000000,27.125000000000000,1
503,3295,6267,55.375000000000000,27.125000000000000,1
504,3296,6268,53.375000000000000,27.125000000000000,1
505,3297,6269,51.375000000000000,27.125000000000000,1
506,3298,6270,49.375000000000000,27.125000000000000,1
507,3299,6271,47.375000000000000,27.125000000000000,1
508,3300,6272,45.375000000000000,27.125000000000000,1
509,3336,6324,57.375000000000000,27.375000000000000,1
510,3337,6325,55.375000000000000,27.375000000000000,1
511,3338,6326,53.375000000000000,27.375000000000000,1
512,3339,6327,51.375000000000000,27.375000000000000,1
513,3340,6328,49.375000000000000,27.375000000000000,1
514,3341,6329,47.375000000000000,27.375000000000000,1
515,3342,6330,45.375000000000000,27.375000000000000,1
516,3378,6382,57.375000000000000,27.625000000000000,1
517,3379,6383,55.375000000000000,27.625000000000000,1
518,3380,6384,53.375000000000000,27.625000000000000,1
519,3381,6385,51.375000000000000,27.625000000000000,1
520,3382,6386,49.375000000000000,27.625000000000000,1
521,3383,6387,47.375000000000000,27.625000000000000,1
522,3384,6388,45.375000000000000,27.625000000000000,1
523,3420,6440,57.375000000000000,27.875000000000000,1
524,3421,6441,55.375000000000000,27.875000000000000,1
525,3422,6442,53.375000000000000,27.875000000000000,1
526,3423,6443,51.375000000000000,27.875000000000000,1
527,3424,6444,49.375000000000000,27.875000000000000,1
528,3425,6445,47.375000000000000,27.875000000000000,1
529,3426,6446,45.375000000000000,27.875000000000000,1
530,3462,6498,57.375000000000000,28.125000000000000,1
531,3463,6499,55.375000000000000,28.125000000000000,1
532,3464,6500,53.375000000000000,28.125000000000000,1
533,3465,6501,51.375000000000000,28.125000000000000,1
534,3466,6502,49.375000000000000,28.125000000000000,1
535,3467,6503,47.375000000000000,28.125000000000000,1
536,3468,6504,45.375000000000000,28.125000000000000,1
537,3503,6556,57.375000000000000,28.375000000000000,1
538,3504,6557,55.375000000000000,28.375000000000000,1
539,3505,6558,53.375000000000000,28.375000000000000,1
540,3506,6559,51.375000000000000,28.375000000000000,1
541,3507,6560,49.375000000000000,28.375000000000000,1
542,3508,6561,47.375000000000000,28.375000000000000,1
543,3509,6562,45.375000000000000,28.375000000000000,1
544,3544,6614,57.375000000000000,28.625000000000000,1
545,3545,6615,55.375000000000000,28.625000000000000,1
546,3546,6616,53.375000000000000,28.625000000000000,1
547,3547,6617,51.375000000000000,28.625000000000000,1
548,3548,6618,49.375000000000000,28.625000000000000,1
549,3549,6619,47.375000000000000,28.625000000000000,1
550,3550,6620,45.375000000000000,28.625000000000000,1
551,3584,6672,57.375000000000000,28.875000000000000,1
552,3585,6673,55.375000000000000,28.875000000000000,1
553,3586,6674,53.375000000000000,28.875000000000000,1
554,3587,6675,51.375000000000000,28.875000000000000,1
555,3588,6676,49.375000000000000,28.875000000000000,1
556,3589,6677,47.375000000000000,28.875000000000000,1
557,3622,6730,57.375000000000000,29.125000000000000,1
558,3623,6731,55.375000000000000,29.125000000000000,1
559,3624,6732,53.375000000000000,29.125000000000000,1
560,3625,6733,51.375000000000000,29.125000000000000,1
561,3626,6734,49.375000000000000,29.125000000000000,1
562,3627,6735,47.375000000000000,29.125000000000000,1
563,3660,6788,57.375000000000000,29.375000000000000,1
564,3661,6789,55.375000000000000,29.375000000000000,1
565,3662,6790,53.375000000000000,29.375000000000000,1
566,3663,6791,51.375000000000000,29.375000000000000,1
567,3664,6792,49.375000000000000,29.375000000000000,1
568,3665,6793,47.375000000000000,29.375000000000000,1
569,3698,6846,57.375000000000000,29.625000000000000,1
570,3699,6847,55.375000000000000,29.625000000000000,1
571,3700,6848,53.375000000000000,29.625000000000000,1
572,3701,6849,51.375000000000000,29.625000000000000,1
573,3702,6850,49.375000000000000,29.625000000000000,1
574,3703,6851,47.375000000000000,29.625000000000000,1
575,3736,6904,57.375000000000000,29.875000000000000,1
576,3737,6905,55.375000000000000,29.875000000000000,1
577,3738,6906,53.375000000000000,29.875000000000000,1
578,3739,6907,51.375000000000000,29.875000000000000,1
579,3740,6908,49.375000000000000,29.875000000000000,1
580,3741,6909,47.375000000000000,29.875000000000000,1
581,3774,6962,57.375000000000000,30.125000000000000,1
582,3775,6963,55.375000000000000,30.125000000000000,1
583,3776,6964,53.375000000000000,30.125000000000000,1
584,3777,6965,51.375000000000000,30.125000000000000,1
585,3778,6966,49.375000000000000,30.125000000000000,1
586,3779,6967,47.375000000000000,30.125000000000000,1
587,3812,7020,57.375000000000000,30.375000000000000,1
588,3813,7021,55.375000000000000,30.375000000000000,1
589,3814,7022,53.375000000000000,30.375000000000000,1
590,3815,7023,51.375000000000000,30.375000000000000,1
591,3816,7024,49.375000000000000,30.375000000000000,1
592,3817,7025,47.375000000000000,30.375000000000000,1
593,3850,7078,57.375000000000000,30.625000000000000,1
594,3851,7079,55.375000000000000,30.625000000000000,1
595,3852,7080,53.375000000000000,30.625000000000000,1
596,3853,7081,51.375000000000000,30.625000000000000,1
597,3854,7082,49.375000000000000,30.625000000000000,1
598,3855,7083,47.375000000000000,30.625000000000000,1
599,3887,7136,57.375000000000000,30.875000000000000,1
600,3888,7137,55.375000000000000,30.875000000000000,1
601,3889,7138,53.375000000000000,30.875000000000000,1
602,3890,7139,51.375000000000000,30.875000000000000,1
603,3891,7140,49.375000000000000,30.875000000000000,1
604,3892,7141,47.375000000000000,30.875000000000000,1
605,3924,7194,57.375000000000000,31.125000000000000,1
606,3925,7195,55.375000000000000,31.125000000000000,1
607,3926,7196,53.375000000000000,31.125000000000000,1
608,3927,7197,51.375000000000000,31.125000000000000,1
609,3928,7198,49.375000000000000,31.125000000000000,1
610,3929,7199,47.375000000000000,31.125000000000000,1
611,3961,7252,57.375000000000000,31.375000000000000,1
612,3962,7253,55.375000000000000,31.375000000000000,1
613,3963,7254,53.375000000000000,31.375000000000000,1
614,3964,7255,51.375000000000000,31.375000000000000,1
615,3965,7256,49.375000000000000,31.375000000000000,1
616,3966,7257,47.375000000000000,31.375000000000000,1
617,3997,7310,57.375000000000000,31.625000000000000,1
618,3998,7311,55.375000000000000,31.625000000000000,1
619,3999,7312,53.375000000000000,31.625000000000000,1
620,4000,7313,51.375000000000000,31.625000000000000,1
621,4001,7314,49.375000000000000,31.625000000000000,1
622,4002,7315,47.375000000000000,31.625000000000000,1
623,4033,7368,57.375000000000000,31.875000000000000,1
624,4034,7369,55.375000000000000,31.875000000000000,1
625,4035,7370,53.375000000000000,31.875000000000000,1
626,4036,7371,51.375000000000000,31.875000000000000,1
627,4037,7372,49.375000000000000,31.875000000000000,1
628,4038,7373,47.375000000000000,31.875000000000000,1
629,4069,7426,57.375000000000000,32.125000000000000,1
630,4070,7427,55.375000000000000,32.125000000000000,1
631,4071,7428,53.375000000000000,32.125000000000000,1
632,4072,7429,51.375000000000000,32.125000000000000,1
633,4073,7430,49.375000000000000,32.125000000000000,1
634,4074,7431,47.375000000000000,32.125000000000000,1
635,4105,7484,57.375000000000000,32.375000000000000,1
636,4106,7485,55.375000000000000,32.375000000000000,1
637,4107,7486,53.375000000000000,32.375000000000000,1
638,4108,7487,51.375000000000000,32.375000000000000,1
639,4109,7488,49.375000000000000,32.375000000000000,1
640,4110,7489,47.375000000000000,32.375000000000000,1
641,4141,7542,57.375000000000000,32.625000000000000,1
642,4142,7543,55.375000000000000,32.625000000000000,1
643,4143,7544,53.375000000000000,32.625000000000000,1
644,4144,7545,51.375000000000000,32.625000000000000,1
645,4145,7546,49.375000000000000,32.625000000000000,1
646,4146,7547,47.375000000000000,32.625000000000000,1
647,4175,7599,59.375000000000000,32.875000000000000,1
648,4176,7600,57.375000000000000,32.875000000000000,1
649,4177,7601,55.375000000000000,32.875000000000000,1
650,4178,7602,53.375000000000000,32.875000000000000,1
651,4179,7603,51.375000000000000,32.875000000000000,1
652,4180,7604,49.375000000000000,32.875000000000000,1
653,4181,7605,47.375000000000000,32.875000000000000,1
654,4211,7657,59.375000000000000,33.125000000000000,1
655,4212,7658,57.375000000000000,33.125000000000000,1
656,4213,7659,55.375000000000000,33.125000000000000,1
657,4214,7660,53.375000000000000,33.125000000000000,1
658,4215,7661,51.375000000000000,33.125000000000000,1
659,4216,7662,49.375000000000000,33.125000000000000,1
660,4217,7663,47.375000000000000,33.125000000000000,1
661,4247,7715,59.375000000000000,33.375000000000000,1
662,4248,7716,57.375000000000000,33.375000000000000,1
663,4249,7717,55.375000000000000,33.375000000000000,1
664,4250,7718,53.375000000000000,33.375000000000000,1
665,4251,7719,51.375000000000000,33.375000000000000,1
666,4252,7720,49.375000000000000,33.375000000000000,1
667,4253,7721,47.375000000000000,33.375000000000000,1
668,4283,7773,59.375000000000000,33.625000000000000,1
669,4284,7774,57.375000000000000,33.625000000000000,1
670,4285,7775,55.375000000000000,33.625000000000000,1
671,4286,7776,53.375000000000000,33.625000000000000,1
672,4287,7777,51.375000000000000,33.625000000000000,1
673,4288,7778,49.375000000000000,33.625000000000000,1
674,4289,7779,47.375000000000000,33.625000000000000,1
675,4319,7831,59.375000000000000,33.875000000000000,1
676,4320,7832,57.375000000000000,33.875000000000000,1
677,4321,7833,55.375000000000000,33.875000000000000,1
678,4322,7834,53.375000000000000,33.875000000000000,1
679,4323,7835,51.375000000000000,33.875000000000000,1
680,4324,7836,49.375000000000000,33.875000000000000,1
681,4325,7837,47.375000000000000,33.875000000000000,1
682,4326,7838,45.375000000000000,33.875000000000000,1
683,4354,7889,59.375000000000000,34.125000000000000,1
684,4355,7890,57.375000000000000,34.125000000000000,1
685,4356,7891,55.375000000000000,34.125000000000000,1
686,4357,7892,53.375000000000000,34.125000000000000,1
687,4358,7893,51.375000000000000,34.125000000000000,1
688,4359,7894,49.375000000000000,34.125000000000000,1
689,4360,7895,47.375000000000000,34.125000000000000,1
690,4361,7896,45.375000000000000,34.125000000000000,1
691,4389,7947,59.375000000000000,34.375000000000000,1
692,4390,7948,57.375000000000000,34.375000000000000,1
693,4391,7949,55.375000000000000,34.375000000000000,1
694,4392,7950,53.375000000000000,34.375000000000000,1
695,4393,7951,51.375000000000000,34.375000000000000,1
696,4394,7952,49.375000000000000,34.375000000000000,1
697,4395,7953,47.375000000000000,34.375000000000000,1
698,4396,7954,45.375000000000000,34.375000000000000,1
699,4424,8005,59.375000000000000,34.625000000000000,1
700,4425,8006,57.375000000000000,34.625000000000000,1
701,4426,8007,55.375000000000000,34.625000000000000,1
702,4427,8008,53.375000000000000,34.625000000000000,1
703,4428,8009,51.375000000000000,34.625000000000000,1
704,4429,8010,49.375000000000000,34.625000000000000,1
705,4430,8011,47.375000000000000,34.625000000000000,1
706,4431,8012,45.375000000000000,34.625000000000000,1
707,4459,8063,59.375000000000000,34.875000000000000,1
708,4460,8064,57.375000000000000,34.875000000000000,1
709,4461,8065,55.375000000000000,34.875000000000000,1
710,4462,8066,53.375000000000000,34.875000000000000,1
711,4463,8067,51.375000000000000,34.875000000000000,1
712,4464,8068,49.375000000000000,34.875000000000000,1
713,4465,8069,47.375000000000000,34.875000000000000,1
714,4466,8070,45.375000000000000,34.875000000000000,1
715,4491,8121,59.375000000000000,35.125000000000000,1
716,4492,8122,57.375000000000000,35.125000000000000,1
717,4493,8123,55.375000000000000,35.125000000000000,1
718,4494,8124,53.375000000000000,35.125000000000000,1
719,4495,8125,51.375000000000000,35.125000000000000,1
720,4496,8126,49.375000000000000,35.125000000000000,1
721,4497,8127,47.375000000000000,35.125000000000000,1
722,4523,8179,59.375000000000000,35.375000000000000,1
723,4524,8180,57.375000000000000,35.375000000000000,1
724,4525,8181,55.375000000000000,35.375000000000000,1
725,4526,8182,53.375000000000000,35.375000000000000,1
726,4527,8183,51.375000000000000,35.375000000000000,1
727,4528,8184,49.375000000000000,35.375000000000000,1
728,4529,8185,47.375000000000000,35.375000000000000,1
729,4555,8237,59.375000000000000,35.625000000000000,1
730,4556,8238,57.375000000000000,35.625000000000000,1
731,4557,8239,55.375000000000000,35.625000000000000,1
732,4558,8240,53.375000000000000,35.625000000000000,1
733,4559,8241,51.375000000000000,35.625000000000000,1
734,4560,8242,49.375000000000000,35.625000000000000,1
735,4561,8243,47.375000000000000,35.625000000000000,1
736,4585,8295,59.375000000000000,35.875000000000000,1
737,4586,8296,57.375000000000000,35.875000000000000,1
738,4587,8297,55.375000000000000,35.875000000000000,1
739,4588,8298,53.375000000000000,35.875000000000000,1
740,4589,8299,51.375000000000000,35.875000000000000,1
741,4590,8300,49.375000000000000,35.875000000000000,1
742,4591,8301,47.375000000000000,35.875000000000000,1
743,4592,8302,45.375000000000000,35.875000000000000,1
744,4616,8353,59.375000000000000,36.125000000000000,1
745,4617,8354,57.375000000000000,36.125000000000000,1
746,4618,8355,55.375000000000000,36.125000000000000,1
747,4619,8356,53.375000000000000,36.125000000000000,1
748,4620,8357,51.375000000000000,36.125000000000000,1
749,4621,8358,49.375000000000000,36.125000000000000,1
750,4622,8359,47.375000000000000,36.125000000000000,1
751,4623,8360,45.375000000000000,36.125000000000000,1
752,4647,8411,59.375000000000000,36.375000000000000,1
753,4648,8412,57.375000000000000,36.375000000000000,1
754,4649,8413,55.375000000000000,36.375000000000000,1
755,4650,8414,53.375000000000000,36.375000000000000,1
756,4651,8415,51.375000000000000,36.375000000000000,1
757,4652,8416,49.375000000000000,36.375000000000000,1
758,4653,8417,47.375000000000000,36.375000000000000,1
759,4680,8469,59.375000000000000,36.625000000000000,1
760,4681,8470,57.375000000000000,36.625000000000000,1
761,4682,8471,55.375000000000000,36.625000000000000,1
762,4683,8472,53.375000000000000,36.625000000000000,1
763,4684,8473,51.375000000000000,36.625000000000000,1
764,4685,8474,49.375000000000000,36.625000000000000,1
765,4686,8475,47.375000000000000,36.625000000000000,1
766,4712,8527,59.375000000000000,36.875000000000000,1
767,4713,8528,57.375000000000000,36.875000000000000,1
768,4714,8529,55.375000000000000,36.875000000000000,1
769,4715,8530,53.375000000000000,36.875000000000000,1
770,4716,8531,51.375000000000000,36.875000000000000,1
771,4717,8532,49.375000000000000,36.875000000000000,1
772,4718,8533,47.375000000000000,36.875000000000000,1
773,4744,8585,59.375000000000000,37.125000000000000,1
774,4745,8586,57.375000000000000,37.125000000000000,1
775,4746,8587,55.375000000000000,37.125000000000000,1
776,4747,8588,53.375000000000000,37.125000000000000,1
777,4748,8589,51.375000000000000,37.125000000000000,1
778,4749,8590,49.375000000000000,37.125000000000000,1
779,4750,8591,47.375000000000000,37.125000000000000,1
780,4777,8643,59.375000000000000,37.375000000000000,1
781,4778,8644,57.375000000000000,37.375000000000000,1
782,4779,8645,55.375000000000000,37.375000000000000,1
783,4780,8646,53.375000000000000,37.375000000000000,1
784,4781,8647,51.375000000000000,37.375000000000000,1
785,4782,8648,49.375000000000000,37.375000000000000,1
786,4783,8649,47.375000000000000,37.375000000000000,1
787,4810,8701,59.375000000000000,37.625000000000000,1
788,4811,8702,57.375000000000000,37.625000000000000,1
789,4812,8703,55.375000000000000,37.625000000000000,1
790,4813,8704,53.375000000000000,37.625000000000000,1
791,4814,8705,51.375000000000000,37.625000000000000,1
792,4815,8706,49.375000000000000,37.625000000000000,1
793,4816,8707,47.375000000000000,37.625000000000000,1
794,4843,8759,59.375000000000000,37.875000000000000,1
795,4844,8760,57.375000000000000,37.875000000000000,1
796,4845,8761,55.375000000000000,37.875000000000000,1
797,4846,8762,53.375000000000000,37.875000000000000,1
798,4847,8763,51.375000000000000,37.875000000000000,1
799,4848,8764,49.375000000000000,37.875000000000000,1
800,4849,8765,47.375000000000000,37.875000000000000,1
801,4876,8817,59.375000000000000,38.125000000000000,1
802,4877,8818,57.375000000000000,38.125000000000000,1
803,4878,8819,55.375000000000000,38.125000000000000,1
804,4879,8820,53.375000000000000,38.125000000000000,1
805,4880,8821,51.375000000000000,38.125000000000000,1
806,4881,8822,49.375000000000000,38.125000000000000,1
807,4882,8823,47.375000000000000,38.125000000000000,1
808,4909,8875,59.375000000000000,38.375000000000000,1
809,4910,8876,57.375000000000000,38.375000000000000,1
810,4911,8877,55.375000000000000,38.375000000000000,1
811,4912,8878,53.375000000000000,38.375000000000000,1
812,4913,8879,51.375000000000000,38.375000000000000,1
813,4914,8880,49.375000000000000,38.375000000000000,1
814,4915,8881,47.375000000000000,38.375000000000000,1
815,4942,8933,59.375000000000000,38.625000000000000,1
816,4943,8934,57.375000000000000,38.625000000000000,1
817,4944,8935,55.375000000000000,38.625000000000000,1
818,4945,8936,53.375000000000000,38.625000000000000,1
819,4946,8937,51.375000000000000,38.625000000000000,1
820,4947,8938,49.375000000000000,38.625000000000000,1
821,4948,8939,47.375000000000000,38.625000000000000,1
822,4975,8991,59.375000000000000,38.875000000000000,1
823,4976,8992,57.375000000000000,38.875000000000000,1
824,4977,8993,55.375000000000000,38.875000000000000,1
825,4978,8994,53.375000000000000,38.875000000000000,1
826,4979,8995,51.375000000000000,38.875000000000000,1
827,4980,8996,49.375000000000000,38.875000000000000,1
828,4981,8997,47.375000000000000,38.875000000000000,1
829,4982,8998,45.375000000000000,38.875000000000000,1
830,5004,9049,59.375000000000000,39.125000000000000,1
831,5005,9050,57.375000000000000,39.125000000000000,1
832,5006,9051,55.375000000000000,39.125000000000000,1
833,5007,9052,53.375000000000000,39.125000000000000,1
834,5008,9053,51.375000000000000,39.125000000000000,1
835,5009,9054,49.375000000000000,39.125000000000000,1
836,5010,9055,47.375000000000000,39.125000000000000,1
837,5011,9056,45.375000000000000,39.125000000000000,1
838,5033,9107,59.375000000000000,39.375000000000000,1
839,5034,9108,57.375000000000000,39.375000000000000,1
840,5035,9109,55.375000000000000,39.375000000000000,1
841,5036,9110,53.375000000000000,39.375000000000000,1
842,5037,9111,51.375000000000000,39.375000000000000,1
843,5038,9112,49.375000000000000,39.375000000000000,1
844,5039,9113,47.375000000000000,39.375000000000000,1
845,5040,9114,45.375000000000000,39.375000000000000,1
846,5063,9165,59.375000000000000,39.625000000000000,1
847,5064,9166,57.375000000000000,39.625000000000000,1
848,5065,9167,55.375000000000000,39.625000000000000,1
849,5066,9168,53.375000000000000,39.625000000000000,1
850,5067,9169,51.375000000000000,39.625000000000000,1
851,5068,9170,49.375000000000000,39.625000000000000,1
852,5069,9171,47.375000000000000,39.625000000000000,1
853,5070,9172,45.375000000000000,39.625000000000000,1
854,5093,9223,59.375000000000000,39.875000000000000,1
855,5094,9224,57.375000000000000,39.875000000000000,1
856,5095,9225,55.375000000000000,39.875000000000000,1
857,5096,9226,53.375000000000000,39.875000000000000,1
858,5097,9227,51.375000000000000,39.875000000000000,1
859,5098,9228,49.375000000000000,39.875000000000000,1
860,5099,9229,47.375000000000000,39.875000000000000,1
861,5100,9230,45.375000000000000,39.875000000000000,1
862,21807,82947,47.375000000000000,-2.375000000000000,1
863,21829,83005,47.375000000000000,-2.125000000000000,1
864,21851,83063,47.375000000000000,-1.875000000000000,1
865,21873,83121,47.375000000000000,-1.625000000000000,1
866,21894,83179,47.375000000000000,-1.375000000000000,1
867,21915,83237,47.375000000000000,-1.125000000000000,1
868,21916,83238,45.375000000000000,-1.125000000000000,1
869,21937,83295,47.375000000000000,-0.875000000000000,1
870,21938,83296,45.375000000000000,-0.875000000000000,1
871,21959,83353,47.375000000000000,-0.625000000000000,1
872,21960,83354,45.375000000000000,-0.625000000000000,1
873,21981,83411,47.375000000000000,-0.375000000000000,1
874,21982,83412,45.375000000000000,-0.375000000000000,1
875,22003,83469,47.375000000000000,-0.125000000000000,1
876,22004,83470,45.375000000000000,-0.125000000000000,1