FID,OBJECTID,field,Var1,Var2,value
0,15771,59166,49.375000000000000,-104.875000000000000,1
1,15772,59167,47.375000000000000,-104.875000000000000,1
2,15773,59168,45.375000000000000,-104.875000000000000,1
3,15774,59169,43.375000000000000,-104.875000000000000,1
4,15775,59170,41.375000000000000,-104.875000000000000,1
5,15776,59171,39.375000000000000,-104.875000000000000,1
6,15777,59172,37.375000000000000,-104.875000000000000,1
7,15778,59173,35.375000000000000,-104.875000000000000,1
8,15779,59174,33.375000000000000,-104.875000000000000,1
9,15780,59175,31.375000000000000,-104.875000000000000,1
10,15781,59176,29.375000000000000,-104.875000000000000,1
11,15792,59224,49.375000000000000,-104.625000000000000,1
12,15793,59225,47.375000000000000,-104.625000000000000,1
13,15794,59226,45.375000000000000,-104.625000000000000,1
14,15795,59227,43.375000000000000,-104.625000000000000,1
15,15796,59228,41.375000000000000,-104.625000000000000,1
16,15797,59229,39.375000000000000,-104.625000000000000,1
17,15798,59230,37.375000000000000,-104.625000000000000,1
18,15799,59231,35.375000000000000,-104.625000000000000,1
19,15800,59232,33.375000000000000,-104.625000000000000,1
20,15801,59233,31.375000000000000,-104.625000000000000,1
21,15802,59234,29.375000000000000,-104.625000000000000,1
22,15813,59282,49.375000000000000,-104.375000000000000,1
23,15814,59283,47.375000000000000,-104.375000000000000,1
24,15815,59284,45.375000000000000,-104.375000000000000,1
25,15816,59285,43.375000000000000,-104.375000000000000,1
26,15817,59286,41.375000000000000,-104.375000000000000,1
27,15818,59287,39.375000000000000,-104.375000000000000,1
28,15819,59288,37.375000000000000,-104.375000000000000,1
29,15820,59289,35.375000000000000,-104.375000000000000,1
30,15821,59290,33.375000000000000,-104.375000000000000,1
31,15822,59291,31.375000000000000,-104.375000000000000,1
32,15823,59292,29.375000000000000,-104.375000000000000,1
33,15834,59340,49.375000000000000,-104.125000000000000,1
34,15835,59341,47.375000000000000,-104.125000000000000,1
35,15836,59342,45.375000000000000,-104.125000000000000,1
36,15837,59343,43.375000000000000,-104.125000000000000,1
37,15838,59344,41.375000000000000,-104.125000000000000,1
38,15839,59345,39.375000000000000,-104.125000000000000,1
39,15840,59346,37.375000000000000,-104.125000000000000,1
40,15841,59347,35.375000000000000,-104.125000000000000,1
41,15842,59348,33.375000000000000,-104.125000000000000,1
42,15843,59349,31.375000000000000,-104.125000000000000,1
43,15844,59350,29.375000000000000,-104.125000000000000,1
44,15855,59398,49.375000000000000,-103.875000000000000,1
45,15856,59399,47.375000000000000,-103.875000000000000,1
46,15857,59400,45.375000000000000,-103.875000000000000,1
47,15858,59401,43.375000000000000,-103.875000000000000,1
48,15859,59402,41.375000000000000,-103.875000000000000,1
49,15860,59403,39.375000000000000,-103.875000000000000,1
50,15861,59404,37.375000000000000,-103.875000000000000,1
51,15862,59405,35.375000000000000,-103.875000000000000,1
52,15863,59406,33.375000000000000,-103.875000000000000,1
53,15864,59407,31.375000000000000,-103.875000000000000,1
54,15865,59408,29.375000000000000,-103.875000000000000,1
55,15876,59456,49.375000000000000,-103.625000000000000,1
56,15877,59457,47.375000000000000,-103.625000000000000,1
57,15878,59458,45.375000000000000,-103.625000000000000,1
58,15879,59459,43.375000000000000,-103.625000000000000,1
59,15880,59460,41.375000000000000,-103.625000000000000,1
60,15881,59461,39.375000000000000,-103.625000000000000,1
61,15882,59462,37.375000000000000,-103.625000000000000,1
62,15883,59463,35.375000000000000,-103.625000000000000,1
63,15884,59464,33.375000000000000,-103.625000000000000,1
64,15885,59465,31.375000000000000,-103.625000000000000,1
65,15886,59466,29.375000000000000,-103.625000000000000,1
66,15897,59514,49.375000000000000,-103.375000000000000,1
67,15898,59515,47.375000000000000,-103.375000000000000,1
68,15899,59516,45.375000000000000,-103.375000000000000,1
69,15900,59517,43.375000000000000,-103.375000000000000,1
70,15901,59518,41.375000000000000,-103.375000000000000,1
71,15902,59519,39.375000000000000,-103.375000000000000,1
72,15903,59520,37.375000000000000,-103.375000000000000,1
73,15904,59521,35.375000000000000,-103.375000000000000,1
74,15905,59522,33.375000000000000,-103.375000000000000,1
75,15906,59523,31.375000000000000,-103.375000000000000,1
76,15907,59524,29.375000000000000,-103.375000000000000,1
77,15918,59572,49.375000000000000,-103.125000000000000,1
78,15919,59573,47.375000000000000,-103.125000000000000,1
79,15920,59574,45.375000000000000,-103.125000000000000,1
80,15921,59575,43.375000000000000,-103.125000000000000,1
81,15922,59576,41.375000000000000,-103.125000000000000,1
82,15923,59577,39.375000000000000,-103.125000000000000,1
83,15924,59578,37.375000000000000,-103.125000000000000,1
84,15925,59579,35.375000000000000,-103.125000000000000,1
85,15926,59580,33.375000000000000,-103.125000000000000,1
86,15927,59581,31.375000000000000,-103.125000000000000,1
87,15928,59582,29.375000000000000,-103.125000000000000,1
88,15939,59630,49.375000000000000,-102.875000000000000,1
89,15940,59631,47.375000000000000,-102.875000000000000,1
90,15941,59632,45.375000000000000,-102.875000000000000,1
91,15942,59633,43.375000000000000,-102.875000000000000,1
92,15943,59634,41.375000000000000,-102.875000000000000,1
93,15944,59635,39.375000000000000,-102.875000000000000,1
94,15945,59636,37.375000000000000,-102.875000000000000,1
95,15946,59637,35.375000000000000,-102.875000000000000,1
96,15947,59638,33.375000000000000,-102.875000000000000,1
97,15948,59639,31.375000000000000,-102.875000000000000,1
98,15949,59640,29.375000000000000,-102.875000000000000,1
99,15960,59688,49.375000000000000,-102.625000000000000,1
100,15961,59689,47.375000000000000,-102.625000000000000,1
101,15962,59690,45.375000000000000,-102.625000000000000,1
102,15963,59691,43.375000000000000,-102.625000000000000,1
103,15964,59692,41.375000000000000,-102.625000000000000,1
104,15965,59693,39.375000000000000,-102.625000000000000,1
105,15966,59694,37.375000000000000,-102.625000000000000,1
106,15967,59695,35.375000000000000,-102.625000000000000,1
107,15968,59696,33.375000000000000,-102.625000000000000,1
108,15969,59697,31.375000000000000,-102.625000000000000,1
109,15970,59698,29.375000000000000,-102.625000000000000,1
110,15981,59746,49.375000000000000,-102.375000000000000,1
111,15982,59747,47.375000000000000,-102.375000000000000,1
112,15983,59748,45.375000000000000,-102.375000000000000,1
113,15984,59749,43.375000000000000,-102.375000000000000,1
114,15985,59750,41.375000000000000,-102.375000000000000,1
115,15986,59751,39.375000000000000,-102.375000000000000,1
116,15987,59752,37.375000000000000,-102.375000000000000,1
117,15988,59753,35.375000000000000,-102.375000000000000,1
118,15989,59754,33.375000000000000,-102.375000000000000,1
119,15990,59755,31.375000000000000,-102.375000000000000,1
120,15991,59756,29.375000000000000,-102.375000000000000,1
121,16002,59804,49.375000000000000,-102.125000000000000,1
122,16003,59805,47.375000000000000,-102.125000000000000,1
123,16004,59806,45.375000000000000,-102.125000000000000,1
124,16005,59807,43.375000000000000,-102.125000000000000,1
125,16006,59808,41.375000000000000,-102.125000000000000,1
126,16007,59809,39.375000000000000,-102.125000000000000,1
127,16008,59810,37.375000000000000,-102.125000000000000,1
128,16009,59811,35.375000000000000,-102.125000000000000,1
129,16010,59812,33.375000000000000,-102.125000000000000,1
130,16011,59813,31.375000000000000,-102.125000000000000,1
131,16012,59814,29.375000000000000,-102.125000000000000,1
132,16023,59862,49.375000000000000,-101.875000000000000,1
133,16024,59863,47.375000000000000,-101.875000000000000,1
134,16025,59864,45.375000000000000,-101.875000000000000,1
135,16026,59865,43.375000000000000,-101.875000000000000,1
136,16027,59866,41.375000000000000,-101.875000000000000,1
137,16028,59867,39.375000000000000,-101.875000000000000,1
138,16029,59868,37.375000000000000,-101.875000000000000,1
139,16030,59869,35.375000000000000,-101.875000000000000,1
140,16031,59870,33.375000000000000,-101.875000000000000,1
141,16032,59871,31.375000000000000,-101.875000000000000,1
142,16033,59872,29.375000000000000,-101.875000000000000,1
143,16044,59920,49.375000000000000,-101.625000000000000,1
144,16045,59921,47.375000000000000,-101.625000000000000,1
145,16046,59922,45.375000000000000,-101.625000000000000,1
146,16047,59923,43.375000000000000,-101.625000000000000,1
147,16048,59924,41.375000000000000,-101.625000000000000,1
148,16049,59925,39.375000000000000,-101.625000000000000,1
149,16050,59926,37.375000000000000,-101.625000000000000,1
150,16051,59927,35.375000000000000,-101.625000000000000,1
151,16052,59928,33.375000000000000,-101.625000000000000,1
152,16053,59929,31.375000000000000,-101.625000000000000,1
153,16054,59930,29.375000000000000,-101.625000000000000,1
154,16065,59978,49.375000000000000,-101.375000000000000,1
155,16066,59979,47.375000000000000,-101.375000000000000,1
156,16067,59980,45.375000000000000,-101.375000000000000,1
157,16068,59981,43.375000000000000,-101.375000000000000,1
158,16069,59982,41.375000000000000,-101.375000000000000,1
159,16070,59983,39.375000000000000,-101.375000000000000,1
160,16071,59984,37.375000000000000,-101.375000000000000,1
161,16072,59985,35.375000000000000,-101.375000000000000,1
162,16073,59986,33.375000000000000,-101.375000000000000,1
163,16074,59987,31.375000000000000,-101.375000000000000,1
164,16075,59988,29.375000000000000,-101.375000000000000,1
165,16086,60036,49.375000000000000,-101.125000000000000,1
166,16087,60037,47.375000000000000,-101.125000000000000,1
167,16088,60038,45.375000000000000,-101.125000000000000,1
168,16089,60039,43.375000000000000,-101.125000000000000,1
169,16090,60040,41.375000000000000,-101.125000000000000,1
170,16091,60041,39.375000000000000,-101.125000000000000,1
171,16092,60042,37.375000000000000,-101.125000000000000,1
172,16093,60043,35.375000000000000,-101.125000000000000,1
173,16094,60044,33.375000000000000,-101.125000000000000,1
174,16095,60045,31.375000000000000,-101.125000000000000,1
175,16096,60046,29.375000000000000,-101.125000000000000,1
176,16108,60094,49.375000000000000,-100.875000000000000,1
177,16109,60095,47.375000000000000,-100.875000000000000,1
178,16110,60096,45.375000000000000,-100.875000000000000,1
179,16111,60097,43.375000000000000,-100.875000000000000,1
180,16112,60098,41.375000000000000,-100.875000000000000,1
181,16113,60099,39.375000000000000,-100.875000000000000,1
182,16114,60100,37.375000000000000,-100.875000000000000,1
183,16115,60101,35.375000000000000,-100.875000000000000,1
184,16116,60102,33.375000000000000,-100.875000000000000,1
185,16117,60103,31.375000000000000,-100.875000000000000,1
186,16118,60104,29.375000000000000,-100.875000000000000,1
187,16130,60152,49.375000000000000,-100.625000000000000,1
188,16131,60153,47.375000000000000,-100.625000000000000,1
189,16132,60154,45.375000000000000,-100.625000000000000,1
190,16133,60155,43.375000000000000,-100.625000000000000,1
191,16134,60156,41.375000000000000,-100.625000000000000,1
192,16135,60157,39.375000000000000,-100.625000000000000,1
193,16136,60158,37.375000000000000,-100.625000000000000,1
194,16137,60159,35.375000000000000,-100.625000000000000,1
195,16138,60160,33.375000000000000,-100.625000000000000,1
196,16139,60161,31.375000000000000,-100.625000000000000,1
197,16140,60162,29.375000000000000,-100.625000000000000,1
198,16152,60210,49.375000000000000,-100.375000000000000,1
199,16153,60211,47.375000000000000,-100.375000000000000,1
200,16154,60212,45.375000000000000,-100.375000000000000,1
201,16155,60213,43.375000000000000,-100.375000000000000,1
202,16156,60214,41.375000000000000,-100.375000000000000,1
203,16157,60215,39.375000000000000,-100.375000000000000,1
204,16158,60216,37.375000000000000,-100.375000000000000,1
205,16159,60217,35.375000000000000,-100.375000000000000,1
206,16160,60218,33.375000000000000,-100.375000000000000,1
207,16161,60219,31.375000000000000,-100.375000000000000,1
208,16162,60220,29.375000000000000,-100.375000000000000,1
209,16174,60268,49.375000000000000,-100.125000000000000,1
210,16175,60269,47.375000000000000,-100.125000000000000,1
211,16176,60270,45.375000000000000,-100.125000000000000,1
212,16177,60271,43.375000000000000,-100.125000000000000,1
213,16178,60272,41.375000000000000,-100.125000000000000,1
214,16179,60273,39.375000000000000,-100.125000000000000,1
215,16180,60274,37.375000000000000,-100.125000000000000,1
216,16181,60275,35.375000000000000,-100.125000000000000,1
217,16182,60276,33.375000000000000,-100.125000000000000,1
218,16183,60277,31.375000000000000,-100.125000000000000,1
219,16184,60278,29.375000000000000,-100.125000000000000,1
220,16196,60326,49.375000000000000,-99.875000000000000,1
221,16197,60327,47.375000000000000,-99.875000000000000,1
222,16198,60328,45.375000000000000,-99.875000000000000,1
223,16199,60329,43.375000000000000,-99.875000000000000,1
224,16200,60330,41.375000000000000,-99.875000000000000,1
225,16201,60331,39.375000000000000,-99.875000000000000,1
226,16202,60332,37.375000000000000,-99.875000000000000,1
227,16203,60333,35.375000000000000,-99.875000000000000,1
228,16204,60334,33.375000000000000,-99.875000000000000,1
229,16205,60335,31.375000000000000,-99.875000000000000,1
230,16206,60336,29.375000000000000,-99.875000000000000,1
231,16218,60384,49.375000000000000,-99.625000000000000,1
232,16219,60385,47.375000000000000,-99.625000000000000,1
233,16220,60386,45.375000000000000,-99.625000000000000,1
234,16221,60387,43.375000000000000,-99.625000000000000,1
235,16222,60388,41.375000000000000,-99.625000000000000,1
236,16223,60389,39.375000000000000,-99.625000000000000,1
237,16224,60390,37.375000000000000,-99.625000000000000,1
238,16225,60391,35.375000000000000,-99.625000000000000,1
239,16226,60392,33.375000000000000,-99.625000000000000,1
240,16227,60393,31.375000000000000,-99.625000000000000,1
241,16228,60394,29.375000000000000,-99.625000000000000,1
242,16240,60442,49.375000000000000,-99.375000000000000,1
243,16241,60443,47.375000000000000,-99.375000000000000,1
244,16242,60444,45.375000000000000,-99.375000000000000,1
245,16243,60445,43.375000000000000,-99.375000000000000,1
246,16244,60446,41.375000000000000,-99.375000000000000,1
247,16245,60447,39.375000000000000,-99.375000000000000,1
248,16246,60448,37.375000000000000,-99.375000000000000,1
249,16247,60449,35.375000000000000,-99.375000000000000,1
250,16248,60450,33.375000000000000,-99.375000000000000,1
251,16249,60451,31.375000000000000,-99.375000000000000,1
252,16250,60452,29.375000000000000,-99.375000000000000,1
253,16262,60500,49.375000000000000,-99.125000000000000,1
254,16263,60501,47.375000000000000,-99.125000000000000,1
255,16264,60502,45.375000000000000,-99.125000000000000,1
256,16265,60503,43.375000000000000,-99.125000000000000,1
257,16266,60504,41.375000000000000,-99.125000000000000,1
258,16267,60505,39.375000000000000,-99.125000000000000,1
259,16268,60506,37.375000000000000,-99.125000000000000,1
260,16269,60507,35.375000000000000,-99.125000000000000,1
261,16270,60508,33.375000000000000,-99.125000000000000,1
262,16271,60509,31.375000000000000,-99.125000000000000,1
263,16272,60510,29.375000000000000,-99.125000000000000,1
264,16284,60558,49.375000000000000,-98.875000000000000,1
265,16285,60559,47.375000000000000,-98.875000000000000,1
266,16286,60560,45.375000000000000,-98.875000000000000,1
267,16287,60561,43.375000000000000,-98.875000000000000,1
268,16288,60562,41.375000000000000,-98.875000000000000,1
269,16289,60563,39.375000000000000,-98.875000000000000,1
270,16290,60564,37.375000000000000,-98.875000000000000,1
271,16291,60565,35.375000000000000,-98.875000000000000,1
272,16292,60566,33.375000000000000,-98.875000000000000,1
273,16293,60567,31.375000000000000,-98.875000000000000,1
274,16294,60568,29.375000000000000,-98.875000000000000,1
275,16304,60616,49.375000000000000,-98.625000000000000,1
276,16305,60617,47.375000000000000,-98.625000000000000,1
277,16306,60618,45.375000000000000,-98.625000000000000,1
278,16307,60619,43.375000000000000,-98.625000000000000,1
279,16308,60620,41.375000000000000,-98.625000000000000,1
280,16309,60621,39.375000000000000,-98.625000000000000,1
281,16310,60622,37.375000000000000,-98.625000000000000,1
282,16311,60623,35.375000000000000,-98.625000000000000,1
283,16312,60624,33.375000000000000,-98.625000000000000,1
284,16313,60625,31.375000000000000,-98.625000000000000,1
285,16314,60626,29.375000000000000,-98.625000000000000,1
286,16321,60674,49.375000000000000,-98.375000000000000,1
287,16322,60675,47.375000000000000,-98.375000000000000,1
288,16323,60676,45.375000000000000,-98.375000000000000,1
289,16324,60677,43.375000000000000,-98.375000000000000,1
290,16325,60678,41.375000000000000,-98.375000000000000,1
291,16326,60679,39.375000000000000,-98.375000000000000,1
292,16327,60680,37.375000000000000,-98.375000000000000,1
293,16328,60681,35.375000000000000,-98.375000000000000,1
294,16329,60682,33.375000000000000,-98.375000000000000,1
295,16330,60683,31.375000000000000,-98.375000000000000,1
296,16331,60684,29.375000000000000,-98.375000000000000,1
297,16338,60732,49.375000000000000,-98.125000000000000,1
298,16339,60733,47.375000000000000,-98.125000000000000,1
299,16340,60734,45.375000000000000,-98.125000000000000,1
300,16341,60735,43.375000000000000,-98.125000000000000,1
301,16342,60736,41.375000000000000,-98.125000000000000,1
302,16343,60737,39.375000000000000,-98.125000000000000,1
303,16344,60738,37.375000000000000,-98.125000000000000,1
304,16345,60739,35.375000000000000,-98.125000000000000,1
305,16346,60740,33.375000000000000,-98.125000000000000,1
306,16347,60741,31.375000000000000,-98.125000000000000,1
307,16348,60742,29.375000000000000,-98.125000000000000,1
308,16355,60790,49.375000000000000,-97.875000000000000,1
309,16356,60791,47.375000000000000,-97.875000000000000,1
310,16357,60792,45.375000000000000,-97.875000000000000,1
311,16358,60793,43.375000000000000,-97.875000000000000,1
312,16359,60794,41.375000000000000,-97.875000000000000,1
313,16360,60795,39.375000000000000,-97.875000000000000,1
314,16361,60796,37.375000000000000,-97.875000000000000,1
315,16362,60797,35.375000000000000,-97.875000000000000,1
316,16363,60798,33.375000000000000,-97.875000000000000,1
317,16364,60799,31.375000000000000,-97.875000000000000,1
318,16365,60800,29.375000000000000,-97.875000000000000,1
319,16372,60848,49.375000000000000,-97.625000000000000,1
320,16373,60849,47.375000000000000,-97.625000000000000,1
321,16374,60850,45.375000000000000,-97.625000000000000,1
322,16375,60851,43.375000000000000,-97.625000000000000,1
323,16376,60852,41.375000000000000,-97.625000000000000,1
324,16377,60853,39.375000000000000,-97.625000000000000,1
325,16378,60854,37.375000000000000,-97.625000000000000,1
326,16379,60855,35.375000000000000,-97.625000000000000,1
327,16380,60856,33.375000000000000,-97.625000000000000,1
328,16381,60857,31.375000000000000,-97.625000000000000,1
329,16382,60858,29.375000000000000,-97.625000000000000,1
330,16389,60906,49.375000000000000,-97.375000000000000,1
331,16390,60907,47.375000000000000,-97.375000000000000,1
332,16391,60908,45.375000000000000,-97.375000000000000,1
333,16392,60909,43.375000000000000,-97.375000000000000,1
334,16393,60910,41.375000000000000,-97.375000000000000,1
335,16394,60911,39.375000000000000,-97.375000000000000,1
336,16395,60912,37.375000000000000,-97.375000000000000,1
337,16396,60913,35.375000000000000,-97.375000000000000,1
338,16397,60914,33.375000000000000,-97.375000000000000,1
339,16398,60915,31.375000000000000,-97.375000000000000,1
340,16399,60916,29.375000000000000,-97.375000000000000,1
341,16405,60964,49.375000000000000,-97.125000000000000,1
342,16406,60965,47.375000000000000,-97.125000000000000,1
343,16407,60966,45.375000000000000,-97.125000000000000,1
344,16408,60967,43.375000000000000,-97.125000000000000,1
345,16409,60968,41.375000000000000,-97.125000000000000,1
346,16410,60969,39.375000000000000,-97.125000000000000,1
347,16411,60970,37.375000000000000,-97.125000000000000,1
348,16412,60971,35.375000000000000,-97.125000000000000,1
349,16413,60972,33.375000000000000,-97.125000000000000,1
350,16414,60973,31.375000000000000,-97.125000000000000,1
351,16415,60974,29.375000000000000,-97.125000000000000,1
352,16421,61022,49.375000000000000,-96.875000000000000,1
353,16422,61023,47.375000000000000,-96.875000000000000,1
354,16423,61024,45.375000000000000,-96.875000000000000,1
355,16424,61025,43.375000000000000,-96.875000000000000,1
356,16425,61026,41.375000000000000,-96.875000000000000,1
357,16426,61027,39.375000000000000,-96.875000000000000,1
358,16427,61028,37.375000000000000,-96.875000000000000,1
359,16428,61029,35.375000000000000,-96.875000000000000,1
360,16429,61030,33.375000000000000,-96.875000000000000,1
361,16430,61031,31.375000000000000,-96.875000000000000,1
362,16431,61032,29.375000000000000,-96.875000000000000,1
363,16437,61080,49.375000000000000,-96.625000000000000,1
364,16438,61081,47.375000000000000,-96.625000000000000,1
365,16439,61082,45.375000000000000,-96.625000000000000,1
366,16440,61083,43.375000000000000,-96.625000000000000,1
367,16441,61084,41.375000000000000,-96.625000000000000,1
368,16442,61085,39.375000000000000,-96.625000000000000,1
369,16443,61086,37.375000000000000,-96.625000000000000,1
370,16444,61087,35.375000000000000,-96.625000000000000,1
371,16445,61088,33.375000000000000,-96.625000000000000,1
372,16446,61089,31.375000000000000,-96.625000000000000,1
373,16447,61090,29.375000000000000,-96.625000000000000,1
374,16453,61138,49.375000000000000,-96.375000000000000,1
375,16454,61139,47.375000000000000,-96.375000000000000,1
376,16455,61140,45.375000000000000,-96.375000000000000,1
377,16456,61141,43.375000000000000,-96.375000000000000,1
378,16457,61142,41.375000000000000,-96.375000000000000,1
379,16458,61143,39.375000000000000,-96.375000000000000,1
380,16459,61144,37.375000000000000,-96.375000000000000,1
381,16460,61145,35.375000000000000,-96.375000000000000,1
382,16461,61146,33.375000000000000,-96.375000000000000,1
383,16462,61147,31.375000000000000,-96.375000000000000,1
384,16463,61148,29.375000000000000,-96.375000000000000,1
385,16470,61196,49.375000000000000,-96.125000000000000,1
386,16471,61197,47.375000000000000,-96.125000000000000,1
387,16472,61198,45.375000000000000,-96.125000000000000,1
388,16473,61199,43.375000000000000,-96.125000000000000,1
389,16474,61200,41.375000000000000,-96.125000000000000,1
390,16475,61201,39.375000000000000,-96.125000000000000,1
391,16476,61202,37.375000000000000,-96.125000000000000,1
392,16477,61203,35.375000000000000,-96.125000000000000,1
393,16478,61204,33.375000000000000,-96.125000000000000,1
394,16479,61205,31.375000000000000,-96.125000000000000,1
395,16480,61206,29.375000000000000,-96.125000000000000,1
396,16486,61254,49.375000000000000,-95.875000000000000,1
397,16487,61255,47.375000000000000,-95.875000000000000,1
398,16488,61256,45.375000000000000,-95.875000000000000,1
399,16489,61257,43.375000000000000,-95.875000000000000,1
400,16490,61258,41.375000000000000,-95.875000000000000,1
401,16491,61259,39.375000000000000,-95.875000000000000,1
402,16492,61260,37.375000000000000,-95.875000000000000,1
403,16493,61261,35.375000000000000,-95.875000000000000,1
404,16494,61262,33.375000000000000,-95.875000000000000,1
405,16495,61263,31.375000000000000,-95.875000000000000,1
406,16496,61264,29.375000000000000,-95.875000000000000,1
407,16502,61312,49.375000000000000,-95.625000000000000,1
408,16503,61313,47.375000000000000,-95.625000000000000,1
409,16504,61314,45.375000000000000,-95.625000000000000,1
410,16505,61315,43.375000000000000,-95.625000000000000,1
411,16506,61316,41.375000000000000,-95.625000000000000,1
412,16507,61317,39.375000000000000,-95.625000000000000,1
413,16508,61318,37.375000000000000,-95.625000000000000,1
414,16509,61319,35.375000000000000,-95.625000000000000,1
415,16510,61320,33.375000000000000,-95.625000000000000,1
416,16511,61321,31.375000000000000,-95.625000000000000,1
417,16512,61322,29.375000000000000,-95.625000000000000,1
418,16518,61370,49.375000000000000,-95.375000000000000,1
419,16519,61371,47.375000000000000,-95.375000000000000,1
420,16520,61372,45.375000000000000,-95.375000000000000,1
421,16521,61373,43.375000000000000,-95.375000000000000,1
422,16522,61374,41.375000000000000,-95.375000000000000,1
423,16523,61375,39.375000000000000,-95.375000000000000,1
424,16524,61376,37.375000000000000,-95.375000000000000,1
425,16525,61377,35.375000000000000,-95.375000000000000,1
426,16526,61378,33.375000000000000,-95.375000000000000,1
427,16527,61379,31.375000000000000,-95.375000000000000,1
428,16528,61380,29.375000000000000,-95.375000000000000,1
429,16534,61428,49.375000000000000,-95.125000000000000,1
430,16535,61429,47.375000000000000,-95.125000000000000,1
431,16536,61430,45.375000000000000,-95.125000000000000,1
432,16537,61431,43.375000000000000,-95.125000000000000,1
433,16538,61432,41.375000000000000,-95.125000000000000,1
434,16539,61433,39.375000000000000,-95.125000000000000,1
435,16540,61434,37.375000000000000,-95.125000000000000,1
436,16541,61435,35.375000000000000,-95.125000000000000,1
437,16542,61436,33.375000000000000,-95.125000000000000,1
438,16543,61437,31.375000000000000,-95.125000000000000,1
439,16544,61438,29.375000000000000,-95.125000000000000,1
440,16550,61486,49.375000000000000,-94.875000000000000,1
441,16551,61487,47.375000000000000,-94.875000000000000,1
442,16552,61488,45.375000000000000,-94.875000000000000,1
443,16553,61489,43.375000000000000,-94.875000000000000,1
444,16554,61490,41.375000000000000,-94.875000000000000,1
445,16555,61491,39.375000000000000,-94.875000000000000,1
446,16556,61492,37.375000000000000,-94.875000000000000,1
447,16557,61493,35.375000000000000,-94.875000000000000,1
448,16558,61494,33.375000000000000,-94.875000000000000,1
449,16559,61495,31.375000000000000,-94.875000000000000,1
450,16565,61544,49.375000000000000,-94.625000000000000,1
451,16566,61545,47.375000000000000,-94.625000000000000,1
452,16567,61546,45.375000000000000,-94.625000000000000,1
453,16568,61547,43.375000000000000,-94.625000000000000,1
454,16569,61548,41.375000000000000,-94.625000000000000,1
455,16570,61549,39.375000000000000,-94.625000000000000,1
456,16571,61550,37.375000000000000,-94.625000000000000,1
457,16572,61551,35.375000000000000,-94.625000000000000,1
458,16573,61552,33.375000000000000,-94.625000000000000,1
459,16574,61553,31.375000000000000,-94.625000000000000,1
460,16580,61602,49.375000000000000,-94.375000000000000,1
461,16581,61603,47.375000000000000,-94.375000000000000,1
462,16582,61604,45.375000000000000,-94.375000000000000,1
463,16583,61605,43.375000000000000,-94.375000000000000,1
464,16584,61606,41.375000000000000,-94.375000000000000,1
465,16585,61607,39.375000000000000,-94.375000000000000,1
466,16586,61608,37.375000000000000,-94.375000000000000,1
467,16587,61609,35.375000000000000,-94.375000000000000,1
468,16588,61610,33.375000000000000,-94.375000000000000,1
469,16589,61611,31.375000000000000,-94.375000000000000,1
470,16595,61660,49.375000000000000,-94.125000000000000,1
471,16596,61661,47.375000000000000,-94.125000000000000,1
472,16597,61662,45.375000000000000,-94.125000000000000,1
473,16598,61663,43.375000000000000,-94.125000000000000,1
474,16599,61664,41.375000000000000,-94.125000000000000,1
475,16600,61665,39.375000000000000,-94.125000000000000,1
476,16601,61666,37.375000000000000,-94.125000000000000,1
477,16602,61667,35.375000000000000,-94.125000000000000,1
478,16603,61668,33.375000000000000,-94.125000000000000,1
479,16604,61669,31.375000000000000,-94.125000000000000,1
480,16610,61718,49.375000000000000,-93.875000000000000,1
481,16611,61719,47.375000000000000,-93.875000000000000,1
482,16612,61720,45.375000000000000,-93.875000000000000,1
483,16613,61721,43.375000000000000,-93.875000000000000,1
484,16614,61722,41.375000000000000,-93.875000000000000,1
485,16615,61723,39.375000000000000,-93.875000000000000,1
486,16616,61724,37.375000000000000,-93.875000000000000,1
487,16617,61725,35.375000000000000,-93.875000000000000,1
488,16618,61726,33.375000000000000,-93.875000000000000,1
489,16619,61727,31.375000000000000,-93.875000000000000,1
490,16624,61776,49.375000000000000,-93.625000000000000,1
491,16625,61777,47.375000000000000,-93.625000000000000,1
492,16626,61778,45.375000000000000,-93.625000000000000,1
493,16627,61779,43.375000000000000,-93.625000000000000,1
494,16628,61780,41.375000000000000,-93.625000000000000,1
495,16629,61781,39.375000000000000,-93.625000000000000,1
496,16630,61782,37.375000000000000,-93.625000000000000,1
497,16631,61783,35.375000000000000,-93.625000000000000,1
498,16632,61784,33.375000000000000,-93.625000000000000,1
499,16633,61785,31.375000000000000,-93.625000000000000,1
500,16638,61834,49.375000000000000,-93.375000000000000,1
501,16639,61835,47.375000000000000,-93.375000000000000,1
502,16640,61836,45.375000000000000,-93.375000000000000,1
503,16641,61837,43.375000000000000,-93.375000000000000,1
504,16642,61838,41.375000000000000,-93.375000000000000,1
505,16643,61839,39.375000000000000,-93.375000000000000,1
506,16644,61840,37.375000000000000,-93.375000000000000,1
507,16645,61841,35.375000000000000,-93.375000000000000,1
508,16646,61842,33.375000000000000,-93.375000000000000,1
509,16647,61843,31.375000000000000,-93.375000000000000,1
510,16652,61892,49.375000000000000,-93.125000000000000,1
511,16653,61893,47.375000000000000,-93.125000000000000,1
512,16654,61894,45.375000000000000,-93.125000000000000,1
513,16655,61895,43.375000000000000,-93.125000000000000,1
514,16656,61896,41.375000000000000,-93.125000000000000,1
515,16657,61897,39.375000000000000,-93.125000000000000,1
516,16658,61898,37.375000000000000,-93.125000000000000,1
517,16659,61899,35.375000000000000,-93.125000000000000,1
518,16660,61900,33.375000000000000,-93.125000000000000,1
519,16661,61901,31.375000000000000,-93.125000000000000,1
520,16666,61950,49.375000000000000,-92.875000000000000,1
521,16667,61951,47.375000000000000,-92.875000000000000,1
522,16668,61952,45.375000000000000,-92.875000000000000,1
523,16669,61953,43.375000000000000,-92.875000000000000,1
524,16670,61954,41.375000000000000,-92.875000000000000,1
525,16671,61955,39.375000000000000,-92.875000000000000,1
526,16672,61956,37.375000000000000,-92.875000000000000,1
527,16673,61957,35.375000000000000,-92.875000000000000,1
528,16674,61958,33.375000000000000,-92.875000000000000,1
529,16675,61959,31.375000000000000,-92.875000000000000,1
530,16681,62008,49.375000000000000,-92.625000000000000,1
531,16682,62009,47.375000000000000,-92.625000000000000,1
532,16683,62010,45.375000000000000,-92.625000000000000,1
533,16684,62011,43.375000000000000,-92.625000000000000,1
534,16685,62012,41.375000000000000,-92.625000000000000,1
535,16686,62013,39.375000000000000,-92.625000000000000,1
536,16687,62014,37.375000000000000,-92.625000000000000,1
537,16688,62015,35.375000000000000,-92.625000000000000,1
538,16689,62016,33.375000000000000,-92.625000000000000,1
539,16690,62017,31.375000000000000,-92.625000000000000,1
540,16696,62066,49.375000000000000,-92.375000000000000,1
541,16697,62067,47.375000000000000,-92.375000000000000,1
542,16698,62068,45.375000000000000,-92.375000000000000,1
543,16699,62069,43.375000000000000,-92.375000000000000,1
544,16700,62070,41.375000000000000,-92.375000000000000,1
545,16701,62071,39.375000000000000,-92.375000000000000,1
546,16702,62072,37.375000000000000,-92.375000000000000,1
547,16703,62073,35.375000000000000,-92.375000000000000,1
548,16704,62074,33.375000000000000,-92.375000000000000,1
549,16705,62075,31.375000000000000,-92.375000000000000,1
550,16711,62124,49.375000000000000,-92.125000000000000,1
551,16712,62125,47.375000000000000,-92.125000000000000,1
552,16713,62126,45.375000000000000,-92.125000000000000,1
553,16714,62127,43.375000000000000,-92.125000000000000,1
554,16715,62128,41.375000000000000,-92.125000000000000,1
555,16716,62129,39.375000000000000,-92.125000000000000,1
556,16717,62130,37.375000000000000,-92.125000000000000,1
557,16718,62131,35.375000000000000,-92.125000000000000,1
558,16719,62132,33.375000000000000,-92.125000000000000,1
559,16720,62133,31.375000000000000,-92.125000000000000,1
560,16726,62182,49.375000000000000,-91.875000000000000,1
561,16727,62183,47.375000000000000,-91.875000000000000,1
562,16728,62184,45.375000000000000,-91.875000000000000,1
563,16729,62185,43.375000000000000,-91.875000000000000,1
564,16730,62186,41.375000000000000,-91.875000000000000,1
565,16731,62187,39.375000000000000,-91.875000000000000,1
566,16732,62188,37.375000000000000,-91.875000000000000,1
567,16733,62189,35.375000000000000,-91.875000000000000,1
568,16734,62190,33.375000000000000,-91.875000000000000,1
569,16735,62191,31.375000000000000,-91.875000000000000,1
570,16741,62240,49.375000000000000,-91.625000000000000,1
571,16742,62241,47.375000000000000,-91.625000000000000,1
572,16743,62242,45.375000000000000,-91.625000000000000,1
573,16744,62243,43.375000000000000,-91.625000000000000,1
574,16745,62244,41.375000000000000,-91.625000000000000,1
575,16746,62245,39.375000000000000,-91.625000000000000,1
576,16747,62246,37.375000000000000,-91.625000000000000,1
577,16748,62247,35.375000000000000,-91.625000000000000,1
578,16749,62248,33.375000000000000,-91.625000000000000,1
579,16750,62249,31.375000000000000,-91.625000000000000,1
580,16756,62298,49.375000000000000,-91.375000000000000,1
581,16757,62299,47.375000000000000,-91.375000000000000,1
582,16758,62300,45.375000000000000,-91.375000000000000,1
583,16759,62301,43.375000000000000,-91.375000000000000,1
584,16760,62302,41.375000000000000,-91.375000000000000,1
585,16761,62303,39.375000000000000,-91.375000000000000,1
586,16762,62304,37.375000000000000,-91.375000000000000,1
587,16763,62305,35.375000000000000,-91.375000000000000,1
588,16764,62306,33.375000000000000,-91.375000000000000,1
589,16765,62307,31.375000000000000,-91.375000000000000,1
590,16771,62356,49.375000000000000,-91.125000000000000,1
591,16772,62358,45.375000000000000,-91.125000000000000,1
592,16773,62359,43.375000000000000,-91.125000000000000,1
593,16774,62360,41.375000000000000,-91.125000000000000,1
594,16775,62361,39.375000000000000,-91.125000000000000,1
595,16776,62362,37.375000000000000,-91.125000000000000,1
596,16777,62363,35.375000000000000,-91.125000000000000,1
597,16778,62364,33.375000000000000,-91.125000000000000,1
598,16779,62365,31.375000000000000,-91.125000000000000,1
599,16780,62366,29.375000000000000,-91.125000000000000,1
600,16786,62414,49.375000000000000,-90.875000000000000,1
601,16787,62416,45.375000000000000,-90.875000000000000,1
602,16788,62417,43.375000000000000,-90.875000000000000,1
603,16789,62418,41.375000000000000,-90.875000000000000,1
604,16790,62419,39.375000000000000,-90.875000000000000,1
605,16791,62420,37.375000000000000,-90.875000000000000,1
606,16792,62421,35.375000000000000,-90.875000000000000,1
607,16793,62422,33.375000000000000,-90.875000000000000,1
608,16794,62423,31.375000000000000,-90.875000000000000,1
609,16795,62424,29.375000000000000,-90.875000000000000,1
610,16801,62472,49.375000000000000,-90.625000000000000,1
611,16802,62474,45.375000000000000,-90.625000000000000,1
612,16803,62475,43.375000000000000,-90.625000000000000,1
613,16804,62476,41.375000000000000,-90.625000000000000,1
614,16805,62477,39.375000000000000,-90.625000000000000,1
615,16806,62478,37.375000000000000,-90.625000000000000,1
616,16807,62479,35.375000000000000,-90.625000000000000,1
617,16808,62480,33.375000000000000,-90.625000000000000,1
618,16809,62481,31.375000000000000,-90.625000000000000,1
619,16810,62482,29.375000000000000,-90.625000000000000,1
620,16817,62530,49.375000000000000,-90.375000000000000,1
621,16818,62532,45.375000000000000,-90.375000000000000,1
622,16819,62533,43.375000000000000,-90.375000000000000,1
623,16820,62534,41.375000000000000,-90.375000000000000,1
624,16821,62535,39.375000000000000,-90.375000000000000,1
625,16822,62536,37.375000000000000,-90.375000000000000,1
626,16823,62537,35.375000000000000,-90.375000000000000,1
627,16824,62538,33.375000000000000,-90.375000000000000,1
628,16825,62539,31.375000000000000,-90.375000000000000,1
629,16826,62540,29.375000000000000,-90.375000000000000,1
630,16833,62588,49.375000000000000,-90.125000000000000,1
631,16834,62590,45.375000000000000,-90.125000000000000,1
632,16835,62591,43.375000000000000,-90.125000000000000,1
633,16836,62592,41.375000000000000,-90.125000000000000,1
634,16837,62593,39.375000000000000,-90.125000000000000,1
635,16838,62594,37.375000000000000,-90.125000000000000,1
636,16839,62595,35.375000000000000,-90.125000000000000,1
637,16840,62596,33.375000000000000,-90.125000000000000,1
638,16841,62597,31.375000000000000,-90.125000000000000,1
639,16842,62598,29.375000000000000,-90.125000000000000,1
640,16849,62646,49.375000000000000,-89.875000000000000,1
641,16850,62648,45.375000000000000,-89.875000000000000,1
642,16851,62649,43.375000000000000,-89.875000000000000,1
643,16852,62650,41.375000000000000,-89.875000000000000,1
644,16853,62651,39.375000000000000,-89.875000000000000,1
645,16854,62652,37.375000000000000,-89.875000000000000,1
646,16855,62653,35.375000000000000,-89.875000000000000,1
647,16856,62654,33.375000000000000,-89.875000000000000,1
648,16857,62655,31.375000000000000,-89.875000000000000,1
649,16864,62704,49.375000000000000,-89.625000000000000,1
650,16865,62706,45.375000000000000,-89.625000000000000,1
651,16866,62707,43.375000000000000,-89.625000000000000,1
652,16867,62708,41.375000000000000,-89.625000000000000,1
653,16868,62709,39.375000000000000,-89.625000000000000,1
654,16869,62710,37.375000000000000,-89.625000000000000,1
655,16870,62711,35.375000000000000,-89.625000000000000,1
656,16871,62712,33.375000000000000,-89.625000000000000,1
657,16872,62713,31.375000000000000,-89.625000000000000,1
658,16873,62714,29.375000000000000,-89.625000000000000,1
659,16880,62762,49.375000000000000,-89.375000000000000,1
660,16881,62764,45.375000000000000,-89.375000000000000,1
661,16882,62765,43.375000000000000,-89.375000000000000,1
662,16883,62766,41.375000000000000,-89.375000000000000,1
663,16884,62767,39.375000000000000,-89.375000000000000,1
664,16885,62768,37.375000000000000,-89.375000000000000,1
665,16886,62769,35.375000000000000,-89.375000000000000,1
666,16887,62770,33.375000000000000,-89.375000000000000,1
667,16888,62771,31.375000000000000,-89.375000000000000,1
668,16895,62820,49.375000000000000,-89.125000000000000,1
669,16896,62822,45.375000000000000,-89.125000000000000,1
670,16897,62823,43.375000000000000,-89.125000000000000,1
671,16898,62824,41.375000000000000,-89.125000000000000,1
672,16899,62825,39.375000000000000,-89.125000000000000,1
673,16900,62826,37.375000000000000,-89.125000000000000,1
674,16901,62827,35.375000000000000,-89.125000000000000,1
675,16902,62828,33.375000000000000,-89.125000000000000,1
676,16903,62829,31.375000000000000,-89.125000000000000,1
677,16910,62878,49.375000000000000,-88.875000000000000,1
678,16911,62880,45.375000000000000,-88.875000000000000,1
679,16912,62881,43.375000000000000,-88.875000000000000,1
680,16913,62882,41.375000000000000,-88.875000000000000,1
681,16914,62883,39.375000000000000,-88.875000000000000,1
682,16915,62884,37.375000000000000,-88.875000000000000,1
683,16916,62885,35.375000000000000,-88.875000000000000,1
684,16917,62886,33.375000000000000,-88.875000000000000,1
685,16918,62887,31.375000000000000,-88.875000000000000,1
686,16925,62936,49.375000000000000,-88.625000000000000,1
687,16926,62941,39.375000000000000,-88.625000000000000,1
688,16927,62942,37.375000000000000,-88.625000000000000,1
689,16928,62943,35.375000000000000,-88.625000000000000,1
690,16929,62944,33.375000000000000,-88.625000000000000,1
691,16930,62945,31.375000000000000,-88.625000000000000,1
692,16935,62994,49.375000000000000,-88.375000000000000,1
693,16936,62999,39.375000000000000,-88.375000000000000,1
694,16937,63000,37.375000000000000,-88.375000000000000,1
695,16938,63001,35.375000000000000,-88.375000000000000,1
696,16939,63002,33.375000000000000,-88.375000000000000,1
697,16940,63003,31.375000000000000,-88.375000000000000,1
698,16945,63052,49.375000000000000,-88.125000000000000,1
699,16946,63057,39.375000000000000,-88.125000000000000,1
700,16947,63058,37.375000000000000,-88.125000000000000,1
701,16948,63059,35.375000000000000,-88.125000000000000,1
702,16949,63060,33.375000000000000,-88.125000000000000,1
703,16950,63061,31.375000000000000,-88.125000000000000,1
704,16955,63110,49.375000000000000,-87.875000000000000,1
705,16956,63115,39.375000000000000,-87.875000000000000,1
706,16957,63116,37.375000000000000,-87.875000000000000,1
707,16958,63117,35.375000000000000,-87.875000000000000,1
708,16959,63118,33.375000000000000,-87.875000000000000,1
709,16960,63119,31.375000000000000,-87.875000000000000,1
710,16965,63168,49.375000000000000,-87.625000000000000,1
711,16966,63173,39.375000000000000,-87.625000000000000,1
712,16967,63174,37.375000000000000,-87.625000000000000,1
713,16968,63175,35.375000000000000,-87.625000000000000,1
714,16969,63176,33.375000000000000,-87.625000000000000,1
715,16970,63177,31.375000000000000,-87.625000000000000,1
716,16975,63226,49.375000000000000,-87.375000000000000,1
717,16976,63231,39.375000000000000,-87.375000000000000,1
718,16977,63232,37.375000000000000,-87.375000000000000,1
719,16978,63233,35.375000000000000,-87.375000000000000,1
720,16979,63234,33.375000000000000,-87.375000000000000,1
721,16980,63235,31.375000000000000,-87.375000000000000,1
722,16985,63284,49.375000000000000,-87.125000000000000,1
723,16986,63289,39.375000000000000,-87.125000000000000,1
724,16987,63290,37.375000000000000,-87.125000000000000,1
725,16988,63291,35.375000000000000,-87.125000000000000,1
726,16989,63292,33.375000000000000,-87.125000000000000,1
727,16990,63293,31.375000000000000,-87.125000000000000,1
728,16995,63342,49.375000000000000,-86.875000000000000,1
729,16996,63347,39.375000000000000,-86.875000000000000,1
730,16997,63348,37.375000000000000,-86.875000000000000,1
731,16998,63349,35.375000000000000,-86.875000000000000,1
732,16999,63350,33.375000000000000,-86.875000000000000,1
733,17000,63351,31.375000000000000,-86.875000000000000,1
734,17005,63400,49.375000000000000,-86.625000000000000,1
735,17006,63405,39.375000000000000,-86.625000000000000,1
736,17007,63406,37.375000000000000,-86.625000000000000,1
737,17008,63407,35.375000000000000,-86.625000000000000,1
738,17009,63408,33.375000000000000,-86.625000000000000,1
739,17010,63409,31.375000000000000,-86.625000000000000,1
740,17015,63458,49.375000000000000,-86.375000000000000,1
741,17016,63463,39.375000000000000,-86.375000000000000,1
742,17017,63464,37.375000000000000,-86.375000000000000,1
743,17018,63465,35.375000000000000,-86.375000000000000,1
744,17019,63466,33.375000000000000,-86.375000000000000,1
745,17020,63467,31.375000000000000,-86.375000000000000,1
746,17025,63516,49.375000000000000,-86.125000000000000,1
747,17026,63518,45.375000000000000,-86.125000000000000,1
748,17027,63519,43.375000000000000,-86.125000000000000,1
749,17028,63520,41.375000000000000,-86.125000000000000,1
750,17029,63521,39.375000000000000,-86.125000000000000,1
751,17030,63522,37.375000000000000,-86.125000000000000,1
752,17031,63523,35.375000000000000,-86.125000000000000,1
753,17032,63524,33.375000000000000,-86.125000000000000,1
754,17033,63525,31.375000000000000,-86.125000000000000,1
755,17041,63574,49.375000000000000,-85.875000000000000,1
756,17042,63576,45.375000000000000,-85.875000000000000,1
757,17043,63577,43.375000000000000,-85.875000000000000,1
758,17044,63578,41.375000000000000,-85.875000000000000,1
759,17045,63579,39.375000000000000,-85.875000000000000,1
760,17046,63580,37.375000000000000,-85.875000000000000,1
761,17047,63581,35.375000000000000,-85.875000000000000,1
762,17048,63582,33.375000000000000,-85.875000000000000,1
763,17049,63583,31.375000000000000,-85.875000000000000,1
764,17057,63632,49.375000000000000,-85.625000000000000,1
765,17058,63634,45.375000000000000,-85.625000000000000,1
766,17059,63635,43.375000000000000,-85.625000000000000,1
767,17060,63636,41.375000000000000,-85.625000000000000,1
768,17061,63637,39.375000000000000,-85.625000000000000,1
769,17062,63638,37.375000000000000,-85.625000000000000,1
770,17063,63639,35.375000000000000,-85.625000000000000,1
771,17064,63640,33.375000000000000,-85.625000000000000,1
772,17065,63641,31.375000000000000,-85.625000000000000,1
773,17073,63690,49.375000000000000,-85.375000000000000,1
774,17074,63692,45.375000000000000,-85.375000000000000,1
775,17075,63693,43.375000000000000,-85.375000000000000,1
776,17076,63694,41.375000000000000,-85.375000000000000,1
777,17077,63695,39.375000000000000,-85.375000000000000,1
778,17078,63696,37.375000000000000,-85.375000000000000,1
779,17079,63697,35.375000000000000,-85.375000000000000,1
780,17080,63698,33.375000000000000,-85.375000000000000,1
781,17081,63699,31.375000000000000,-85.375000000000000,1
782,17088,63748,49.375000000000000,-85.125000000000000,1
783,17089,63750,45.375000000000000,-85.125000000000000,1
784,17090,63751,43.375000000000000,-85.125000000000000,1
785,17091,63752,41.375000000000000,-85.125000000000000,1
786,17092,63753,39.375000000000000,-85.125000000000000,1
787,17093,63754,37.375000000000000,-85.125000000000000,1
788,17094,63755,35.375000000000000,-85.125000000000000,1
789,17095,63756,33.375000000000000,-85.125000000000000,1
790,17096,63757,31.375000000000000,-85.125000000000000,1