FID,OBJECTID,field,Var1,Var2,value
0,2982,5824,13.375000000000000,25.125000000000000,1
1,2983,5825,11.375000000000000,25.125000000000000,1
2,2984,5826,9.375000000000000,25.125000000000000,1
3,2985,5827,7.375000000000000,25.125000000000000,1
4,2986,5828,5.375000000000000,25.125000000000000,1
5,2987,5829,3.375000000000000,25.125000000000000,1
6,2988,5830,1.375000000000000,25.125000000000000,1
7,2989,5831,-0.625000000000000,25.125000000000000,1
8,2990,5832,-2.625000000000000,25.125000000000000,1
9,2991,5833,-4.625000000000000,25.125000000000000,1
10,2992,5834,-6.625000000000000,25.125000000000000,1
11,2993,5835,-8.625000000000000,25.125000000000000,1
12,2994,5836,-10.625000000000000,25.125000000000000,1
13,3023,5882,13.375000000000000,25.375000000000000,1
14,3024,5883,11.375000000000000,25.375000000000000,1
15,3025,5884,9.375000000000000,25.375000000000000,1
16,3026,5885,7.375000000000000,25.375000000000000,1
17,3027,5886,5.375000000000000,25.375000000000000,1
18,3028,5887,3.375000000000000,25.375000000000000,1
19,3029,5888,1.375000000000000,25.375000000000000,1
20,3030,5889,-0.625000000000000,25.375000000000000,1
21,3031,5890,-2.625000000000000,25.375000000000000,1
22,3032,5891,-4.625000000000000,25.375000000000000,1
23,3033,5892,-6.625000000000000,25.375000000000000,1
24,3034,5893,-8.625000000000000,25.375000000000000,1
25,3035,5894,-10.625000000000000,25.375000000000000,1
26,3064,5940,13.375000000000000,25.625000000000000,1
27,3065,5941,11.375000000000000,25.625000000000000,1
28,3066,5942,9.375000000000000,25.625000000000000,1
29,3067,5943,7.375000000000000,25.625000000000000,1
30,3068,5944,5.375000000000000,25.625000000000000,1
31,3069,5945,3.375000000000000,25.625000000000000,1
32,3070,5946,1.375000000000000,25.625000000000000,1
33,3071,5947,-0.625000000000000,25.625000000000000,1
34,3072,5948,-2.625000000000000,25.625000000000000,1
35,3073,5949,-4.625000000000000,25.625000000000000,1
36,3074,5950,-6.625000000000000,25.625000000000000,1
37,3075,5951,-8.625000000000000,25.625000000000000,1
38,3076,5952,-10.625000000000000,25.625000000000000,1
39,3105,5998,13.375000000000000,25.875000000000000,1
40,3106,5999,11.375000000000000,25.875000000000000,1
41,3107,6000,9.375000000000000,25.875000000000000,1
42,3108,6001,7.375000000000000,25.875000000000000,1
43,3109,6002,5.375000000000000,25.875000000000000,1
44,3110,6003,3.375000000000000,25.875000000000000,1
45,3111,6004,1.375000000000000,25.875000000000000,1
46,3112,6005,-0.625000000000000,25.875000000000000,1
47,3113,6006,-2.625000000000000,25.875000000000000,1
48,3114,6007,-4.625000000000000,25.875000000000000,1
49,3115,6008,-6.625000000000000,25.875000000000000,1
50,3116,6009,-8.625000000000000,25.875000000000000,1
51,3117,6010,-10.625000000000000,25.875000000000000,1
52,3146,6056,13.375000000000000,26.125000000000000,1
53,3147,6057,11.375000000000000,26.125000000000000,1
54,3148,6058,9.375000000000000,26.125000000000000,1
55,3149,6059,7.375000000000000,26.125000000000000,1
56,3150,6060,5.375000000000000,26.125000000000000,1
57,3151,6061,3.375000000000000,26.125000000000000,1
58,3152,6062,1.375000000000000,26.125000000000000,1
59,3153,6063,-0.625000000000000,26.125000000000000,1
60,3154,6064,-2.625000000000000,26.125000000000000,1
61,3155,6065,-4.625000000000000,26.125000000000000,1
62,3156,6066,-6.625000000000000,26.125000000000000,1
63,3157,6067,-8.625000000000000,26.125000000000000,1
64,3158,6068,-10.625000000000000,26.125000000000000,1
65,3187,6114,13.375000000000000,26.375000000000000,1
66,3188,6115,11.375000000000000,26.375000000000000,1
67,3189,6116,9.375000000000000,26.375000000000000,1
68,3190,6117,7.375000000000000,26.375000000000000,1
69,3191,6118,5.375000000000000,26.375000000000000,1
70,3192,6119,3.375000000000000,26.375000000000000,1
71,3193,6120,1.375000000000000,26.375000000000000,1
72,3194,6121,-0.625000000000000,26.375000000000000,1
73,3195,6122,-2.625000000000000,26.375000000000000,1
74,3196,6123,-4.625000000000000,26.375000000000000,1
75,3197,6124,-6.625000000000000,26.375000000000000,1
76,3198,6125,-8.625000000000000,26.375000000000000,1
77,3199,6126,-10.625000000000000,26.375000000000000,1
78,3228,6172,13.375000000000000,26.625000000000000,1
79,3229,6173,11.375000000000000,26.625000000000000,1
80,3230,6174,9.375000000000000,26.625000000000000,1
81,3231,6175,7.375000000000000,26.625000000000000,1
82,3232,6176,5.375000000000000,26.625000000000000,1
83,3233,6177,3.375000000000000,26.625000000000000,1
84,3234,6178,1.375000000000000,26.625000000000000,1
85,3235,6179,-0.625000000000000,26.625000000000000,1
86,3236,6180,-2.625000000000000,26.625000000000000,1
87,3237,6181,-4.625000000000000,26.625000000000000,1
88,3238,6182,-6.625000000000000,26.625000000000000,1
89,3239,6183,-8.625000000000000,26.625000000000000,1
90,3240,6184,-10.625000000000000,26.625000000000000,1
91,3270,6230,13.375000000000000,26.875000000000000,1
92,3271,6231,11.375000000000000,26.875000000000000,1
93,3272,6232,9.375000000000000,26.875000000000000,1
94,3273,6233,7.375000000000000,26.875000000000000,1
95,3274,6234,5.375000000000000,26.875000000000000,1
96,3275,6235,3.375000000000000,26.875000000000000,1
97,3276,6236,1.375000000000000,26.875000000000000,1
98,3277,6237,-0.625000000000000,26.875000000000000,1
99,3278,6238,-2.625000000000000,26.875000000000000,1
100,3279,6239,-4.625000000000000,26.875000000000000,1
101,3280,6240,-6.625000000000000,26.875000000000000,1
102,3281,6241,-8.625000000000000,26.875000000000000,1
103,3282,6242,-10.625000000000000,26.875000000000000,1
104,3312,6288,13.375000000000000,27.125000000000000,1
105,3313,6289,11.375000000000000,27.125000000000000,1
106,3314,6290,9.375000000000000,27.125000000000000,1
107,3315,6291,7.375000000000000,27.125000000000000,1
108,3316,6292,5.375000000000000,27.125000000000000,1
109,3317,6293,3.375000000000000,27.125000000000000,1
110,3318,6294,1.375000000000000,27.125000000000000,1
111,3319,6295,-0.625000000000000,27.125000000000000,1
112,3320,6296,-2.625000000000000,27.125000000000000,1
113,3321,6297,-4.625000000000000,27.125000000000000,1
114,3322,6298,-6.625000000000000,27.125000000000000,1
115,3323,6299,-8.625000000000000,27.125000000000000,1
116,3324,6300,-10.625000000000000,27.125000000000000,1
117,3354,6346,13.375000000000000,27.375000000000000,1
118,3355,6347,11.375000000000000,27.375000000000000,1
119,3356,6348,9.375000000000000,27.375000000000000,1
120,3357,6349,7.375000000000000,27.375000000000000,1
121,3358,6350,5.375000000000000,27.375000000000000,1
122,3359,6351,3.375000000000000,27.375000000000000,1
123,3360,6352,1.375000000000000,27.375000000000000,1
124,3361,6353,-0.625000000000000,27.375000000000000,1
125,3362,6354,-2.625000000000000,27.375000000000000,1
126,3363,6355,-4.625000000000000,27.375000000000000,1
127,3364,6356,-6.625000000000000,27.375000000000000,1
128,3365,6357,-8.625000000000000,27.375000000000000,1
129,3366,6358,-10.625000000000000,27.375000000000000,1
130,3396,6404,13.375000000000000,27.625000000000000,1
131,3397,6405,11.375000000000000,27.625000000000000,1
132,3398,6406,9.375000000000000,27.625000000000000,1
133,3399,6407,7.375000000000000,27.625000000000000,1
134,3400,6408,5.375000000000000,27.625000000000000,1
135,3401,6409,3.375000000000000,27.625000000000000,1
136,3402,6410,1.375000000000000,27.625000000000000,1
137,3403,6411,-0.625000000000000,27.625000000000000,1
138,3404,6412,-2.625000000000000,27.625000000000000,1
139,3405,6413,-4.625000000000000,27.625000000000000,1
140,3406,6414,-6.625000000000000,27.625000000000000,1
141,3407,6415,-8.625000000000000,27.625000000000000,1
142,3408,6416,-10.625000000000000,27.625000000000000,1
143,3438,6462,13.375000000000000,27.875000000000000,1
144,3439,6463,11.375000000000000,27.875000000000000,1
145,3440,6464,9.375000000000000,27.875000000000000,1
146,3441,6465,7.375000000000000,27.875000000000000,1
147,3442,6466,5.375000000000000,27.875000000000000,1
148,3443,6467,3.375000000000000,27.875000000000000,1
149,3444,6468,1.375000000000000,27.875000000000000,1
150,3445,6469,-0.625000000000000,27.875000000000000,1
151,3446,6470,-2.625000000000000,27.875000000000000,1
152,3447,6471,-4.625000000000000,27.875000000000000,1
153,3448,6472,-6.625000000000000,27.875000000000000,1
154,3449,6473,-8.625000000000000,27.875000000000000,1
155,3450,6474,-10.625000000000000,27.875000000000000,1
156,3479,6520,13.375000000000000,28.125000000000000,1
157,3480,6521,11.375000000000000,28.125000000000000,1
158,3481,6522,9.375000000000000,28.125000000000000,1
159,3482,6523,7.375000000000000,28.125000000000000,1
160,3483,6524,5.375000000000000,28.125000000000000,1
161,3484,6525,3.375000000000000,28.125000000000000,1
162,3485,6526,1.375000000000000,28.125000000000000,1
163,3486,6527,-0.625000000000000,28.125000000000000,1
164,3487,6528,-2.625000000000000,28.125000000000000,1
165,3488,6529,-4.625000000000000,28.125000000000000,1
166,3489,6530,-6.625000000000000,28.125000000000000,1
167,3490,6531,-8.625000000000000,28.125000000000000,1
168,3491,6532,-10.625000000000000,28.125000000000000,1
169,3520,6578,13.375000000000000,28.375000000000000,1
170,3521,6579,11.375000000000000,28.375000000000000,1
171,3522,6580,9.375000000000000,28.375000000000000,1
172,3523,6581,7.375000000000000,28.375000000000000,1
173,3524,6582,5.375000000000000,28.375000000000000,1
174,3525,6583,3.375000000000000,28.375000000000000,1
175,3526,6584,1.375000000000000,28.375000000000000,1
176,3527,6585,-0.625000000000000,28.375000000000000,1
177,3528,6586,-2.625000000000000,28.375000000000000,1
178,3529,6587,-4.625000000000000,28.375000000000000,1
179,3530,6588,-6.625000000000000,28.375000000000000,1
180,3531,6589,-8.625000000000000,28.375000000000000,1
181,3532,6590,-10.625000000000000,28.375000000000000,1
182,3560,6636,13.375000000000000,28.625000000000000,1
183,3561,6637,11.375000000000000,28.625000000000000,1
184,3562,6638,9.375000000000000,28.625000000000000,1
185,3563,6639,7.375000000000000,28.625000000000000,1
186,3564,6640,5.375000000000000,28.625000000000000,1
187,3565,6641,3.375000000000000,28.625000000000000,1
188,3566,6642,1.375000000000000,28.625000000000000,1
189,3567,6643,-0.625000000000000,28.625000000000000,1
190,3568,6644,-2.625000000000000,28.625000000000000,1
191,3569,6645,-4.625000000000000,28.625000000000000,1
192,3570,6646,-6.625000000000000,28.625000000000000,1
193,3571,6647,-8.625000000000000,28.625000000000000,1
194,3572,6648,-10.625000000000000,28.625000000000000,1
195,3600,6694,13.375000000000000,28.875000000000000,1
196,3601,6695,11.375000000000000,28.875000000000000,1
197,3602,6696,9.375000000000000,28.875000000000000,1
198,3603,6697,7.375000000000000,28.875000000000000,1
199,3604,6698,5.375000000000000,28.875000000000000,1
200,3605,6699,3.375000000000000,28.875000000000000,1
201,3606,6700,1.375000000000000,28.875000000000000,1
202,3607,6701,-0.625000000000000,28.875000000000000,1
203,3608,6702,-2.625000000000000,28.875000000000000,1
204,3609,6703,-4.625000000000000,28.875000000000000,1
205,3610,6706,-10.625000000000000,28.875000000000000,1
206,3638,6752,13.375000000000000,29.125000000000000,1
207,3639,6753,11.375000000000000,29.125000000000000,1
208,3640,6754,9.375000000000000,29.125000000000000,1
209,3641,6755,7.375000000000000,29.125000000000000,1
210,3642,6756,5.375000000000000,29.125000000000000,1
211,3643,6757,3.375000000000000,29.125000000000000,1
212,3644,6758,1.375000000000000,29.125000000000000,1
213,3645,6759,-0.625000000000000,29.125000000000000,1
214,3646,6760,-2.625000000000000,29.125000000000000,1
215,3647,6761,-4.625000000000000,29.125000000000000,1
216,3648,6764,-10.625000000000000,29.125000000000000,1
217,3676,6810,13.375000000000000,29.375000000000000,1
218,3677,6811,11.375000000000000,29.375000000000000,1
219,3678,6812,9.375000000000000,29.375000000000000,1
220,3679,6813,7.375000000000000,29.375000000000000,1
221,3680,6814,5.375000000000000,29.375000000000000,1
222,3681,6815,3.375000000000000,29.375000000000000,1
223,3682,6816,1.375000000000000,29.375000000000000,1
224,3683,6817,-0.625000000000000,29.375000000000000,1
225,3684,6818,-2.625000000000000,29.375000000000000,1
226,3685,6819,-4.625000000000000,29.375000000000000,1
227,3686,6822,-10.625000000000000,29.375000000000000,1
228,3714,6868,13.375000000000000,29.625000000000000,1
229,3715,6869,11.375000000000000,29.625000000000000,1
230,3716,6870,9.375000000000000,29.625000000000000,1
231,3717,6871,7.375000000000000,29.625000000000000,1
232,3718,6872,5.375000000000000,29.625000000000000,1
233,3719,6873,3.375000000000000,29.625000000000000,1
234,3720,6874,1.375000000000000,29.625000000000000,1
235,3721,6875,-0.625000000000000,29.625000000000000,1
236,3722,6876,-2.625000000000000,29.625000000000000,1
237,3723,6877,-4.625000000000000,29.625000000000000,1
238,3724,6880,-10.625000000000000,29.625000000000000,1
239,3752,6926,13.375000000000000,29.875000000000000,1
240,3753,6927,11.375000000000000,29.875000000000000,1
241,3754,6928,9.375000000000000,29.875000000000000,1
242,3755,6929,7.375000000000000,29.875000000000000,1
243,3756,6930,5.375000000000000,29.875000000000000,1
244,3757,6931,3.375000000000000,29.875000000000000,1
245,3758,6932,1.375000000000000,29.875000000000000,1
246,3759,6933,-0.625000000000000,29.875000000000000,1
247,3760,6934,-2.625000000000000,29.875000000000000,1
248,3761,6935,-4.625000000000000,29.875000000000000,1
249,3762,6938,-10.625000000000000,29.875000000000000,1
250,3790,6984,13.375000000000000,30.125000000000000,1
251,3791,6985,11.375000000000000,30.125000000000000,1
252,3792,6986,9.375000000000000,30.125000000000000,1
253,3793,6987,7.375000000000000,30.125000000000000,1
254,3794,6988,5.375000000000000,30.125000000000000,1
255,3795,6989,3.375000000000000,30.125000000000000,1
256,3796,6990,1.375000000000000,30.125000000000000,1
257,3797,6991,-0.625000000000000,30.125000000000000,1
258,3798,6992,-2.625000000000000,30.125000000000000,1
259,3799,6993,-4.625000000000000,30.125000000000000,1
260,3800,6996,-10.625000000000000,30.125000000000000,1
261,3828,7042,13.375000000000000,30.375000000000000,1
262,3829,7043,11.375000000000000,30.375000000000000,1
263,3830,7044,9.375000000000000,30.375000000000000,1
264,3831,7045,7.375000000000000,30.375000000000000,1
265,3832,7046,5.375000000000000,30.375000000000000,1
266,3833,7047,3.375000000000000,30.375000000000000,1
267,3834,7048,1.375000000000000,30.375000000000000,1
268,3835,7049,-0.625000000000000,30.375000000000000,1
269,3836,7050,-2.625000000000000,30.375000000000000,1
270,3837,7051,-4.625000000000000,30.375000000000000,1
271,3838,7054,-10.625000000000000,30.375000000000000,1
272,3866,7100,13.375000000000000,30.625000000000000,1
273,3867,7101,11.375000000000000,30.625000000000000,1
274,3868,7102,9.375000000000000,30.625000000000000,1
275,3869,7103,7.375000000000000,30.625000000000000,1
276,3870,7104,5.375000000000000,30.625000000000000,1
277,3871,7105,3.375000000000000,30.625000000000000,1
278,3872,7106,1.375000000000000,30.625000000000000,1
279,3873,7107,-0.625000000000000,30.625000000000000,1
280,3874,7108,-2.625000000000000,30.625000000000000,1
281,3875,7109,-4.625000000000000,30.625000000000000,1
282,3876,7112,-10.625000000000000,30.625000000000000,1
283,3903,7158,13.375000000000000,30.875000000000000,1
284,3904,7159,11.375000000000000,30.875000000000000,1
285,3905,7160,9.375000000000000,30.875000000000000,1
286,3906,7161,7.375000000000000,30.875000000000000,1
287,3907,7162,5.375000000000000,30.875000000000000,1
288,3908,7163,3.375000000000000,30.875000000000000,1
289,3909,7164,1.375000000000000,30.875000000000000,1
290,3910,7165,-0.625000000000000,30.875000000000000,1
291,3911,7166,-2.625000000000000,30.875000000000000,1
292,3912,7167,-4.625000000000000,30.875000000000000,1
293,3913,7170,-10.625000000000000,30.875000000000000,1
294,3940,7216,13.375000000000000,31.125000000000000,1
295,3941,7217,11.375000000000000,31.125000000000000,1
296,3942,7218,9.375000000000000,31.125000000000000,1
297,3943,7219,7.375000000000000,31.125000000000000,1
298,3944,7220,5.375000000000000,31.125000000000000,1
299,3945,7221,3.375000000000000,31.125000000000000,1
300,3946,7222,1.375000000000000,31.125000000000000,1
301,3947,7223,-0.625000000000000,31.125000000000000,1
302,3948,7224,-2.625000000000000,31.125000000000000,1
303,3949,7225,-4.625000000000000,31.125000000000000,1
304,3950,7228,-10.625000000000000,31.125000000000000,1
305,3977,7274,13.375000000000000,31.375000000000000,1
306,3978,7275,11.375000000000000,31.375000000000000,1
307,3979,7276,9.375000000000000,31.375000000000000,1
308,3980,7277,7.375000000000000,31.375000000000000,1
309,3981,7278,5.375000000000000,31.375000000000000,1
310,3982,7279,3.375000000000000,31.375000000000000,1
311,3983,7280,1.375000000000000,31.375000000000000,1
312,3984,7281,-0.625000000000000,31.375000000000000,1
313,3985,7283,-4.625000000000000,31.375000000000000,1
314,3986,7284,-6.625000000000000,31.375000000000000,1
315,3987,7285,-8.625000000000000,31.375000000000000,1
316,3988,7286,-10.625000000000000,31.375000000000000,1
317,4013,7332,13.375000000000000,31.625000000000000,1
318,4014,7333,11.375000000000000,31.625000000000000,1
319,4015,7334,9.375000000000000,31.625000000000000,1
320,4016,7335,7.375000000000000,31.625000000000000,1
321,4017,7336,5.375000000000000,31.625000000000000,1
322,4018,7337,3.375000000000000,31.625000000000000,1
323,4019,7338,1.375000000000000,31.625000000000000,1
324,4020,7339,-0.625000000000000,31.625000000000000,1
325,4021,7341,-4.625000000000000,31.625000000000000,1
326,4022,7342,-6.625000000000000,31.625000000000000,1
327,4023,7343,-8.625000000000000,31.625000000000000,1
328,4024,7344,-10.625000000000000,31.625000000000000,1
329,4049,7390,13.375000000000000,31.875000000000000,1
330,4050,7391,11.375000000000000,31.875000000000000,1
331,4051,7392,9.375000000000000,31.875000000000000,1
332,4052,7393,7.375000000000000,31.875000000000000,1
333,4053,7394,5.375000000000000,31.875000000000000,1
334,4054,7395,3.375000000000000,31.875000000000000,1
335,4055,7396,1.375000000000000,31.875000000000000,1
336,4056,7397,-0.625000000000000,31.875000000000000,1
337,4057,7399,-4.625000000000000,31.875000000000000,1
338,4058,7400,-6.625000000000000,31.875000000000000,1
339,4059,7401,-8.625000000000000,31.875000000000000,1
340,4060,7402,-10.625000000000000,31.875000000000000,1
341,4085,7448,13.375000000000000,32.125000000000000,1
342,4086,7449,11.375000000000000,32.125000000000000,1
343,4087,7450,9.375000000000000,32.125000000000000,1
344,4088,7451,7.375000000000000,32.125000000000000,1
345,4089,7452,5.375000000000000,32.125000000000000,1
346,4090,7453,3.375000000000000,32.125000000000000,1
347,4091,7454,1.375000000000000,32.125000000000000,1
348,4092,7455,-0.625000000000000,32.125000000000000,1
349,4093,7457,-4.625000000000000,32.125000000000000,1
350,4094,7458,-6.625000000000000,32.125000000000000,1
351,4095,7459,-8.625000000000000,32.125000000000000,1
352,4096,7460,-10.625000000000000,32.125000000000000,1
353,4121,7506,13.375000000000000,32.375000000000000,1
354,4122,7507,11.375000000000000,32.375000000000000,1
355,4123,7508,9.375000000000000,32.375000000000000,1
356,4124,7509,7.375000000000000,32.375000000000000,1
357,4125,7510,5.375000000000000,32.375000000000000,1
358,4126,7511,3.375000000000000,32.375000000000000,1
359,4127,7512,1.375000000000000,32.375000000000000,1
360,4128,7513,-0.625000000000000,32.375000000000000,1
361,4129,7515,-4.625000000000000,32.375000000000000,1
362,4130,7516,-6.625000000000000,32.375000000000000,1
363,4131,7517,-8.625000000000000,32.375000000000000,1
364,4132,7518,-10.625000000000000,32.375000000000000,1
365,4156,7564,13.375000000000000,32.625000000000000,1
366,4157,7565,11.375000000000000,32.625000000000000,1
367,4158,7566,9.375000000000000,32.625000000000000,1
368,4159,7567,7.375000000000000,32.625000000000000,1
369,4160,7568,5.375000000000000,32.625000000000000,1
370,4161,7569,3.375000000000000,32.625000000000000,1
371,4162,7570,1.375000000000000,32.625000000000000,1
372,4163,7571,-0.625000000000000,32.625000000000000,1
373,4164,7573,-4.625000000000000,32.625000000000000,1
374,4165,7574,-6.625000000000000,32.625000000000000,1
375,4166,7575,-8.625000000000000,32.625000000000000,1
376,4167,7576,-10.625000000000000,32.625000000000000,1
377,4192,7622,13.375000000000000,32.875000000000000,1
378,4193,7623,11.375000000000000,32.875000000000000,1
379,4194,7624,9.375000000000000,32.875000000000000,1
380,4195,7625,7.375000000000000,32.875000000000000,1
381,4196,7626,5.375000000000000,32.875000000000000,1
382,4197,7627,3.375000000000000,32.875000000000000,1
383,4198,7628,1.375000000000000,32.875000000000000,1
384,4199,7629,-0.625000000000000,32.875000000000000,1
385,4200,7631,-4.625000000000000,32.875000000000000,1
386,4201,7632,-6.625000000000000,32.875000000000000,1
387,4202,7633,-8.625000000000000,32.875000000000000,1
388,4203,7634,-10.625000000000000,32.875000000000000,1
389,4228,7680,13.375000000000000,33.125000000000000,1
390,4229,7681,11.375000000000000,33.125000000000000,1
391,4230,7682,9.375000000000000,33.125000000000000,1
392,4231,7683,7.375000000000000,33.125000000000000,1
393,4232,7684,5.375000000000000,33.125000000000000,1
394,4233,7685,3.375000000000000,33.125000000000000,1
395,4234,7686,1.375000000000000,33.125000000000000,1
396,4235,7687,-0.625000000000000,33.125000000000000,1
397,4236,7689,-4.625000000000000,33.125000000000000,1
398,4237,7690,-6.625000000000000,33.125000000000000,1
399,4238,7691,-8.625000000000000,33.125000000000000,1
400,4239,7692,-10.625000000000000,33.125000000000000,1
401,4264,7738,13.375000000000000,33.375000000000000,1
402,4265,7739,11.375000000000000,33.375000000000000,1
403,4266,7740,9.375000000000000,33.375000000000000,1
404,4267,7741,7.375000000000000,33.375000000000000,1
405,4268,7742,5.375000000000000,33.375000000000000,1
406,4269,7743,3.375000000000000,33.375000000000000,1
407,4270,7744,1.375000000000000,33.375000000000000,1
408,4271,7745,-0.625000000000000,33.375000000000000,1
409,4272,7747,-4.625000000000000,33.375000000000000,1
410,4273,7748,-6.625000000000000,33.375000000000000,1
411,4274,7749,-8.625000000000000,33.375000000000000,1
412,4275,7750,-10.625000000000000,33.375000000000000,1
413,4300,7796,13.375000000000000,33.625000000000000,1
414,4301,7797,11.375000000000000,33.625000000000000,1
415,4302,7798,9.375000000000000,33.625000000000000,1
416,4303,7799,7.375000000000000,33.625000000000000,1
417,4304,7800,5.375000000000000,33.625000000000000,1
418,4305,7801,3.375000000000000,33.625000000000000,1
419,4306,7802,1.375000000000000,33.625000000000000,1
420,4307,7803,-0.625000000000000,33.625000000000000,1
421,4308,7805,-4.625000000000000,33.625000000000000,1
422,4309,7806,-6.625000000000000,33.625000000000000,1
423,4310,7807,-8.625000000000000,33.625000000000000,1
424,4311,7808,-10.625000000000000,33.625000000000000,1
425,4336,7854,13.375000000000000,33.875000000000000,1
426,4337,7855,11.375000000000000,33.875000000000000,1
427,4338,7856,9.375000000000000,33.875000000000000,1
428,4339,7857,7.375000000000000,33.875000000000000,1
429,4340,7858,5.375000000000000,33.875000000000000,1
430,4341,7859,3.375000000000000,33.875000000000000,1
431,4342,7860,1.375000000000000,33.875000000000000,1
432,4343,7861,-0.625000000000000,33.875000000000000,1
433,4344,7862,-2.625000000000000,33.875000000000000,1
434,4345,7863,-4.625000000000000,33.875000000000000,1
435,4346,7864,-6.625000000000000,33.875000000000000,1
436,4347,7865,-8.625000000000000,33.875000000000000,1
437,4348,7866,-10.625000000000000,33.875000000000000,1
438,4371,7912,13.375000000000000,34.125000000000000,1
439,4372,7913,11.375000000000000,34.125000000000000,1
440,4373,7914,9.375000000000000,34.125000000000000,1
441,4374,7915,7.375000000000000,34.125000000000000,1
442,4375,7916,5.375000000000000,34.125000000000000,1
443,4376,7917,3.375000000000000,34.125000000000000,1
444,4377,7918,1.375000000000000,34.125000000000000,1
445,4378,7919,-0.625000000000000,34.125000000000000,1
446,4379,7920,-2.625000000000000,34.125000000000000,1
447,4380,7921,-4.625000000000000,34.125000000000000,1
448,4381,7922,-6.625000000000000,34.125000000000000,1
449,4382,7923,-8.625000000000000,34.125000000000000,1
450,4383,7924,-10.625000000000000,34.125000000000000,1
451,4406,7970,13.375000000000000,34.375000000000000,1
452,4407,7971,11.375000000000000,34.375000000000000,1
453,4408,7972,9.375000000000000,34.375000000000000,1
454,4409,7973,7.375000000000000,34.375000000000000,1
455,4410,7974,5.375000000000000,34.375000000000000,1
456,4411,7975,3.375000000000000,34.375000000000000,1
457,4412,7976,1.375000000000000,34.375000000000000,1
458,4413,7977,-0.625000000000000,34.375000000000000,1
459,4414,7978,-2.625000000000000,34.375000000000000,1
460,4415,7979,-4.625000000000000,34.375000000000000,1
461,4416,7980,-6.625000000000000,34.375000000000000,1
462,4417,7981,-8.625000000000000,34.375000000000000,1
463,4418,7982,-10.625000000000000,34.375000000000000,1
464,4441,8028,13.375000000000000,34.625000000000000,1
465,4442,8029,11.375000000000000,34.625000000000000,1
466,4443,8030,9.375000000000000,34.625000000000000,1
467,4444,8031,7.375000000000000,34.625000000000000,1
468,4445,8032,5.375000000000000,34.625000000000000,1
469,4446,8033,3.375000000000000,34.625000000000000,1
470,4447,8034,1.375000000000000,34.625000000000000,1
471,4448,8035,-0.625000000000000,34.625000000000000,1
472,4449,8036,-2.625000000000000,34.625000000000000,1
473,4450,8037,-4.625000000000000,34.625000000000000,1
474,4451,8038,-6.625000000000000,34.625000000000000,1
475,4452,8039,-8.625000000000000,34.625000000000000,1
476,4453,8040,-10.625000000000000,34.625000000000000,1
477,4474,8086,13.375000000000000,34.875000000000000,1
478,4475,8087,11.375000000000000,34.875000000000000,1
479,4476,8088,9.375000000000000,34.875000000000000,1
480,4477,8089,7.375000000000000,34.875000000000000,1
481,4478,8090,5.375000000000000,34.875000000000000,1
482,4479,8091,3.375000000000000,34.875000000000000,1
483,4480,8092,1.375000000000000,34.875000000000000,1
484,4481,8093,-0.625000000000000,34.875000000000000,1
485,4482,8094,-2.625000000000000,34.875000000000000,1
486,4483,8095,-4.625000000000000,34.875000000000000,1
487,4484,8096,-6.625000000000000,34.875000000000000,1
488,4485,8097,-8.625000000000000,34.875000000000000,1
489,4486,8098,-10.625000000000000,34.875000000000000,1
490,4506,8144,13.375000000000000,35.125000000000000,1
491,4507,8145,11.375000000000000,35.125000000000000,1
492,4508,8146,9.375000000000000,35.125000000000000,1
493,4509,8147,7.375000000000000,35.125000000000000,1
494,4510,8148,5.375000000000000,35.125000000000000,1
495,4511,8149,3.375000000000000,35.125000000000000,1
496,4512,8150,1.375000000000000,35.125000000000000,1
497,4513,8151,-0.625000000000000,35.125000000000000,1
498,4514,8152,-2.625000000000000,35.125000000000000,1
499,4515,8153,-4.625000000000000,35.125000000000000,1
500,4516,8154,-6.625000000000000,35.125000000000000,1
501,4517,8155,-8.625000000000000,35.125000000000000,1
502,4518,8156,-10.625000000000000,35.125000000000000,1
503,4538,8202,13.375000000000000,35.375000000000000,1
504,4539,8203,11.375000000000000,35.375000000000000,1
505,4540,8204,9.375000000000000,35.375000000000000,1
506,4541,8205,7.375000000000000,35.375000000000000,1
507,4542,8206,5.375000000000000,35.375000000000000,1
508,4543,8207,3.375000000000000,35.375000000000000,1
509,4544,8208,1.375000000000000,35.375000000000000,1
510,4545,8209,-0.625000000000000,35.375000000000000,1
511,4546,8210,-2.625000000000000,35.375000000000000,1
512,4547,8211,-4.625000000000000,35.375000000000000,1
513,4548,8212,-6.625000000000000,35.375000000000000,1
514,4549,8213,-8.625000000000000,35.375000000000000,1
515,4550,8214,-10.625000000000000,35.375000000000000,1
516,4569,8260,13.375000000000000,35.625000000000000,1
517,4570,8261,11.375000000000000,35.625000000000000,1
518,4571,8262,9.375000000000000,35.625000000000000,1
519,4572,8263,7.375000000000000,35.625000000000000,1
520,4573,8264,5.375000000000000,35.625000000000000,1
521,4574,8265,3.375000000000000,35.625000000000000,1
522,4575,8266,1.375000000000000,35.625000000000000,1
523,4576,8267,-0.625000000000000,35.625000000000000,1
524,4577,8268,-2.625000000000000,35.625000000000000,1
525,4578,8269,-4.625000000000000,35.625000000000000,1
526,4579,8270,-6.625000000000000,35.625000000000000,1
527,4580,8271,-8.625000000000000,35.625000000000000,1
528,4581,8272,-10.625000000000000,35.625000000000000,1
529,4600,8318,13.375000000000000,35.875000000000000,1
530,4601,8319,11.375000000000000,35.875000000000000,1
531,4602,8320,9.375000000000000,35.875000000000000,1
532,4603,8321,7.375000000000000,35.875000000000000,1
533,4604,8322,5.375000000000000,35.875000000000000,1
534,4605,8323,3.375000000000000,35.875000000000000,1
535,4606,8324,1.375000000000000,35.875000000000000,1
536,4607,8325,-0.625000000000000,35.875000000000000,1
537,4608,8326,-2.625000000000000,35.875000000000000,1
538,4609,8327,-4.625000000000000,35.875000000000000,1
539,4610,8328,-6.625000000000000,35.875000000000000,1
540,4611,8329,-8.625000000000000,35.875000000000000,1
541,4612,8330,-10.625000000000000,35.875000000000000,1
542,4631,8376,13.375000000000000,36.125000000000000,1
543,4632,8377,11.375000000000000,36.125000000000000,1
544,4633,8378,9.375000000000000,36.125000000000000,1
545,4634,8379,7.375000000000000,36.125000000000000,1
546,4635,8380,5.375000000000000,36.125000000000000,1
547,4636,8381,3.375000000000000,36.125000000000000,1
548,4637,8382,1.375000000000000,36.125000000000000,1
549,4638,8383,-0.625000000000000,36.125000000000000,1
550,4639,8384,-2.625000000000000,36.125000000000000,1
551,4640,8385,-4.625000000000000,36.125000000000000,1
552,4641,8386,-6.625000000000000,36.125000000000000,1
553,4642,8387,-8.625000000000000,36.125000000000000,1
554,4643,8388,-10.625000000000000,36.125000000000000,1
555,4663,8434,13.375000000000000,36.375000000000000,1
556,4664,8435,11.375000000000000,36.375000000000000,1
557,4665,8436,9.375000000000000,36.375000000000000,1
558,4666,8437,7.375000000000000,36.375000000000000,1
559,4667,8438,5.375000000000000,36.375000000000000,1
560,4668,8439,3.375000000000000,36.375000000000000,1
561,4669,8440,1.375000000000000,36.375000000000000,1
562,4670,8441,-0.625000000000000,36.375000000000000,1
563,4671,8442,-2.625000000000000,36.375000000000000,1
564,4672,8443,-4.625000000000000,36.375000000000000,1
565,4673,8444,-6.625000000000000,36.375000000000000,1
566,4674,8445,-8.625000000000000,36.375000000000000,1
567,4675,8446,-10.625000000000000,36.375000000000000,1
568,4696,8492,13.375000000000000,36.625000000000000,1
569,4697,8493,11.375000000000000,36.625000000000000,1
570,4698,8494,9.375000000000000,36.625000000000000,1
571,4699,8495,7.375000000000000,36.625000000000000,1
572,4700,8496,5.375000000000000,36.625000000000000,1
573,4701,8497,3.375000000000000,36.625000000000000,1
574,4702,8498,1.375000000000000,36.625000000000000,1
575,4703,8499,-0.625000000000000,36.625000000000000,1
576,4704,8500,-2.625000000000000,36.625000000000000,1
577,4705,8501,-4.625000000000000,36.625000000000000,1
578,4706,8502,-6.625000000000000,36.625000000000000,1
579,4707,8503,-8.625000000000000,36.625000000000000,1
580,4708,8504,-10.625000000000000,36.625000000000000,1
581,4728,8550,13.375000000000000,36.875000000000000,1
582,4729,8551,11.375000000000000,36.875000000000000,1
583,4730,8552,9.375000000000000,36.875000000000000,1
584,4731,8553,7.375000000000000,36.875000000000000,1
585,4732,8554,5.375000000000000,36.875000000000000,1
586,4733,8555,3.375000000000000,36.875000000000000,1
587,4734,8556,1.375000000000000,36.875000000000000,1
588,4735,8557,-0.625000000000000,36.875000000000000,1
589,4736,8558,-2.625000000000000,36.875000000000000,1
590,4737,8559,-4.625000000000000,36.875000000000000,1
591,4738,8560,-6.625000000000000,36.875000000000000,1
592,4739,8561,-8.625000000000000,36.875000000000000,1
593,4740,8562,-10.625000000000000,36.875000000000000,1
594,4761,8608,13.375000000000000,37.125000000000000,1
595,4762,8609,11.375000000000000,37.125000000000000,1
596,4763,8610,9.375000000000000,37.125000000000000,1
597,4764,8611,7.375000000000000,37.125000000000000,1
598,4765,8612,5.375000000000000,37.125000000000000,1
599,4766,8613,3.375000000000000,37.125000000000000,1
600,4767,8614,1.375000000000000,37.125000000000000,1
601,4768,8615,-0.625000000000000,37.125000000000000,1
602,4769,8616,-2.625000000000000,37.125000000000000,1
603,4770,8617,-4.625000000000000,37.125000000000000,1
604,4771,8618,-6.625000000000000,37.125000000000000,1
605,4772,8619,-8.625000000000000,37.125000000000000,1
606,4773,8620,-10.625000000000000,37.125000000000000,1
607,4794,8666,13.375000000000000,37.375000000000000,1
608,4795,8667,11.375000000000000,37.375000000000000,1
609,4796,8668,9.375000000000000,37.375000000000000,1
610,4797,8669,7.375000000000000,37.375000000000000,1
611,4798,8670,5.375000000000000,37.375000000000000,1
612,4799,8671,3.375000000000000,37.375000000000000,1
613,4800,8672,1.375000000000000,37.375000000000000,1
614,4801,8673,-0.625000000000000,37.375000000000000,1
615,4802,8674,-2.625000000000000,37.375000000000000,1
616,4803,8675,-4.625000000000000,37.375000000000000,1
617,4804,8676,-6.625000000000000,37.375000000000000,1
618,4805,8677,-8.625000000000000,37.375000000000000,1
619,4806,8678,-10.625000000000000,37.375000000000000,1
620,4827,8724,13.375000000000000,37.625000000000000,1
621,4828,8725,11.375000000000000,37.625000000000000,1
622,4829,8726,9.375000000000000,37.625000000000000,1
623,4830,8727,7.375000000000000,37.625000000000000,1
624,4831,8728,5.375000000000000,37.625000000000000,1
625,4832,8729,3.375000000000000,37.625000000000000,1
626,4833,8730,1.375000000000000,37.625000000000000,1
627,4834,8731,-0.625000000000000,37.625000000000000,1
628,4835,8732,-2.625000000000000,37.625000000000000,1
629,4836,8733,-4.625000000000000,37.625000000000000,1
630,4837,8734,-6.625000000000000,37.625000000000000,1
631,4838,8735,-8.625000000000000,37.625000000000000,1
632,4839,8736,-10.625000000000000,37.625000000000000,1
633,4860,8782,13.375000000000000,37.875000000000000,1
634,4861,8783,11.375000000000000,37.875000000000000,1
635,4862,8784,9.375000000000000,37.875000000000000,1
636,4863,8785,7.375000000000000,37.875000000000000,1
637,4864,8786,5.375000000000000,37.875000000000000,1
638,4865,8787,3.375000000000000,37.875000000000000,1
639,4866,8788,1.375000000000000,37.875000000000000,1
640,4867,8789,-0.625000000000000,37.875000000000000,1
641,4868,8790,-2.625000000000000,37.875000000000000,1
642,4869,8791,-4.625000000000000,37.875000000000000,1
643,4870,8792,-6.625000000000000,37.875000000000000,1
644,4871,8793,-8.625000000000000,37.875000000000000,1
645,4872,8794,-10.625000000000000,37.875000000000000,1
646,4893,8840,13.375000000000000,38.125000000000000,1
647,4894,8841,11.375000000000000,38.125000000000000,1
648,4895,8842,9.375000000000000,38.125000000000000,1
649,4896,8843,7.375000000000000,38.125000000000000,1
650,4897,8844,5.375000000000000,38.125000000000000,1
651,4898,8845,3.375000000000000,38.125000000000000,1
652,4899,8846,1.375000000000000,38.125000000000000,1
653,4900,8847,-0.625000000000000,38.125000000000000,1
654,4901,8848,-2.625000000000000,38.125000000000000,1
655,4902,8849,-4.625000000000000,38.125000000000000,1
656,4903,8850,-6.625000000000000,38.125000000000000,1
657,4904,8851,-8.625000000000000,38.125000000000000,1
658,4905,8852,-10.625000000000000,38.125000000000000,1
659,4926,8898,13.375000000000000,38.375000000000000,1
660,4927,8899,11.375000000000000,38.375000000000000,1
661,4928,8900,9.375000000000000,38.375000000000000,1
662,4929,8901,7.375000000000000,38.375000000000000,1
663,4930,8902,5.375000000000000,38.375000000000000,1
664,4931,8903,3.375000000000000,38.375000000000000,1
665,4932,8904,1.375000000000000,38.375000000000000,1
666,4933,8905,-0.625000000000000,38.375000000000000,1
667,4934,8906,-2.625000000000000,38.375000000000000,1
668,4935,8907,-4.625000000000000,38.375000000000000,1
669,4936,8908,-6.625000000000000,38.375000000000000,1
670,4937,8909,-8.625000000000000,38.375000000000000,1
671,4938,8910,-10.625000000000000,38.375000000000000,1
672,4959,8956,13.375000000000000,38.625000000000000,1
673,4960,8957,11.375000000000000,38.625000000000000,1
674,4961,8958,9.375000000000000,38.625000000000000,1
675,4962,8959,7.375000000000000,38.625000000000000,1
676,4963,8960,5.375000000000000,38.625000000000000,1
677,4964,8961,3.375000000000000,38.625000000000000,1
678,4965,8962,1.375000000000000,38.625000000000000,1
679,4966,8963,-0.625000000000000,38.625000000000000,1
680,4967,8964,-2.625000000000000,38.625000000000000,1
681,4968,8965,-4.625000000000000,38.625000000000000,1
682,4969,8966,-6.625000000000000,38.625000000000000,1
683,4970,8967,-8.625000000000000,38.625000000000000,1
684,4971,8968,-10.625000000000000,38.625000000000000,1
685,4993,9014,13.375000000000000,38.875000000000000,1
686,4994,9015,11.375000000000000,38.875000000000000,1
687,4995,9016,9.375000000000000,38.875000000000000,1
688,4996,9017,7.375000000000000,38.875000000000000,1
689,4997,9018,5.375000000000000,38.875000000000000,1
690,4998,9019,3.375000000000000,38.875000000000000,1
691,4999,9020,1.375000000000000,38.875000000000000,1
692,5000,9021,-0.625000000000000,38.875000000000000,1
693,5001,9022,-2.625000000000000,38.875000000000000,1
694,5022,9072,13.375000000000000,39.125000000000000,1
695,5023,9073,11.375000000000000,39.125000000000000,1
696,5024,9074,9.375000000000000,39.125000000000000,1
697,5025,9075,7.375000000000000,39.125000000000000,1
698,5026,9076,5.375000000000000,39.125000000000000,1
699,5027,9077,3.375000000000000,39.125000000000000,1
700,5028,9078,1.375000000000000,39.125000000000000,1
701,5029,9079,-0.625000000000000,39.125000000000000,1
702,5030,9080,-2.625000000000000,39.125000000000000,1
703,5052,9130,13.375000000000000,39.375000000000000,1
704,5053,9131,11.375000000000000,39.375000000000000,1
705,5054,9132,9.375000000000000,39.375000000000000,1
706,5055,9133,7.375000000000000,39.375000000000000,1
707,5056,9134,5.375000000000000,39.375000000000000,1
708,5057,9135,3.375000000000000,39.375000000000000,1
709,5058,9136,1.375000000000000,39.375000000000000,1
710,5059,9137,-0.625000000000000,39.375000000000000,1
711,5060,9138,-2.625000000000000,39.375000000000000,1
712,5082,9188,13.375000000000000,39.625000000000000,1
713,5083,9189,11.375000000000000,39.625000000000000,1
714,5084,9190,9.375000000000000,39.625000000000000,1
715,5085,9191,7.375000000000000,39.625000000000000,1
716,5086,9192,5.375000000000000,39.625000000000000,1
717,5087,9193,3.375000000000000,39.625000000000000,1
718,5088,9194,1.375000000000000,39.625000000000000,1
719,5089,9195,-0.625000000000000,39.625000000000000,1
720,5090,9196,-2.625000000000000,39.625000000000000,1
721,5112,9246,13.375000000000000,39.875000000000000,1
722,5113,9247,11.375000000000000,39.875000000000000,1
723,5114,9248,9.375000000000000,39.875000000000000,1
724,5115,9249,7.375000000000000,39.875000000000000,1
725,5116,9250,5.375000000000000,39.875000000000000,1
726,5117,9251,3.375000000000000,39.875000000000000,1
727,5118,9252,1.375000000000000,39.875000000000000,1
728,5119,9253,-0.625000000000000,39.875000000000000,1
729,5120,9254,-2.625000000000000,39.875000000000000,1
730,5141,9304,13.375000000000000,40.125000000000000,1
731,5142,9305,11.375000000000000,40.125000000000000,1
732,5143,9306,9.375000000000000,40.125000000000000,1
733,5144,9307,7.375000000000000,40.125000000000000,1
734,5145,9308,5.375000000000000,40.125000000000000,1
735,5146,9309,3.375000000000000,40.125000000000000,1
736,5147,9310,1.375000000000000,40.125000000000000,1
737,5148,9311,-0.625000000000000,40.125000000000000,1
738,5149,9312,-2.625000000000000,40.125000000000000,1
739,5170,9362,13.375000000000000,40.375000000000000,1
740,5171,9363,11.375000000000000,40.375000000000000,1
741,5172,9364,9.375000000000000,40.375000000000000,1
742,5173,9365,7.375000000000000,40.375000000000000,1
743,5174,9366,5.375000000000000,40.375000000000000,1
744,5175,9367,3.375000000000000,40.375000000000000,1
745,5176,9368,1.375000000000000,40.375000000000000,1
746,5177,9369,-0.625000000000000,40.375000000000000,1
747,5198,9420,13.375000000000000,40.625000000000000,1
748,5199,9421,11.375000000000000,40.625000000000000,1
749,5200,9422,9.375000000000000,40.625000000000000,1
750,5201,9423,7.375000000000000,40.625000000000000,1
751,5202,9424,5.375000000000000,40.625000000000000,1
752,5203,9425,3.375000000000000,40.625000000000000,1
753,5204,9426,1.375000000000000,40.625000000000000,1
754,5205,9427,-0.625000000000000,40.625000000000000,1
755,5225,9478,13.375000000000000,40.875000000000000,1
756,5226,9479,11.375000000000000,40.875000000000000,1
757,5227,9480,9.375000000000000,40.875000000000000,1
758,5228,9481,7.375000000000000,40.875000000000000,1
759,5229,9482,5.375000000000000,40.875000000000000,1
760,5230,9483,3.375000000000000,40.875000000000000,1
761,5231,9484,1.375000000000000,40.875000000000000,1
762,5232,9485,-0.625000000000000,40.875000000000000,1
763,5251,9536,13.375000000000000,41.125000000000000,1
764,5252,9537,11.375000000000000,41.125000000000000,1
765,5253,9538,9.375000000000000,41.125000000000000,1
766,5254,9539,7.375000000000000,41.125000000000000,1
767,5255,9540,5.375000000000000,41.125000000000000,1
768,5256,9541,3.375000000000000,41.125000000000000,1
769,5257,9542,1.375000000000000,41.125000000000000,1
770,5258,9543,-0.625000000000000,41.125000000000000,1
771,5279,9594,13.375000000000000,41.375000000000000,1
772,5280,9595,11.375000000000000,41.375000000000000,1
773,5281,9596,9.375000000000000,41.375000000000000,1
774,5282,9597,7.375000000000000,41.375000000000000,1
775,5283,9598,5.375000000000000,41.375000000000000,1
776,5284,9599,3.375000000000000,41.375000000000000,1
777,5285,9600,1.375000000000000,41.375000000000000,1
778,5286,9601,-0.625000000000000,41.375000000000000,1
779,5308,9652,13.375000000000000,41.625000000000000,1
780,5309,9653,11.375000000000000,41.625000000000000,1
781,5310,9654,9.375000000000000,41.625000000000000,1
782,5311,9655,7.375000000000000,41.625000000000000,1
783,5312,9656,5.375000000000000,41.625000000000000,1
784,5313,9657,3.375000000000000,41.625000000000000,1
785,5314,9658,1.375000000000000,41.625000000000000,1
786,5315,9659,-0.625000000000000,41.625000000000000,1
787,5337,9710,13.375000000000000,41.875000000000000,1
788,5338,9711,11.375000000000000,41.875000000000000,1
789,5339,9712,9.375000000000000,41.875000000000000,1
790,5340,9713,7.375000000000000,41.875000000000000,1
791,5341,9714,5.375000000000000,41.875000000000000,1
792,5342,9715,3.375000000000000,41.875000000000000,1
793,5343,9716,1.375000000000000,41.875000000000000,1
794,5344,9717,-0.625000000000000,41.875000000000000,1
795,5366,9768,13.375000000000000,42.125000000000000,1
796,5367,9769,11.375000000000000,42.125000000000000,1
797,5368,9770,9.375000000000000,42.125000000000000,1
798,5369,9771,7.375000000000000,42.125000000000000,1
799,5370,9772,5.375000000000000,42.125000000000000,1
800,5371,9773,3.375000000000000,42.125000000000000,1
801,5372,9774,1.375000000000000,42.125000000000000,1
802,5373,9775,-0.625000000000000,42.125000000000000,1
803,5396,9827,11.375000000000000,42.375000000000000,1
804,5397,9828,9.375000000000000,42.375000000000000,1
805,5398,9829,7.375000000000000,42.375000000000000,1
806,5399,9830,5.375000000000000,42.375000000000000,1
807,5400,9831,3.375000000000000,42.375000000000000,1
808,5401,9832,1.375000000000000,42.375000000000000,1
809,5424,9885,11.375000000000000,42.625000000000000,1
810,5425,9886,9.375000000000000,42.625000000000000,1
811,5426,9887,7.375000000000000,42.625000000000000,1
812,5427,9888,5.375000000000000,42.625000000000000,1
813,5428,9889,3.375000000000000,42.625000000000000,1
814,5429,9890,1.375000000000000,42.625000000000000,1
815,5452,9943,11.375000000000000,42.875000000000000,1
816,5453,9944,9.375000000000000,42.875000000000000,1
817,5454,9945,7.375000000000000,42.875000000000000,1
818,5455,9946,5.375000000000000,42.875000000000000,1
819,5456,9947,3.375000000000000,42.875000000000000,1
820,5457,9948,1.375000000000000,42.875000000000000,1
821,5480,10001,11.375000000000000,43.125000000000000,1
822,5481,10002,9.375000000000000,43.125000000000000,1
823,5482,10003,7.375000000000000,43.125000000000000,1
824,5483,10004,5.375000000000000,43.125000000000000,1
825,5484,10005,3.375000000000000,43.125000000000000,1
826,5485,10006,1.375000000000000,43.125000000000000,1
827,5508,10058,13.375000000000000,43.375000000000000,1
828,5509,10059,11.375000000000000,43.375000000000000,1
829,5510,10060,9.375000000000000,43.375000000000000,1
830,5511,10061,7.375000000000000,43.375000000000000,1
831,5512,10062,5.375000000000000,43.375000000000000,1
832,5513,10063,3.375000000000000,43.375000000000000,1
833,5514,10064,1.375000000000000,43.375000000000000,1
834,5537,10116,13.375000000000000,43.625000000000000,1
835,5538,10118,9.375000000000000,43.625000000000000,1
836,5539,10119,7.375000000000000,43.625000000000000,1
837,5540,10120,5.375000000000000,43.625000000000000,1
838,5541,10121,3.375000000000000,43.625000000000000,1
839,5542,10122,1.375000000000000,43.625000000000000,1
840,5566,10176,9.375000000000000,43.875000000000000,1
841,5567,10177,7.375000000000000,43.875000000000000,1
842,5568,10178,5.375000000000000,43.875000000000000,1
843,5569,10179,3.375000000000000,43.875000000000000,1
844,5570,10180,1.375000000000000,43.875000000000000,1
845,5595,10234,9.375000000000000,44.125000000000000,1
846,5596,10235,7.375000000000000,44.125000000000000,1
847,5597,10236,5.375000000000000,44.125000000000000,1
848,5598,10237,3.375000000000000,44.125000000000000,1
849,5599,10238,1.375000000000000,44.125000000000000,1
850,5626,10292,9.375000000000000,44.375000000000000,1
851,5627,10293,7.375000000000000,44.375000000000000,1
852,5628,10294,5.375000000000000,44.375000000000000,1
853,5629,10295,3.375000000000000,44.375000000000000,1
854,5657,10350,9.375000000000000,44.625000000000000,1
855,5658,10351,7.375000000000000,44.625000000000000,1
856,5659,10352,5.375000000000000,44.625000000000000,1
857,5660,10353,3.375000000000000,44.625000000000000,1
858,5689,10408,9.375000000000000,44.875000000000000,1
859,5690,10409,7.375000000000000,44.875000000000000,1
860,5691,10410,5.375000000000000,44.875000000000000,1
861,5692,10411,3.375000000000000,44.875000000000000,1
862,5721,10466,9.375000000000000,45.125000000000000,1
863,5722,10467,7.375000000000000,45.125000000000000,1
864,5723,10468,5.375000000000000,45.125000000000000,1
865,5724,10469,3.375000000000000,45.125000000000000,1
866,5753,10524,9.375000000000000,45.375000000000000,1
867,5754,10525,7.375000000000000,45.375000000000000,1
868,5755,10526,5.375000000000000,45.375000000000000,1
869,5756,10527,3.375000000000000,45.375000000000000,1
870,5785,10582,9.375000000000000,45.625000000000000,1
871,5786,10583,7.375000000000000,45.625000000000000,1
872,5787,10584,5.375000000000000,45.625000000000000,1
873,5788,10585,3.375000000000000,45.625000000000000,1
874,5817,10640,9.375000000000000,45.875000000000000,1
875,5818,10641,7.375000000000000,45.875000000000000,1
876,5819,10642,5.375000000000000,45.875000000000000,1
877,5820,10643,3.375000000000000,45.875000000000000,1
878,5849,10698,9.375000000000000,46.125000000000000,1
879,5850,10699,7.375000000000000,46.125000000000000,1
880,5851,10700,5.375000000000000,46.125000000000000,1
881,5852,10701,3.375000000000000,46.125000000000000,1
882,5880,10756,9.375000000000000,46.375000000000000,1
883,5881,10757,7.375000000000000,46.375000000000000,1
884,5882,10758,5.375000000000000,46.375000000000000,1
885,5909,10814,9.375000000000000,46.625000000000000,1
886,5910,10815,7.375000000000000,46.625000000000000,1
887,5911,10816,5.375000000000000,46.625000000000000,1
888,5938,10872,9.375000000000000,46.875000000000000,1
889,5939,10873,7.375000000000000,46.875000000000000,1
890,5940,10874,5.375000000000000,46.875000000000000,1
891,5967,10930,9.375000000000000,47.125000000000000,1
892,5968,10931,7.375000000000000,47.125000000000000,1
893,5969,10932,5.375000000000000,47.125000000000000,1
894,5996,10988,9.375000000000000,47.375000000000000,1
895,5997,10989,7.375000000000000,47.375000000000000,1
896,5998,10990,5.375000000000000,47.375000000000000,1
897,6025,11046,9.375000000000000,47.625000000000000,1
898,6026,11047,7.375000000000000,47.625000000000000,1
899,6027,11048,5.375000000000000,47.625000000000000,1
900,6053,11104,9.375000000000000,47.875000000000000,1
901,6054,11105,7.375000000000000,47.875000000000000,1
902,6055,11106,5.375000000000000,47.875000000000000,1
903,6081,11162,9.375000000000000,48.125000000000000,1
904,6082,11163,7.375000000000000,48.125000000000000,1
905,6083,11164,5.375000000000000,48.125000000000000,1
906,6109,11220,9.375000000000000,48.375000000000000,1
907,6110,11221,7.375000000000000,48.375000000000000,1
908,6111,11222,5.375000000000000,48.375000000000000,1
909,6137,11278,9.375000000000000,48.625000000000000,1
910,6138,11279,7.375000000000000,48.625000000000000,1
911,6158,11336,9.375000000000000,48.875000000000000,1
912,6176,11394,9.375000000000000,49.125000000000000,1
913,6194,11452,9.375000000000000,49.375000000000000,1
914,6212,11510,9.375000000000000,49.625000000000000,1
915,6230,11568,9.375000000000000,49.875000000000000,1
916,6248,11626,9.375000000000000,50.125000000000000,1
917,6266,11684,9.375000000000000,50.375000000000000,1
918,6282,11742,9.375000000000000,50.625000000000000,1