FID,OBJECTID,field,Var1,Var2,value
0,10247,23206,49.375000000000000,100.125000000000000,1
1,10248,23207,47.375000000000000,100.125000000000000,1
2,10249,23208,45.375000000000000,100.125000000000000,1
3,10250,23209,43.375000000000000,100.125000000000000,1
4,10251,23210,41.375000000000000,100.125000000000000,1
5,10252,23211,39.375000000000000,100.125000000000000,1
6,10253,23212,37.375000000000000,100.125000000000000,1
7,10254,23213,35.375000000000000,100.125000000000000,1
8,10255,23214,33.375000000000000,100.125000000000000,1
9,10256,23215,31.375000000000000,100.125000000000000,1
10,10257,23216,29.375000000000000,100.125000000000000,1
11,10258,23217,27.375000000000000,100.125000000000000,1
12,10259,23218,25.375000000000000,100.125000000000000,1
13,10260,23219,23.375000000000000,100.125000000000000,1
14,10261,23220,21.375000000000000,100.125000000000000,1
15,10272,23264,49.375000000000000,100.375000000000000,1
16,10273,23265,47.375000000000000,100.375000000000000,1
17,10274,23266,45.375000000000000,100.375000000000000,1
18,10275,23267,43.375000000000000,100.375000000000000,1
19,10276,23268,41.375000000000000,100.375000000000000,1
20,10277,23269,39.375000000000000,100.375000000000000,1
21,10278,23270,37.375000000000000,100.375000000000000,1
22,10279,23271,35.375000000000000,100.375000000000000,1
23,10280,23272,33.375000000000000,100.375000000000000,1
24,10281,23273,31.375000000000000,100.375000000000000,1
25,10282,23274,29.375000000000000,100.375000000000000,1
26,10283,23275,27.375000000000000,100.375000000000000,1
27,10284,23276,25.375000000000000,100.375000000000000,1
28,10285,23277,23.375000000000000,100.375000000000000,1
29,10286,23278,21.375000000000000,100.375000000000000,1
30,10296,23322,49.375000000000000,100.625000000000000,1
31,10297,23323,47.375000000000000,100.625000000000000,1
32,10298,23324,45.375000000000000,100.625000000000000,1
33,10299,23325,43.375000000000000,100.625000000000000,1
34,10300,23326,41.375000000000000,100.625000000000000,1
35,10301,23327,39.375000000000000,100.625000000000000,1
36,10302,23328,37.375000000000000,100.625000000000000,1
37,10303,23329,35.375000000000000,100.625000000000000,1
38,10304,23330,33.375000000000000,100.625000000000000,1
39,10305,23331,31.375000000000000,100.625000000000000,1
40,10306,23332,29.375000000000000,100.625000000000000,1
41,10307,23333,27.375000000000000,100.625000000000000,1
42,10308,23334,25.375000000000000,100.625000000000000,1
43,10309,23335,23.375000000000000,100.625000000000000,1
44,10310,23336,21.375000000000000,100.625000000000000,1
45,10320,23380,49.375000000000000,100.875000000000000,1
46,10321,23381,47.375000000000000,100.875000000000000,1
47,10322,23382,45.375000000000000,100.875000000000000,1
48,10323,23383,43.375000000000000,100.875000000000000,1
49,10324,23384,41.375000000000000,100.875000000000000,1
50,10325,23385,39.375000000000000,100.875000000000000,1
51,10326,23386,37.375000000000000,100.875000000000000,1
52,10327,23387,35.375000000000000,100.875000000000000,1
53,10328,23388,33.375000000000000,100.875000000000000,1
54,10329,23389,31.375000000000000,100.875000000000000,1
55,10330,23390,29.375000000000000,100.875000000000000,1
56,10331,23391,27.375000000000000,100.875000000000000,1
57,10332,23392,25.375000000000000,100.875000000000000,1
58,10333,23393,23.375000000000000,100.875000000000000,1
59,10334,23394,21.375000000000000,100.875000000000000,1
60,10344,23438,49.375000000000000,101.125000000000000,1
61,10345,23439,47.375000000000000,101.125000000000000,1
62,10346,23440,45.375000000000000,101.125000000000000,1
63,10347,23441,43.375000000000000,101.125000000000000,1
64,10348,23442,41.375000000000000,101.125000000000000,1
65,10349,23443,39.375000000000000,101.125000000000000,1
66,10350,23444,37.375000000000000,101.125000000000000,1
67,10351,23445,35.375000000000000,101.125000000000000,1
68,10352,23446,33.375000000000000,101.125000000000000,1
69,10353,23447,31.375000000000000,101.125000000000000,1
70,10354,23448,29.375000000000000,101.125000000000000,1
71,10355,23449,27.375000000000000,101.125000000000000,1
72,10356,23450,25.375000000000000,101.125000000000000,1
73,10357,23451,23.375000000000000,101.125000000000000,1
74,10358,23452,21.375000000000000,101.125000000000000,1
75,10368,23496,49.375000000000000,101.375000000000000,1
76,10369,23497,47.375000000000000,101.375000000000000,1
77,10370,23498,45.375000000000000,101.375000000000000,1
78,10371,23499,43.375000000000000,101.375000000000000,1
79,10372,23500,41.375000000000000,101.375000000000000,1
80,10373,23501,39.375000000000000,101.375000000000000,1
81,10374,23502,37.375000000000000,101.375000000000000,1
82,10375,23503,35.375000000000000,101.375000000000000,1
83,10376,23504,33.375000000000000,101.375000000000000,1
84,10377,23505,31.375000000000000,101.375000000000000,1
85,10378,23506,29.375000000000000,101.375000000000000,1
86,10379,23507,27.375000000000000,101.375000000000000,1
87,10380,23508,25.375000000000000,101.375000000000000,1
88,10381,23509,23.375000000000000,101.375000000000000,1
89,10382,23510,21.375000000000000,101.375000000000000,1
90,10397,23554,49.375000000000000,101.625000000000000,1
91,10398,23555,47.375000000000000,101.625000000000000,1
92,10399,23556,45.375000000000000,101.625000000000000,1
93,10400,23557,43.375000000000000,101.625000000000000,1
94,10401,23558,41.375000000000000,101.625000000000000,1
95,10402,23559,39.375000000000000,101.625000000000000,1
96,10403,23560,37.375000000000000,101.625000000000000,1
97,10404,23561,35.375000000000000,101.625000000000000,1
98,10405,23562,33.375000000000000,101.625000000000000,1
99,10406,23563,31.375000000000000,101.625000000000000,1
100,10407,23564,29.375000000000000,101.625000000000000,1
101,10408,23565,27.375000000000000,101.625000000000000,1
102,10409,23566,25.375000000000000,101.625000000000000,1
103,10410,23567,23.375000000000000,101.625000000000000,1
104,10411,23568,21.375000000000000,101.625000000000000,1
105,10426,23612,49.375000000000000,101.875000000000000,1
106,10427,23613,47.375000000000000,101.875000000000000,1
107,10428,23614,45.375000000000000,101.875000000000000,1
108,10429,23615,43.375000000000000,101.875000000000000,1
109,10430,23616,41.375000000000000,101.875000000000000,1
110,10431,23617,39.375000000000000,101.875000000000000,1
111,10432,23618,37.375000000000000,101.875000000000000,1
112,10433,23619,35.375000000000000,101.875000000000000,1
113,10434,23620,33.375000000000000,101.875000000000000,1
114,10435,23621,31.375000000000000,101.875000000000000,1
115,10436,23622,29.375000000000000,101.875000000000000,1
116,10437,23623,27.375000000000000,101.875000000000000,1
117,10438,23624,25.375000000000000,101.875000000000000,1
118,10439,23625,23.375000000000000,101.875000000000000,1
119,10440,23626,21.375000000000000,101.875000000000000,1
120,10455,23670,49.375000000000000,102.125000000000000,1
121,10456,23671,47.375000000000000,102.125000000000000,1
122,10457,23672,45.375000000000000,102.125000000000000,1
123,10458,23673,43.375000000000000,102.125000000000000,1
124,10459,23674,41.375000000000000,102.125000000000000,1
125,10460,23675,39.375000000000000,102.125000000000000,1
126,10461,23676,37.375000000000000,102.125000000000000,1
127,10462,23677,35.375000000000000,102.125000000000000,1
128,10463,23678,33.375000000000000,102.125000000000000,1
129,10464,23679,31.375000000000000,102.125000000000000,1
130,10465,23680,29.375000000000000,102.125000000000000,1
131,10466,23681,27.375000000000000,102.125000000000000,1
132,10467,23682,25.375000000000000,102.125000000000000,1
133,10468,23683,23.375000000000000,102.125000000000000,1
134,10469,23684,21.375000000000000,102.125000000000000,1
135,10484,23728,49.375000000000000,102.375000000000000,1
136,10485,23729,47.375000000000000,102.375000000000000,1
137,10486,23730,45.375000000000000,102.375000000000000,1
138,10487,23731,43.375000000000000,102.375000000000000,1
139,10488,23732,41.375000000000000,102.375000000000000,1
140,10489,23733,39.375000000000000,102.375000000000000,1
141,10490,23734,37.375000000000000,102.375000000000000,1
142,10491,23735,35.375000000000000,102.375000000000000,1
143,10492,23736,33.375000000000000,102.375000000000000,1
144,10493,23737,31.375000000000000,102.375000000000000,1
145,10494,23738,29.375000000000000,102.375000000000000,1
146,10495,23739,27.375000000000000,102.375000000000000,1
147,10496,23740,25.375000000000000,102.375000000000000,1
148,10497,23741,23.375000000000000,102.375000000000000,1
149,10498,23742,21.375000000000000,102.375000000000000,1
150,10513,23786,49.375000000000000,102.625000000000000,1
151,10514,23787,47.375000000000000,102.625000000000000,1
152,10515,23788,45.375000000000000,102.625000000000000,1
153,10516,23789,43.375000000000000,102.625000000000000,1
154,10517,23790,41.375000000000000,102.625000000000000,1
155,10518,23791,39.375000000000000,102.625000000000000,1
156,10519,23792,37.375000000000000,102.625000000000000,1
157,10520,23793,35.375000000000000,102.625000000000000,1
158,10521,23794,33.375000000000000,102.625000000000000,1
159,10522,23795,31.375000000000000,102.625000000000000,1
160,10523,23796,29.375000000000000,102.625000000000000,1
161,10524,23797,27.375000000000000,102.625000000000000,1
162,10525,23798,25.375000000000000,102.625000000000000,1
163,10526,23799,23.375000000000000,102.625000000000000,1
164,10527,23800,21.375000000000000,102.625000000000000,1
165,10541,23844,49.375000000000000,102.875000000000000,1
166,10542,23845,47.375000000000000,102.875000000000000,1
167,10543,23846,45.375000000000000,102.875000000000000,1
168,10544,23847,43.375000000000000,102.875000000000000,1
169,10545,23848,41.375000000000000,102.875000000000000,1
170,10546,23849,39.375000000000000,102.875000000000000,1
171,10547,23850,37.375000000000000,102.875000000000000,1
172,10548,23851,35.375000000000000,102.875000000000000,1
173,10549,23852,33.375000000000000,102.875000000000000,1
174,10550,23853,31.375000000000000,102.875000000000000,1
175,10551,23854,29.375000000000000,102.875000000000000,1
176,10552,23855,27.375000000000000,102.875000000000000,1
177,10553,23856,25.375000000000000,102.875000000000000,1
178,10554,23857,23.375000000000000,102.875000000000000,1
179,10555,23858,21.375000000000000,102.875000000000000,1
180,10569,23902,49.375000000000000,103.125000000000000,1
181,10570,23903,47.375000000000000,103.125000000000000,1
182,10571,23904,45.375000000000000,103.125000000000000,1
183,10572,23905,43.375000000000000,103.125000000000000,1
184,10573,23906,41.375000000000000,103.125000000000000,1
185,10574,23907,39.375000000000000,103.125000000000000,1
186,10575,23908,37.375000000000000,103.125000000000000,1
187,10576,23909,35.375000000000000,103.125000000000000,1
188,10577,23910,33.375000000000000,103.125000000000000,1
189,10578,23911,31.375000000000000,103.125000000000000,1
190,10579,23912,29.375000000000000,103.125000000000000,1
191,10580,23913,27.375000000000000,103.125000000000000,1
192,10581,23914,25.375000000000000,103.125000000000000,1
193,10582,23915,23.375000000000000,103.125000000000000,1
194,10583,23916,21.375000000000000,103.125000000000000,1
195,10597,23960,49.375000000000000,103.375000000000000,1
196,10598,23961,47.375000000000000,103.375000000000000,1
197,10599,23962,45.375000000000000,103.375000000000000,1
198,10600,23963,43.375000000000000,103.375000000000000,1
199,10601,23964,41.375000000000000,103.375000000000000,1
200,10602,23965,39.375000000000000,103.375000000000000,1
201,10603,23966,37.375000000000000,103.375000000000000,1
202,10604,23967,35.375000000000000,103.375000000000000,1
203,10605,23968,33.375000000000000,103.375000000000000,1
204,10606,23969,31.375000000000000,103.375000000000000,1
205,10607,23970,29.375000000000000,103.375000000000000,1
206,10608,23971,27.375000000000000,103.375000000000000,1
207,10609,23972,25.375000000000000,103.375000000000000,1
208,10610,23973,23.375000000000000,103.375000000000000,1
209,10611,23974,21.375000000000000,103.375000000000000,1
210,10625,24018,49.375000000000000,103.625000000000000,1
211,10626,24019,47.375000000000000,103.625000000000000,1
212,10627,24020,45.375000000000000,103.625000000000000,1
213,10628,24021,43.375000000000000,103.625000000000000,1
214,10629,24022,41.375000000000000,103.625000000000000,1
215,10630,24023,39.375000000000000,103.625000000000000,1
216,10631,24024,37.375000000000000,103.625000000000000,1
217,10632,24025,35.375000000000000,103.625000000000000,1
218,10633,24026,33.375000000000000,103.625000000000000,1
219,10634,24027,31.375000000000000,103.625000000000000,1
220,10635,24028,29.375000000000000,103.625000000000000,1
221,10636,24029,27.375000000000000,103.625000000000000,1
222,10637,24030,25.375000000000000,103.625000000000000,1
223,10638,24031,23.375000000000000,103.625000000000000,1
224,10639,24032,21.375000000000000,103.625000000000000,1
225,10651,24076,49.375000000000000,103.875000000000000,1
226,10652,24077,47.375000000000000,103.875000000000000,1
227,10653,24078,45.375000000000000,103.875000000000000,1
228,10654,24079,43.375000000000000,103.875000000000000,1
229,10655,24080,41.375000000000000,103.875000000000000,1
230,10656,24081,39.375000000000000,103.875000000000000,1
231,10657,24082,37.375000000000000,103.875000000000000,1
232,10658,24083,35.375000000000000,103.875000000000000,1
233,10659,24084,33.375000000000000,103.875000000000000,1
234,10660,24085,31.375000000000000,103.875000000000000,1
235,10661,24086,29.375000000000000,103.875000000000000,1
236,10662,24087,27.375000000000000,103.875000000000000,1
237,10663,24088,25.375000000000000,103.875000000000000,1
238,10664,24089,23.375000000000000,103.875000000000000,1
239,10665,24090,21.375000000000000,103.875000000000000,1
240,10678,24134,49.375000000000000,104.125000000000000,1
241,10679,24135,47.375000000000000,104.125000000000000,1
242,10680,24136,45.375000000000000,104.125000000000000,1
243,10681,24137,43.375000000000000,104.125000000000000,1
244,10682,24138,41.375000000000000,104.125000000000000,1
245,10683,24139,39.375000000000000,104.125000000000000,1
246,10684,24140,37.375000000000000,104.125000000000000,1
247,10685,24141,35.375000000000000,104.125000000000000,1
248,10686,24142,33.375000000000000,104.125000000000000,1
249,10687,24143,31.375000000000000,104.125000000000000,1
250,10688,24144,29.375000000000000,104.125000000000000,1
251,10689,24145,27.375000000000000,104.125000000000000,1
252,10690,24146,25.375000000000000,104.125000000000000,1
253,10691,24147,23.375000000000000,104.125000000000000,1
254,10692,24148,21.375000000000000,104.125000000000000,1
255,10705,24192,49.375000000000000,104.375000000000000,1
256,10706,24193,47.375000000000000,104.375000000000000,1
257,10707,24194,45.375000000000000,104.375000000000000,1
258,10708,24195,43.375000000000000,104.375000000000000,1
259,10709,24196,41.375000000000000,104.375000000000000,1
260,10710,24197,39.375000000000000,104.375000000000000,1
261,10711,24198,37.375000000000000,104.375000000000000,1
262,10712,24199,35.375000000000000,104.375000000000000,1
263,10713,24200,33.375000000000000,104.375000000000000,1
264,10714,24201,31.375000000000000,104.375000000000000,1
265,10715,24202,29.375000000000000,104.375000000000000,1
266,10716,24203,27.375000000000000,104.375000000000000,1
267,10717,24204,25.375000000000000,104.375000000000000,1
268,10718,24205,23.375000000000000,104.375000000000000,1
269,10719,24206,21.375000000000000,104.375000000000000,1
270,10732,24250,49.375000000000000,104.625000000000000,1
271,10733,24251,47.375000000000000,104.625000000000000,1
272,10734,24252,45.375000000000000,104.625000000000000,1
273,10735,24253,43.375000000000000,104.625000000000000,1
274,10736,24254,41.375000000000000,104.625000000000000,1
275,10737,24255,39.375000000000000,104.625000000000000,1
276,10738,24256,37.375000000000000,104.625000000000000,1
277,10739,24257,35.375000000000000,104.625000000000000,1
278,10740,24258,33.375000000000000,104.625000000000000,1
279,10741,24259,31.375000000000000,104.625000000000000,1
280,10742,24260,29.375000000000000,104.625000000000000,1
281,10743,24261,27.375000000000000,104.625000000000000,1
282,10744,24262,25.375000000000000,104.625000000000000,1
283,10745,24263,23.375000000000000,104.625000000000000,1
284,10746,24264,21.375000000000000,104.625000000000000,1
285,10758,24308,49.375000000000000,104.875000000000000,1
286,10759,24309,47.375000000000000,104.875000000000000,1
287,10760,24310,45.375000000000000,104.875000000000000,1
288,10761,24311,43.375000000000000,104.875000000000000,1
289,10762,24312,41.375000000000000,104.875000000000000,1
290,10763,24313,39.375000000000000,104.875000000000000,1
291,10764,24314,37.375000000000000,104.875000000000000,1
292,10765,24315,35.375000000000000,104.875000000000000,1
293,10766,24316,33.375000000000000,104.875000000000000,1
294,10767,24317,31.375000000000000,104.875000000000000,1
295,10768,24318,29.375000000000000,104.875000000000000,1
296,10769,24319,27.375000000000000,104.875000000000000,1
297,10770,24320,25.375000000000000,104.875000000000000,1
298,10771,24321,23.375000000000000,104.875000000000000,1
299,10772,24322,21.375000000000000,104.875000000000000,1
300,10786,24366,49.375000000000000,105.125000000000000,1
301,10787,24367,47.375000000000000,105.125000000000000,1
302,10788,24368,45.375000000000000,105.125000000000000,1
303,10789,24369,43.375000000000000,105.125000000000000,1
304,10790,24370,41.375000000000000,105.125000000000000,1
305,10791,24371,39.375000000000000,105.125000000000000,1
306,10792,24372,37.375000000000000,105.125000000000000,1
307,10793,24373,35.375000000000000,105.125000000000000,1
308,10794,24374,33.375000000000000,105.125000000000000,1
309,10795,24375,31.375000000000000,105.125000000000000,1
310,10796,24376,29.375000000000000,105.125000000000000,1
311,10797,24377,27.375000000000000,105.125000000000000,1
312,10798,24378,25.375000000000000,105.125000000000000,1
313,10799,24379,23.375000000000000,105.125000000000000,1
314,10800,24380,21.375000000000000,105.125000000000000,1
315,10814,24424,49.375000000000000,105.375000000000000,1
316,10815,24425,47.375000000000000,105.375000000000000,1
317,10816,24426,45.375000000000000,105.375000000000000,1
318,10817,24427,43.375000000000000,105.375000000000000,1
319,10818,24428,41.375000000000000,105.375000000000000,1
320,10819,24429,39.375000000000000,105.375000000000000,1
321,10820,24430,37.375000000000000,105.375000000000000,1
322,10821,24431,35.375000000000000,105.375000000000000,1
323,10822,24432,33.375000000000000,105.375000000000000,1
324,10823,24433,31.375000000000000,105.375000000000000,1
325,10824,24434,29.375000000000000,105.375000000000000,1
326,10825,24435,27.375000000000000,105.375000000000000,1
327,10826,24436,25.375000000000000,105.375000000000000,1
328,10827,24437,23.375000000000000,105.375000000000000,1
329,10828,24438,21.375000000000000,105.375000000000000,1
330,10842,24482,49.375000000000000,105.625000000000000,1
331,10843,24483,47.375000000000000,105.625000000000000,1
332,10844,24484,45.375000000000000,105.625000000000000,1
333,10845,24485,43.375000000000000,105.625000000000000,1
334,10846,24486,41.375000000000000,105.625000000000000,1
335,10847,24487,39.375000000000000,105.625000000000000,1
336,10848,24488,37.375000000000000,105.625000000000000,1
337,10849,24489,35.375000000000000,105.625000000000000,1
338,10850,24490,33.375000000000000,105.625000000000000,1
339,10851,24491,31.375000000000000,105.625000000000000,1
340,10852,24492,29.375000000000000,105.625000000000000,1
341,10853,24493,27.375000000000000,105.625000000000000,1
342,10854,24494,25.375000000000000,105.625000000000000,1
343,10855,24495,23.375000000000000,105.625000000000000,1
344,10856,24496,21.375000000000000,105.625000000000000,1
345,10870,24540,49.375000000000000,105.875000000000000,1
346,10871,24541,47.375000000000000,105.875000000000000,1
347,10872,24542,45.375000000000000,105.875000000000000,1
348,10873,24543,43.375000000000000,105.875000000000000,1
349,10874,24544,41.375000000000000,105.875000000000000,1
350,10875,24545,39.375000000000000,105.875000000000000,1
351,10876,24546,37.375000000000000,105.875000000000000,1
352,10877,24547,35.375000000000000,105.875000000000000,1
353,10878,24548,33.375000000000000,105.875000000000000,1
354,10879,24549,31.375000000000000,105.875000000000000,1
355,10880,24550,29.375000000000000,105.875000000000000,1
356,10881,24551,27.375000000000000,105.875000000000000,1
357,10882,24552,25.375000000000000,105.875000000000000,1
358,10883,24553,23.375000000000000,105.875000000000000,1
359,10884,24554,21.375000000000000,105.875000000000000,1
360,10896,24598,49.375000000000000,106.125000000000000,1
361,10897,24599,47.375000000000000,106.125000000000000,1
362,10898,24600,45.375000000000000,106.125000000000000,1
363,10899,24601,43.375000000000000,106.125000000000000,1
364,10900,24602,41.375000000000000,106.125000000000000,1
365,10901,24603,39.375000000000000,106.125000000000000,1
366,10902,24604,37.375000000000000,106.125000000000000,1
367,10903,24605,35.375000000000000,106.125000000000000,1
368,10904,24606,33.375000000000000,106.125000000000000,1
369,10905,24607,31.375000000000000,106.125000000000000,1
370,10906,24608,29.375000000000000,106.125000000000000,1
371,10907,24609,27.375000000000000,106.125000000000000,1
372,10908,24610,25.375000000000000,106.125000000000000,1
373,10909,24611,23.375000000000000,106.125000000000000,1
374,10910,24612,21.375000000000000,106.125000000000000,1
375,10922,24656,49.375000000000000,106.375000000000000,1
376,10923,24657,47.375000000000000,106.375000000000000,1
377,10924,24658,45.375000000000000,106.375000000000000,1
378,10925,24659,43.375000000000000,106.375000000000000,1
379,10926,24660,41.375000000000000,106.375000000000000,1
380,10927,24661,39.375000000000000,106.375000000000000,1
381,10928,24662,37.375000000000000,106.375000000000000,1
382,10929,24663,35.375000000000000,106.375000000000000,1
383,10930,24664,33.375000000000000,106.375000000000000,1
384,10931,24665,31.375000000000000,106.375000000000000,1
385,10932,24666,29.375000000000000,106.375000000000000,1
386,10933,24667,27.375000000000000,106.375000000000000,1
387,10934,24668,25.375000000000000,106.375000000000000,1
388,10935,24669,23.375000000000000,106.375000000000000,1
389,10936,24670,21.375000000000000,106.375000000000000,1
390,10946,24714,49.375000000000000,106.625000000000000,1
391,10947,24715,47.375000000000000,106.625000000000000,1
392,10948,24716,45.375000000000000,106.625000000000000,1
393,10949,24717,43.375000000000000,106.625000000000000,1
394,10950,24718,41.375000000000000,106.625000000000000,1
395,10951,24719,39.375000000000000,106.625000000000000,1
396,10952,24720,37.375000000000000,106.625000000000000,1
397,10953,24721,35.375000000000000,106.625000000000000,1
398,10954,24722,33.375000000000000,106.625000000000000,1
399,10955,24723,31.375000000000000,106.625000000000000,1
400,10956,24724,29.375000000000000,106.625000000000000,1
401,10957,24725,27.375000000000000,106.625000000000000,1
402,10958,24726,25.375000000000000,106.625000000000000,1
403,10959,24727,23.375000000000000,106.625000000000000,1
404,10960,24728,21.375000000000000,106.625000000000000,1
405,10970,24772,49.375000000000000,106.875000000000000,1
406,10971,24773,47.375000000000000,106.875000000000000,1
407,10972,24774,45.375000000000000,106.875000000000000,1
408,10973,24775,43.375000000000000,106.875000000000000,1
409,10974,24776,41.375000000000000,106.875000000000000,1
410,10975,24777,39.375000000000000,106.875000000000000,1
411,10976,24778,37.375000000000000,106.875000000000000,1
412,10977,24779,35.375000000000000,106.875000000000000,1
413,10978,24780,33.375000000000000,106.875000000000000,1
414,10979,24781,31.375000000000000,106.875000000000000,1
415,10980,24782,29.375000000000000,106.875000000000000,1
416,10981,24783,27.375000000000000,106.875000000000000,1
417,10982,24784,25.375000000000000,106.875000000000000,1
418,10983,24785,23.375000000000000,106.875000000000000,1
419,10984,24786,21.375000000000000,106.875000000000000,1
420,10994,24830,49.375000000000000,107.125000000000000,1
421,10995,24831,47.375000000000000,107.125000000000000,1
422,10996,24832,45.375000000000000,107.125000000000000,1
423,10997,24833,43.375000000000000,107.125000000000000,1
424,10998,24834,41.375000000000000,107.125000000000000,1
425,10999,24835,39.375000000000000,107.125000000000000,1
426,11000,24836,37.375000000000000,107.125000000000000,1
427,11001,24837,35.375000000000000,107.125000000000000,1
428,11002,24838,33.375000000000000,107.125000000000000,1
429,11003,24839,31.375000000000000,107.125000000000000,1
430,11004,24840,29.375000000000000,107.125000000000000,1
431,11005,24841,27.375000000000000,107.125000000000000,1
432,11006,24842,25.375000000000000,107.125000000000000,1
433,11007,24843,23.375000000000000,107.125000000000000,1
434,11008,24844,21.375000000000000,107.125000000000000,1
435,11018,24888,49.375000000000000,107.375000000000000,1
436,11019,24889,47.375000000000000,107.375000000000000,1
437,11020,24890,45.375000000000000,107.375000000000000,1
438,11021,24891,43.375000000000000,107.375000000000000,1
439,11022,24892,41.375000000000000,107.375000000000000,1
440,11023,24893,39.375000000000000,107.375000000000000,1
441,11024,24894,37.375000000000000,107.375000000000000,1
442,11025,24895,35.375000000000000,107.375000000000000,1
443,11026,24896,33.375000000000000,107.375000000000000,1
444,11027,24897,31.375000000000000,107.375000000000000,1
445,11028,24898,29.375000000000000,107.375000000000000,1
446,11029,24899,27.375000000000000,107.375000000000000,1
447,11030,24900,25.375000000000000,107.375000000000000,1
448,11031,24901,23.375000000000000,107.375000000000000,1
449,11032,24902,21.375000000000000,107.375000000000000,1
450,11042,24946,49.375000000000000,107.625000000000000,1
451,11043,24947,47.375000000000000,107.625000000000000,1
452,11044,24948,45.375000000000000,107.625000000000000,1
453,11045,24949,43.375000000000000,107.625000000000000,1
454,11046,24950,41.375000000000000,107.625000000000000,1
455,11047,24951,39.375000000000000,107.625000000000000,1
456,11048,24952,37.375000000000000,107.625000000000000,1
457,11049,24953,35.375000000000000,107.625000000000000,1
458,11050,24954,33.375000000000000,107.625000000000000,1
459,11051,24955,31.375000000000000,107.625000000000000,1
460,11052,24956,29.375000000000000,107.625000000000000,1
461,11053,24957,27.375000000000000,107.625000000000000,1
462,11054,24958,25.375000000000000,107.625000000000000,1
463,11055,24959,23.375000000000000,107.625000000000000,1
464,11056,24960,21.375000000000000,107.625000000000000,1
465,11066,25004,49.375000000000000,107.875000000000000,1
466,11067,25005,47.375000000000000,107.875000000000000,1
467,11068,25006,45.375000000000000,107.875000000000000,1
468,11069,25007,43.375000000000000,107.875000000000000,1
469,11070,25008,41.375000000000000,107.875000000000000,1
470,11071,25009,39.375000000000000,107.875000000000000,1
471,11072,25010,37.375000000000000,107.875000000000000,1
472,11073,25011,35.375000000000000,107.875000000000000,1
473,11074,25012,33.375000000000000,107.875000000000000,1
474,11075,25013,31.375000000000000,107.875000000000000,1
475,11076,25014,29.375000000000000,107.875000000000000,1
476,11077,25015,27.375000000000000,107.875000000000000,1
477,11078,25016,25.375000000000000,107.875000000000000,1
478,11079,25017,23.375000000000000,107.875000000000000,1
479,11089,25062,49.375000000000000,108.125000000000000,1
480,11090,25063,47.375000000000000,108.125000000000000,1
481,11091,25064,45.375000000000000,108.125000000000000,1
482,11092,25065,43.375000000000000,108.125000000000000,1
483,11093,25066,41.375000000000000,108.125000000000000,1
484,11094,25067,39.375000000000000,108.125000000000000,1
485,11095,25068,37.375000000000000,108.125000000000000,1
486,11096,25069,35.375000000000000,108.125000000000000,1
487,11097,25070,33.375000000000000,108.125000000000000,1
488,11098,25071,31.375000000000000,108.125000000000000,1
489,11099,25072,29.375000000000000,108.125000000000000,1
490,11100,25073,27.375000000000000,108.125000000000000,1
491,11101,25074,25.375000000000000,108.125000000000000,1
492,11102,25075,23.375000000000000,108.125000000000000,1
493,11112,25120,49.375000000000000,108.375000000000000,1
494,11113,25121,47.375000000000000,108.375000000000000,1
495,11114,25122,45.375000000000000,108.375000000000000,1
496,11115,25123,43.375000000000000,108.375000000000000,1
497,11116,25124,41.375000000000000,108.375000000000000,1
498,11117,25125,39.375000000000000,108.375000000000000,1
499,11118,25126,37.375000000000000,108.375000000000000,1
500,11119,25127,35.375000000000000,108.375000000000000,1
501,11120,25128,33.375000000000000,108.375000000000000,1
502,11121,25129,31.375000000000000,108.375000000000000,1
503,11122,25130,29.375000000000000,108.375000000000000,1
504,11123,25131,27.375000000000000,108.375000000000000,1
505,11124,25132,25.375000000000000,108.375000000000000,1
506,11125,25133,23.375000000000000,108.375000000000000,1
507,11135,25178,49.375000000000000,108.625000000000000,1
508,11136,25179,47.375000000000000,108.625000000000000,1
509,11137,25180,45.375000000000000,108.625000000000000,1
510,11138,25181,43.375000000000000,108.625000000000000,1
511,11139,25182,41.375000000000000,108.625000000000000,1
512,11140,25183,39.375000000000000,108.625000000000000,1
513,11141,25184,37.375000000000000,108.625000000000000,1
514,11142,25185,35.375000000000000,108.625000000000000,1
515,11143,25186,33.375000000000000,108.625000000000000,1
516,11144,25187,31.375000000000000,108.625000000000000,1
517,11145,25188,29.375000000000000,108.625000000000000,1
518,11146,25189,27.375000000000000,108.625000000000000,1
519,11147,25190,25.375000000000000,108.625000000000000,1
520,11148,25191,23.375000000000000,108.625000000000000,1
521,11157,25236,49.375000000000000,108.875000000000000,1
522,11158,25237,47.375000000000000,108.875000000000000,1
523,11159,25238,45.375000000000000,108.875000000000000,1
524,11160,25239,43.375000000000000,108.875000000000000,1
525,11161,25240,41.375000000000000,108.875000000000000,1
526,11162,25241,39.375000000000000,108.875000000000000,1
527,11163,25242,37.375000000000000,108.875000000000000,1
528,11164,25243,35.375000000000000,108.875000000000000,1
529,11165,25244,33.375000000000000,108.875000000000000,1
530,11166,25245,31.375000000000000,108.875000000000000,1
531,11167,25246,29.375000000000000,108.875000000000000,1
532,11168,25247,27.375000000000000,108.875000000000000,1
533,11169,25248,25.375000000000000,108.875000000000000,1
534,11170,25249,23.375000000000000,108.875000000000000,1
535,11176,25294,49.375000000000000,109.125000000000000,1
536,11177,25295,47.375000000000000,109.125000000000000,1
537,11178,25296,45.375000000000000,109.125000000000000,1
538,11179,25297,43.375000000000000,109.125000000000000,1
539,11180,25298,41.375000000000000,109.125000000000000,1
540,11181,25299,39.375000000000000,109.125000000000000,1
541,11182,25300,37.375000000000000,109.125000000000000,1
542,11183,25301,35.375000000000000,109.125000000000000,1
543,11184,25302,33.375000000000000,109.125000000000000,1
544,11185,25303,31.375000000000000,109.125000000000000,1
545,11186,25304,29.375000000000000,109.125000000000000,1
546,11187,25305,27.375000000000000,109.125000000000000,1
547,11188,25306,25.375000000000000,109.125000000000000,1
548,11189,25307,23.375000000000000,109.125000000000000,1
549,11195,25352,49.375000000000000,109.375000000000000,1
550,11196,25353,47.375000000000000,109.375000000000000,1
551,11197,25354,45.375000000000000,109.375000000000000,1
552,11198,25355,43.375000000000000,109.375000000000000,1
553,11199,25356,41.375000000000000,109.375000000000000,1
554,11200,25357,39.375000000000000,109.375000000000000,1
555,11201,25358,37.375000000000000,109.375000000000000,1
556,11202,25359,35.375000000000000,109.375000000000000,1
557,11203,25360,33.375000000000000,109.375000000000000,1
558,11204,25361,31.375000000000000,109.375000000000000,1
559,11205,25362,29.375000000000000,109.375000000000000,1
560,11206,25363,27.375000000000000,109.375000000000000,1
561,11207,25364,25.375000000000000,109.375000000000000,1
562,11208,25365,23.375000000000000,109.375000000000000,1
563,11214,25410,49.375000000000000,109.625000000000000,1
564,11215,25411,47.375000000000000,109.625000000000000,1
565,11216,25412,45.375000000000000,109.625000000000000,1
566,11217,25413,43.375000000000000,109.625000000000000,1
567,11218,25414,41.375000000000000,109.625000000000000,1
568,11219,25415,39.375000000000000,109.625000000000000,1
569,11220,25416,37.375000000000000,109.625000000000000,1
570,11221,25417,35.375000000000000,109.625000000000000,1
571,11222,25418,33.375000000000000,109.625000000000000,1
572,11223,25419,31.375000000000000,109.625000000000000,1
573,11224,25420,29.375000000000000,109.625000000000000,1
574,11225,25421,27.375000000000000,109.625000000000000,1
575,11226,25422,25.375000000000000,109.625000000000000,1
576,11227,25423,23.375000000000000,109.625000000000000,1
577,11234,25468,49.375000000000000,109.875000000000000,1
578,11235,25469,47.375000000000000,109.875000000000000,1
579,11236,25470,45.375000000000000,109.875000000000000,1
580,11237,25471,43.375000000000000,109.875000000000000,1
581,11238,25472,41.375000000000000,109.875000000000000,1
582,11239,25473,39.375000000000000,109.875000000000000,1
583,11240,25474,37.375000000000000,109.875000000000000,1
584,11241,25475,35.375000000000000,109.875000000000000,1
585,11242,25476,33.375000000000000,109.875000000000000,1
586,11243,25477,31.375000000000000,109.875000000000000,1
587,11244,25478,29.375000000000000,109.875000000000000,1
588,11245,25479,27.375000000000000,109.875000000000000,1
589,11246,25480,25.375000000000000,109.875000000000000,1
590,11247,25481,23.375000000000000,109.875000000000000,1
591,11254,25526,49.375000000000000,110.125000000000000,1
592,11255,25527,47.375000000000000,110.125000000000000,1
593,11256,25528,45.375000000000000,110.125000000000000,1
594,11257,25529,43.375000000000000,110.125000000000000,1
595,11258,25530,41.375000000000000,110.125000000000000,1
596,11259,25531,39.375000000000000,110.125000000000000,1
597,11260,25532,37.375000000000000,110.125000000000000,1
598,11261,25533,35.375000000000000,110.125000000000000,1
599,11262,25534,33.375000000000000,110.125000000000000,1
600,11263,25535,31.375000000000000,110.125000000000000,1
601,11264,25536,29.375000000000000,110.125000000000000,1
602,11265,25537,27.375000000000000,110.125000000000000,1
603,11266,25538,25.375000000000000,110.125000000000000,1
604,11267,25539,23.375000000000000,110.125000000000000,1
605,11268,25540,21.375000000000000,110.125000000000000,1
606,11275,25584,49.375000000000000,110.375000000000000,1
607,11276,25585,47.375000000000000,110.375000000000000,1
608,11277,25586,45.375000000000000,110.375000000000000,1
609,11278,25587,43.375000000000000,110.375000000000000,1
610,11279,25588,41.375000000000000,110.375000000000000,1
611,11280,25589,39.375000000000000,110.375000000000000,1
612,11281,25590,37.375000000000000,110.375000000000000,1
613,11282,25591,35.375000000000000,110.375000000000000,1
614,11283,25592,33.375000000000000,110.375000000000000,1
615,11284,25593,31.375000000000000,110.375000000000000,1
616,11285,25594,29.375000000000000,110.375000000000000,1
617,11286,25595,27.375000000000000,110.375000000000000,1
618,11287,25596,25.375000000000000,110.375000000000000,1
619,11288,25597,23.375000000000000,110.375000000000000,1
620,11289,25598,21.375000000000000,110.375000000000000,1
621,11296,25642,49.375000000000000,110.625000000000000,1
622,11297,25643,47.375000000000000,110.625000000000000,1
623,11298,25644,45.375000000000000,110.625000000000000,1
624,11299,25645,43.375000000000000,110.625000000000000,1
625,11300,25646,41.375000000000000,110.625000000000000,1
626,11301,25647,39.375000000000000,110.625000000000000,1
627,11302,25648,37.375000000000000,110.625000000000000,1
628,11303,25649,35.375000000000000,110.625000000000000,1
629,11304,25650,33.375000000000000,110.625000000000000,1
630,11305,25651,31.375000000000000,110.625000000000000,1
631,11306,25652,29.375000000000000,110.625000000000000,1
632,11307,25653,27.375000000000000,110.625000000000000,1
633,11308,25654,25.375000000000000,110.625000000000000,1
634,11309,25655,23.375000000000000,110.625000000000000,1
635,11310,25656,21.375000000000000,110.625000000000000,1
636,11317,25700,49.375000000000000,110.875000000000000,1
637,11318,25701,47.375000000000000,110.875000000000000,1
638,11319,25702,45.375000000000000,110.875000000000000,1
639,11320,25703,43.375000000000000,110.875000000000000,1
640,11321,25704,41.375000000000000,110.875000000000000,1
641,11322,25705,39.375000000000000,110.875000000000000,1
642,11323,25706,37.375000000000000,110.875000000000000,1
643,11324,25707,35.375000000000000,110.875000000000000,1
644,11325,25708,33.375000000000000,110.875000000000000,1
645,11326,25709,31.375000000000000,110.875000000000000,1
646,11327,25710,29.375000000000000,110.875000000000000,1
647,11328,25711,27.375000000000000,110.875000000000000,1
648,11329,25712,25.375000000000000,110.875000000000000,1
649,11330,25713,23.375000000000000,110.875000000000000,1
650,11338,25758,49.375000000000000,111.125000000000000,1
651,11339,25759,47.375000000000000,111.125000000000000,1
652,11340,25760,45.375000000000000,111.125000000000000,1
653,11341,25761,43.375000000000000,111.125000000000000,1
654,11342,25762,41.375000000000000,111.125000000000000,1
655,11343,25763,39.375000000000000,111.125000000000000,1
656,11344,25764,37.375000000000000,111.125000000000000,1
657,11345,25765,35.375000000000000,111.125000000000000,1
658,11346,25766,33.375000000000000,111.125000000000000,1
659,11347,25767,31.375000000000000,111.125000000000000,1
660,11348,25768,29.375000000000000,111.125000000000000,1
661,11349,25769,27.375000000000000,111.125000000000000,1
662,11350,25770,25.375000000000000,111.125000000000000,1
663,11351,25771,23.375000000000000,111.125000000000000,1
664,11358,25816,49.375000000000000,111.375000000000000,1
665,11359,25817,47.375000000000000,111.375000000000000,1
666,11360,25818,45.375000000000000,111.375000000000000,1
667,11361,25819,43.375000000000000,111.375000000000000,1
668,11362,25820,41.375000000000000,111.375000000000000,1
669,11363,25821,39.375000000000000,111.375000000000000,1
670,11364,25822,37.375000000000000,111.375000000000000,1
671,11365,25823,35.375000000000000,111.375000000000000,1
672,11366,25824,33.375000000000000,111.375000000000000,1
673,11367,25825,31.375000000000000,111.375000000000000,1
674,11368,25826,29.375000000000000,111.375000000000000,1
675,11369,25827,27.375000000000000,111.375000000000000,1
676,11370,25828,25.375000000000000,111.375000000000000,1
677,11371,25829,23.375000000000000,111.375000000000000,1
678,11380,25874,49.375000000000000,111.625000000000000,1
679,11381,25875,47.375000000000000,111.625000000000000,1
680,11382,25876,45.375000000000000,111.625000000000000,1
681,11383,25877,43.375000000000000,111.625000000000000,1
682,11384,25878,41.375000000000000,111.625000000000000,1
683,11385,25879,39.375000000000000,111.625000000000000,1
684,11386,25880,37.375000000000000,111.625000000000000,1
685,11387,25881,35.375000000000000,111.625000000000000,1
686,11388,25882,33.375000000000000,111.625000000000000,1
687,11389,25883,31.375000000000000,111.625000000000000,1
688,11390,25884,29.375000000000000,111.625000000000000,1
689,11391,25885,27.375000000000000,111.625000000000000,1
690,11392,25886,25.375000000000000,111.625000000000000,1
691,11393,25887,23.375000000000000,111.625000000000000,1
692,11402,25932,49.375000000000000,111.875000000000000,1
693,11403,25933,47.375000000000000,111.875000000000000,1
694,11404,25934,45.375000000000000,111.875000000000000,1
695,11405,25935,43.375000000000000,111.875000000000000,1
696,11406,25936,41.375000000000000,111.875000000000000,1
697,11407,25937,39.375000000000000,111.875000000000000,1
698,11408,25938,37.375000000000000,111.875000000000000,1
699,11409,25939,35.375000000000000,111.875000000000000,1
700,11410,25940,33.375000000000000,111.875000000000000,1
701,11411,25941,31.375000000000000,111.875000000000000,1
702,11412,25942,29.375000000000000,111.875000000000000,1
703,11413,25943,27.375000000000000,111.875000000000000,1
704,11414,25944,25.375000000000000,111.875000000000000,1
705,11415,25945,23.375000000000000,111.875000000000000,1
706,11424,25990,49.375000000000000,112.125000000000000,1
707,11425,25991,47.375000000000000,112.125000000000000,1
708,11426,25992,45.375000000000000,112.125000000000000,1
709,11427,25993,43.375000000000000,112.125000000000000,1
710,11428,25994,41.375000000000000,112.125000000000000,1
711,11429,25995,39.375000000000000,112.125000000000000,1
712,11430,25996,37.375000000000000,112.125000000000000,1
713,11431,25997,35.375000000000000,112.125000000000000,1
714,11432,25998,33.375000000000000,112.125000000000000,1
715,11433,25999,31.375000000000000,112.125000000000000,1
716,11434,26000,29.375000000000000,112.125000000000000,1
717,11435,26001,27.375000000000000,112.125000000000000,1
718,11436,26002,25.375000000000000,112.125000000000000,1
719,11437,26003,23.375000000000000,112.125000000000000,1
720,11446,26048,49.375000000000000,112.375000000000000,1
721,11447,26049,47.375000000000000,112.375000000000000,1
722,11448,26050,45.375000000000000,112.375000000000000,1
723,11449,26051,43.375000000000000,112.375000000000000,1
724,11450,26052,41.375000000000000,112.375000000000000,1
725,11451,26053,39.375000000000000,112.375000000000000,1
726,11452,26054,37.375000000000000,112.375000000000000,1
727,11453,26055,35.375000000000000,112.375000000000000,1
728,11454,26056,33.375000000000000,112.375000000000000,1
729,11455,26057,31.375000000000000,112.375000000000000,1
730,11456,26058,29.375000000000000,112.375000000000000,1
731,11457,26059,27.375000000000000,112.375000000000000,1
732,11458,26060,25.375000000000000,112.375000000000000,1
733,11459,26061,23.375000000000000,112.375000000000000,1
734,11468,26106,49.375000000000000,112.625000000000000,1
735,11469,26107,47.375000000000000,112.625000000000000,1
736,11470,26108,45.375000000000000,112.625000000000000,1
737,11471,26109,43.375000000000000,112.625000000000000,1
738,11472,26110,41.375000000000000,112.625000000000000,1
739,11473,26111,39.375000000000000,112.625000000000000,1
740,11474,26112,37.375000000000000,112.625000000000000,1
741,11475,26113,35.375000000000000,112.625000000000000,1
742,11476,26114,33.375000000000000,112.625000000000000,1
743,11477,26115,31.375000000000000,112.625000000000000,1
744,11478,26116,29.375000000000000,112.625000000000000,1
745,11479,26117,27.375000000000000,112.625000000000000,1
746,11480,26118,25.375000000000000,112.625000000000000,1
747,11481,26119,23.375000000000000,112.625000000000000,1
748,11490,26164,49.375000000000000,112.875000000000000,1
749,11491,26165,47.375000000000000,112.875000000000000,1
750,11492,26166,45.375000000000000,112.875000000000000,1
751,11493,26167,43.375000000000000,112.875000000000000,1
752,11494,26168,41.375000000000000,112.875000000000000,1
753,11495,26169,39.375000000000000,112.875000000000000,1
754,11496,26170,37.375000000000000,112.875000000000000,1
755,11497,26171,35.375000000000000,112.875000000000000,1
756,11498,26172,33.375000000000000,112.875000000000000,1
757,11499,26173,31.375000000000000,112.875000000000000,1
758,11500,26174,29.375000000000000,112.875000000000000,1
759,11501,26175,27.375000000000000,112.875000000000000,1
760,11502,26176,25.375000000000000,112.875000000000000,1
761,11503,26177,23.375000000000000,112.875000000000000,1
762,11512,26222,49.375000000000000,113.125000000000000,1
763,11513,26223,47.375000000000000,113.125000000000000,1
764,11514,26224,45.375000000000000,113.125000000000000,1
765,11515,26225,43.375000000000000,113.125000000000000,1
766,11516,26226,41.375000000000000,113.125000000000000,1
767,11517,26227,39.375000000000000,113.125000000000000,1
768,11518,26228,37.375000000000000,113.125000000000000,1
769,11519,26229,35.375000000000000,113.125000000000000,1
770,11520,26230,33.375000000000000,113.125000000000000,1
771,11521,26231,31.375000000000000,113.125000000000000,1
772,11522,26232,29.375000000000000,113.125000000000000,1
773,11523,26233,27.375000000000000,113.125000000000000,1
774,11524,26234,25.375000000000000,113.125000000000000,1
775,11525,26235,23.375000000000000,113.125000000000000,1
776,11534,26280,49.375000000000000,113.375000000000000,1
777,11535,26281,47.375000000000000,113.375000000000000,1
778,11536,26282,45.375000000000000,113.375000000000000,1
779,11537,26283,43.375000000000000,113.375000000000000,1
780,11538,26284,41.375000000000000,113.375000000000000,1
781,11539,26285,39.375000000000000,113.375000000000000,1
782,11540,26286,37.375000000000000,113.375000000000000,1
783,11541,26287,35.375000000000000,113.375000000000000,1
784,11542,26288,33.375000000000000,113.375000000000000,1
785,11543,26289,31.375000000000000,113.375000000000000,1
786,11544,26290,29.375000000000000,113.375000000000000,1
787,11545,26291,27.375000000000000,113.375000000000000,1
788,11546,26292,25.375000000000000,113.375000000000000,1
789,11547,26293,23.375000000000000,113.375000000000000,1
790,11557,26338,49.375000000000000,113.625000000000000,1
791,11558,26339,47.375000000000000,113.625000000000000,1
792,11559,26340,45.375000000000000,113.625000000000000,1
793,11560,26341,43.375000000000000,113.625000000000000,1
794,11561,26342,41.375000000000000,113.625000000000000,1
795,11562,26343,39.375000000000000,113.625000000000000,1
796,11563,26344,37.375000000000000,113.625000000000000,1
797,11564,26345,35.375000000000000,113.625000000000000,1
798,11565,26346,33.375000000000000,113.625000000000000,1
799,11566,26347,31.375000000000000,113.625000000000000,1
800,11567,26348,29.375000000000000,113.625000000000000,1
801,11568,26349,27.375000000000000,113.625000000000000,1
802,11569,26350,25.375000000000000,113.625000000000000,1
803,11570,26351,23.375000000000000,113.625000000000000,1
804,11580,26396,49.375000000000000,113.875000000000000,1
805,11581,26397,47.375000000000000,113.875000000000000,1
806,11582,26398,45.375000000000000,113.875000000000000,1
807,11583,26399,43.375000000000000,113.875000000000000,1
808,11584,26400,41.375000000000000,113.875000000000000,1
809,11585,26401,39.375000000000000,113.875000000000000,1
810,11586,26402,37.375000000000000,113.875000000000000,1
811,11587,26403,35.375000000000000,113.875000000000000,1
812,11588,26404,33.375000000000000,113.875000000000000,1
813,11589,26405,31.375000000000000,113.875000000000000,1
814,11590,26406,29.375000000000000,113.875000000000000,1
815,11591,26407,27.375000000000000,113.875000000000000,1
816,11592,26408,25.375000000000000,113.875000000000000,1
817,11605,26454,49.375000000000000,114.125000000000000,1
818,11606,26455,47.375000000000000,114.125000000000000,1
819,11607,26456,45.375000000000000,114.125000000000000,1
820,11608,26457,43.375000000000000,114.125000000000000,1
821,11609,26458,41.375000000000000,114.125000000000000,1
822,11610,26459,39.375000000000000,114.125000000000000,1
823,11611,26460,37.375000000000000,114.125000000000000,1
824,11612,26461,35.375000000000000,114.125000000000000,1
825,11613,26462,33.375000000000000,114.125000000000000,1
826,11614,26463,31.375000000000000,114.125000000000000,1
827,11615,26464,29.375000000000000,114.125000000000000,1
828,11616,26465,27.375000000000000,114.125000000000000,1
829,11617,26466,25.375000000000000,114.125000000000000,1
830,11630,26512,49.375000000000000,114.375000000000000,1
831,11631,26513,47.375000000000000,114.375000000000000,1
832,11632,26514,45.375000000000000,114.375000000000000,1
833,11633,26515,43.375000000000000,114.375000000000000,1
834,11634,26516,41.375000000000000,114.375000000000000,1
835,11635,26517,39.375000000000000,114.375000000000000,1
836,11636,26518,37.375000000000000,114.375000000000000,1
837,11637,26519,35.375000000000000,114.375000000000000,1
838,11638,26520,33.375000000000000,114.375000000000000,1
839,11639,26521,31.375000000000000,114.375000000000000,1
840,11640,26522,29.375000000000000,114.375000000000000,1
841,11641,26523,27.375000000000000,114.375000000000000,1
842,11642,26524,25.375000000000000,114.375000000000000,1
843,11655,26570,49.375000000000000,114.625000000000000,1
844,11656,26571,47.375000000000000,114.625000000000000,1
845,11657,26572,45.375000000000000,114.625000000000000,1
846,11658,26573,43.375000000000000,114.625000000000000,1
847,11659,26574,41.375000000000000,114.625000000000000,1
848,11660,26575,39.375000000000000,114.625000000000000,1
849,11661,26576,37.375000000000000,114.625000000000000,1
850,11662,26577,35.375000000000000,114.625000000000000,1
851,11663,26578,33.375000000000000,114.625000000000000,1
852,11664,26579,31.375000000000000,114.625000000000000,1
853,11665,26580,29.375000000000000,114.625000000000000,1
854,11666,26581,27.375000000000000,114.625000000000000,1
855,11667,26582,25.375000000000000,114.625000000000000,1
856,11681,26628,49.375000000000000,114.875000000000000,1
857,11682,26629,47.375000000000000,114.875000000000000,1
858,11683,26630,45.375000000000000,114.875000000000000,1
859,11684,26631,43.375000000000000,114.875000000000000,1
860,11685,26632,41.375000000000000,114.875000000000000,1
861,11686,26633,39.375000000000000,114.875000000000000,1
862,11687,26634,37.375000000000000,114.875000000000000,1
863,11688,26635,35.375000000000000,114.875000000000000,1
864,11689,26636,33.375000000000000,114.875000000000000,1
865,11690,26637,31.375000000000000,114.875000000000000,1
866,11691,26638,29.375000000000000,114.875000000000000,1
867,11692,26639,27.375000000000000,114.875000000000000,1
868,11693,26640,25.375000000000000,114.875000000000000,1
869,11707,26686,49.375000000000000,115.125000000000000,1
870,11708,26687,47.375000000000000,115.125000000000000,1
871,11709,26688,45.375000000000000,115.125000000000000,1
872,11710,26689,43.375000000000000,115.125000000000000,1
873,11711,26690,41.375000000000000,115.125000000000000,1
874,11712,26691,39.375000000000000,115.125000000000000,1
875,11713,26692,37.375000000000000,115.125000000000000,1
876,11714,26693,35.375000000000000,115.125000000000000,1
877,11715,26694,33.375000000000000,115.125000000000000,1
878,11716,26695,31.375000000000000,115.125000000000000,1
879,11717,26696,29.375000000000000,115.125000000000000,1
880,11718,26697,27.375000000000000,115.125000000000000,1
881,11719,26698,25.375000000000000,115.125000000000000,1
882,11734,26744,49.375000000000000,115.375000000000000,1
883,11735,26745,47.375000000000000,115.375000000000000,1
884,11736,26746,45.375000000000000,115.375000000000000,1
885,11737,26747,43.375000000000000,115.375000000000000,1
886,11738,26748,41.375000000000000,115.375000000000000,1
887,11739,26749,39.375000000000000,115.375000000000000,1
888,11740,26750,37.375000000000000,115.375000000000000,1
889,11741,26751,35.375000000000000,115.375000000000000,1
890,11742,26752,33.375000000000000,115.375000000000000,1
891,11743,26753,31.375000000000000,115.375000000000000,1
892,11744,26754,29.375000000000000,115.375000000000000,1
893,11745,26755,27.375000000000000,115.375000000000000,1
894,11746,26756,25.375000000000000,115.375000000000000,1
895,11761,26802,49.375000000000000,115.625000000000000,1
896,11762,26803,47.375000000000000,115.625000000000000,1
897,11763,26804,45.375000000000000,115.625000000000000,1
898,11764,26805,43.375000000000000,115.625000000000000,1
899,11765,26806,41.375000000000000,115.625000000000000,1
900,11766,26807,39.375000000000000,115.625000000000000,1
901,11767,26808,37.375000000000000,115.625000000000000,1
902,11768,26809,35.375000000000000,115.625000000000000,1
903,11769,26810,33.375000000000000,115.625000000000000,1
904,11770,26811,31.375000000000000,115.625000000000000,1
905,11771,26812,29.375000000000000,115.625000000000000,1
906,11772,26813,27.375000000000000,115.625000000000000,1
907,11773,26814,25.375000000000000,115.625000000000000,1
908,11788,26860,49.375000000000000,115.875000000000000,1
909,11789,26861,47.375000000000000,115.875000000000000,1
910,11790,26862,45.375000000000000,115.875000000000000,1
911,11791,26863,43.375000000000000,115.875000000000000,1
912,11792,26864,41.375000000000000,115.875000000000000,1
913,11793,26865,39.375000000000000,115.875000000000000,1
914,11794,26866,37.375000000000000,115.875000000000000,1
915,11795,26867,35.375000000000000,115.875000000000000,1
916,11796,26868,33.375000000000000,115.875000000000000,1
917,11797,26869,31.375000000000000,115.875000000000000,1
918,11798,26870,29.375000000000000,115.875000000000000,1
919,11799,26871,27.375000000000000,115.875000000000000,1
920,11800,26872,25.375000000000000,115.875000000000000,1
921,11815,26918,49.375000000000000,116.125000000000000,1
922,11816,26919,47.375000000000000,116.125000000000000,1
923,11817,26920,45.375000000000000,116.125000000000000,1
924,11818,26921,43.375000000000000,116.125000000000000,1
925,11819,26922,41.375000000000000,116.125000000000000,1
926,11820,26923,39.375000000000000,116.125000000000000,1
927,11821,26924,37.375000000000000,116.125000000000000,1
928,11822,26925,35.375000000000000,116.125000000000000,1
929,11823,26926,33.375000000000000,116.125000000000000,1
930,11824,26927,31.375000000000000,116.125000000000000,1
931,11825,26928,29.375000000000000,116.125000000000000,1
932,11826,26929,27.375000000000000,116.125000000000000,1
933,11827,26930,25.375000000000000,116.125000000000000,1
934,11842,26976,49.375000000000000,116.375000000000000,1
935,11843,26977,47.375000000000000,116.375000000000000,1
936,11844,26978,45.375000000000000,116.375000000000000,1
937,11845,26979,43.375000000000000,116.375000000000000,1
938,11846,26980,41.375000000000000,116.375000000000000,1
939,11847,26981,39.375000000000000,116.375000000000000,1
940,11848,26982,37.375000000000000,116.375000000000000,1
941,11849,26983,35.375000000000000,116.375000000000000,1
942,11850,26984,33.375000000000000,116.375000000000000,1
943,11851,26985,31.375000000000000,116.375000000000000,1
944,11852,26986,29.375000000000000,116.375000000000000,1
945,11853,26987,27.375000000000000,116.375000000000000,1
946,11854,26988,25.375000000000000,116.375000000000000,1
947,11870,27034,49.375000000000000,116.625000000000000,1
948,11871,27035,47.375000000000000,116.625000000000000,1
949,11872,27036,45.375000000000000,116.625000000000000,1
950,11873,27037,43.375000000000000,116.625000000000000,1
951,11874,27038,41.375000000000000,116.625000000000000,1
952,11875,27039,39.375000000000000,116.625000000000000,1
953,11876,27040,37.375000000000000,116.625000000000000,1
954,11877,27041,35.375000000000000,116.625000000000000,1
955,11878,27042,33.375000000000000,116.625000000000000,1
956,11879,27043,31.375000000000000,116.625000000000000,1
957,11880,27044,29.375000000000000,116.625000000000000,1
958,11881,27045,27.375000000000000,116.625000000000000,1
959,11882,27046,25.375000000000000,116.625000000000000,1
960,11898,27092,49.375000000000000,116.875000000000000,1
961,11899,27093,47.375000000000000,116.875000000000000,1
962,11900,27094,45.375000000000000,116.875000000000000,1
963,11901,27095,43.375000000000000,116.875000000000000,1
964,11902,27096,41.375000000000000,116.875000000000000,1
965,11903,27097,39.375000000000000,116.875000000000000,1
966,11904,27098,37.375000000000000,116.875000000000000,1
967,11905,27099,35.375000000000000,116.875000000000000,1
968,11906,27100,33.375000000000000,116.875000000000000,1
969,11907,27101,31.375000000000000,116.875000000000000,1
970,11908,27102,29.375000000000000,116.875000000000000,1
971,11909,27103,27.375000000000000,116.875000000000000,1
972,11910,27104,25.375000000000000,116.875000000000000,1
973,11926,27150,49.375000000000000,117.125000000000000,1
974,11927,27151,47.375000000000000,117.125000000000000,1
975,11928,27152,45.375000000000000,117.125000000000000,1
976,11929,27153,43.375000000000000,117.125000000000000,1
977,11930,27154,41.375000000000000,117.125000000000000,1
978,11931,27155,39.375000000000000,117.125000000000000,1
979,11932,27156,37.375000000000000,117.125000000000000,1
980,11933,27157,35.375000000000000,117.125000000000000,1
981,11934,27158,33.375000000000000,117.125000000000000,1
982,11935,27159,31.375000000000000,117.125000000000000,1
983,11936,27160,29.375000000000000,117.125000000000000,1
984,11937,27161,27.375000000000000,117.125000000000000,1
985,11938,27162,25.375000000000000,117.125000000000000,1
986,11954,27208,49.375000000000000,117.375000000000000,1
987,11955,27209,47.375000000000000,117.375000000000000,1
988,11956,27210,45.375000000000000,117.375000000000000,1
989,11957,27211,43.375000000000000,117.375000000000000,1
990,11958,27212,41.375000000000000,117.375000000000000,1
991,11959,27213,39.375000000000000,117.375000000000000,1
992,11960,27214,37.375000000000000,117.375000000000000,1
993,11961,27215,35.375000000000000,117.375000000000000,1
994,11962,27216,33.375000000000000,117.375000000000000,1
995,11963,27217,31.375000000000000,117.375000000000000,1
996,11964,27218,29.375000000000000,117.375000000000000,1
997,11965,27219,27.375000000000000,117.375000000000000,1
998,11966,27220,25.375000000000000,117.375000000000000,1
999,11982,27266,49.375000000000000,117.625000000000000,1
1000,11983,27267,47.375000000000000,117.625000000000000,1
1001,11984,27268,45.375000000000000,117.625000000000000,1
1002,11985,27269,43.375000000000000,117.625000000000000,1
1003,11986,27270,41.375000000000000,117.625000000000000,1
1004,11987,27271,39.375000000000000,117.625000000000000,1
1005,11988,27272,37.375000000000000,117.625000000000000,1
1006,11989,27273,35.375000000000000,117.625000000000000,1
1007,11990,27274,33.375000000000000,117.625000000000000,1
1008,11991,27275,31.375000000000000,117.625000000000000,1
1009,11992,27276,29.375000000000000,117.625000000000000,1
1010,11993,27277,27.375000000000000,117.625000000000000,1
1011,11994,27278,25.375000000000000,117.625000000000000,1
1012,12009,27324,49.375000000000000,117.875000000000000,1
1013,12010,27325,47.375000000000000,117.875000000000000,1
1014,12011,27326,45.375000000000000,117.875000000000000,1
1015,12012,27327,43.375000000000000,117.875000000000000,1
1016,12013,27328,41.375000000000000,117.875000000000000,1
1017,12014,27329,39.375000000000000,117.875000000000000,1
1018,12015,27330,37.375000000000000,117.875000000000000,1
1019,12016,27331,35.375000000000000,117.875000000000000,1
1020,12017,27332,33.375000000000000,117.875000000000000,1
1021,12018,27333,31.375000000000000,117.875000000000000,1
1022,12019,27334,29.375000000000000,117.875000000000000,1
1023,12020,27335,27.375000000000000,117.875000000000000,1
1024,12021,27336,25.375000000000000,117.875000000000000,1
1025,12035,27382,49.375000000000000,118.125000000000000,1
1026,12036,27383,47.375000000000000,118.125000000000000,1
1027,12037,27384,45.375000000000000,118.125000000000000,1
1028,12038,27385,43.375000000000000,118.125000000000000,1
1029,12039,27386,41.375000000000000,118.125000000000000,1
1030,12040,27387,39.375000000000000,118.125000000000000,1
1031,12041,27388,37.375000000000000,118.125000000000000,1
1032,12042,27389,35.375000000000000,118.125000000000000,1
1033,12043,27390,33.375000000000000,118.125000000000000,1
1034,12044,27391,31.375000000000000,118.125000000000000,1
1035,12045,27392,29.375000000000000,118.125000000000000,1
1036,12046,27393,27.375000000000000,118.125000000000000,1
1037,12047,27394,25.375000000000000,118.125000000000000,1
1038,12061,27440,49.375000000000000,118.375000000000000,1
1039,12062,27441,47.375000000000000,118.375000000000000,1
1040,12063,27442,45.375000000000000,118.375000000000000,1
1041,12064,27443,43.375000000000000,118.375000000000000,1
1042,12065,27444,41.375000000000000,118.375000000000000,1
1043,12066,27445,39.375000000000000,118.375000000000000,1
1044,12067,27446,37.375000000000000,118.375000000000000,1
1045,12068,27447,35.375000000000000,118.375000000000000,1
1046,12069,27448,33.375000000000000,118.375000000000000,1
1047,12070,27449,31.375000000000000,118.375000000000000,1
1048,12071,27450,29.375000000000000,118.375000000000000,1
1049,12072,27451,27.375000000000000,118.375000000000000,1
1050,12073,27452,25.375000000000000,118.375000000000000,1
1051,12087,27498,49.375000000000000,118.625000000000000,1
1052,12088,27499,47.375000000000000,118.625000000000000,1
1053,12089,27500,45.375000000000000,118.625000000000000,1
1054,12090,27501,43.375000000000000,118.625000000000000,1
1055,12091,27502,41.375000000000000,118.625000000000000,1
1056,12092,27503,39.375000000000000,118.625000000000000,1
1057,12093,27504,37.375000000000000,118.625000000000000,1
1058,12094,27505,35.375000000000000,118.625000000000000,1
1059,12095,27506,33.375000000000000,118.625000000000000,1
1060,12096,27507,31.375000000000000,118.625000000000000,1
1061,12097,27508,29.375000000000000,118.625000000000000,1
1062,12098,27509,27.375000000000000,118.625000000000000,1
1063,12099,27510,25.375000000000000,118.625000000000000,1
1064,12112,27556,49.375000000000000,118.875000000000000,1
1065,12113,27557,47.375000000000000,118.875000000000000,1
1066,12114,27558,45.375000000000000,118.875000000000000,1
1067,12115,27559,43.375000000000000,118.875000000000000,1
1068,12116,27560,41.375000000000000,118.875000000000000,1
1069,12117,27561,39.375000000000000,118.875000000000000,1
1070,12118,27562,37.375000000000000,118.875000000000000,1
1071,12119,27564,33.375000000000000,118.875000000000000,1
1072,12120,27565,31.375000000000000,118.875000000000000,1
1073,12121,27566,29.375000000000000,118.875000000000000,1
1074,12122,27567,27.375000000000000,118.875000000000000,1
1075,12135,27614,49.375000000000000,119.125000000000000,1
1076,12136,27615,47.375000000000000,119.125000000000000,1
1077,12137,27616,45.375000000000000,119.125000000000000,1
1078,12138,27617,43.375000000000000,119.125000000000000,1
1079,12139,27618,41.375000000000000,119.125000000000000,1
1080,12140,27619,39.375000000000000,119.125000000000000,1
1081,12141,27622,33.375000000000000,119.125000000000000,1
1082,12142,27623,31.375000000000000,119.125000000000000,1
1083,12143,27624,29.375000000000000,119.125000000000000,1
1084,12144,27625,27.375000000000000,119.125000000000000,1
1085,12158,27672,49.375000000000000,119.375000000000000,1
1086,12159,27673,47.375000000000000,119.375000000000000,1
1087,12160,27674,45.375000000000000,119.375000000000000,1
1088,12161,27675,43.375000000000000,119.375000000000000,1
1089,12162,27676,41.375000000000000,119.375000000000000,1
1090,12163,27680,33.375000000000000,119.375000000000000,1
1091,12164,27681,31.375000000000000,119.375000000000000,1
1092,12165,27682,29.375000000000000,119.375000000000000,1
1093,12166,27683,27.375000000000000,119.375000000000000,1
1094,12180,27730,49.375000000000000,119.625000000000000,1
1095,12181,27731,47.375000000000000,119.625000000000000,1
1096,12182,27732,45.375000000000000,119.625000000000000,1
1097,12183,27733,43.375000000000000,119.625000000000000,1
1098,12184,27734,41.375000000000000,119.625000000000000,1
1099,12185,27738,33.375000000000000,119.625000000000000,1
1100,12186,27739,31.375000000000000,119.625000000000000,1
1101,12187,27740,29.375000000000000,119.625000000000000,1
1102,12188,27741,27.375000000000000,119.625000000000000,1
1103,12203,27788,49.375000000000000,119.875000000000000,1
1104,12204,27789,47.375000000000000,119.875000000000000,1
1105,12205,27790,45.375000000000000,119.875000000000000,1
1106,12206,27791,43.375000000000000,119.875000000000000,1
1107,12207,27792,41.375000000000000,119.875000000000000,1
1108,12208,27796,33.375000000000000,119.875000000000000,1
1109,12209,27797,31.375000000000000,119.875000000000000,1
1110,12210,27798,29.375000000000000,119.875000000000000,1
1111,12211,27799,27.375000000000000,119.875000000000000,1
1112,12226,27846,49.375000000000000,120.125000000000000,1
1113,12227,27847,47.375000000000000,120.125000000000000,1
1114,12228,27848,45.375000000000000,120.125000000000000,1
1115,12229,27849,43.375000000000000,120.125000000000000,1
1116,12230,27850,41.375000000000000,120.125000000000000,1
1117,12231,27852,37.375000000000000,120.125000000000000,1
1118,12232,27854,33.375000000000000,120.125000000000000,1
1119,12233,27855,31.375000000000000,120.125000000000000,1
1120,12234,27856,29.375000000000000,120.125000000000000,1
1121,12235,27857,27.375000000000000,120.125000000000000,1
1122,12250,27904,49.375000000000000,120.375000000000000,1
1123,12251,27905,47.375000000000000,120.375000000000000,1
1124,12252,27906,45.375000000000000,120.375000000000000,1
1125,12253,27907,43.375000000000000,120.375000000000000,1
1126,12254,27908,41.375000000000000,120.375000000000000,1
1127,12255,27910,37.375000000000000,120.375000000000000,1
1128,12256,27912,33.375000000000000,120.375000000000000,1
1129,12257,27913,31.375000000000000,120.375000000000000,1
1130,12258,27914,29.375000000000000,120.375000000000000,1
1131,12259,27915,27.375000000000000,120.375000000000000,1
1132,12274,27962,49.375000000000000,120.625000000000000,1
1133,12275,27963,47.375000000000000,120.625000000000000,1
1134,12276,27964,45.375000000000000,120.625000000000000,1
1135,12277,27965,43.375000000000000,120.625000000000000,1
1136,12278,27966,41.375000000000000,120.625000000000000,1
1137,12279,27968,37.375000000000000,120.625000000000000,1
1138,12280,27970,33.375000000000000,120.625000000000000,1
1139,12281,27971,31.375000000000000,120.625000000000000,1
1140,12282,27972,29.375000000000000,120.625000000000000,1
1141,12283,27973,27.375000000000000,120.625000000000000,1
1142,12297,28020,49.375000000000000,120.875000000000000,1
1143,12298,28021,47.375000000000000,120.875000000000000,1
1144,12299,28022,45.375000000000000,120.875000000000000,1
1145,12300,28023,43.375000000000000,120.875000000000000,1
1146,12301,28024,41.375000000000000,120.875000000000000,1
1147,12302,28026,37.375000000000000,120.875000000000000,1
1148,12303,28029,31.375000000000000,120.875000000000000,1
1149,12304,28030,29.375000000000000,120.875000000000000,1
1150,12318,28078,49.375000000000000,121.125000000000000,1
1151,12319,28079,47.375000000000000,121.125000000000000,1
1152,12320,28080,45.375000000000000,121.125000000000000,1
1153,12321,28081,43.375000000000000,121.125000000000000,1
1154,12322,28082,41.375000000000000,121.125000000000000,1
1155,12323,28084,37.375000000000000,121.125000000000000,1
1156,12324,28087,31.375000000000000,121.125000000000000,1
1157,12325,28088,29.375000000000000,121.125000000000000,1
1158,12339,28136,49.375000000000000,121.375000000000000,1
1159,12340,28137,47.375000000000000,121.375000000000000,1
1160,12341,28138,45.375000000000000,121.375000000000000,1
1161,12342,28139,43.375000000000000,121.375000000000000,1
1162,12343,28140,41.375000000000000,121.375000000000000,1
1163,12344,28141,39.375000000000000,121.375000000000000,1
1164,12357,28194,49.375000000000000,121.625000000000000,1
1165,12358,28195,47.375000000000000,121.625000000000000,1
1166,12359,28196,45.375000000000000,121.625000000000000,1
1167,12360,28197,43.375000000000000,121.625000000000000,1
1168,12361,28198,41.375000000000000,121.625000000000000,1
1169,12362,28199,39.375000000000000,121.625000000000000,1
1170,12376,28252,49.375000000000000,121.875000000000000,1
1171,12377,28253,47.375000000000000,121.875000000000000,1
1172,12378,28254,45.375000000000000,121.875000000000000,1
1173,12379,28255,43.375000000000000,121.875000000000000,1
1174,12380,28256,41.375000000000000,121.875000000000000,1
1175,12381,28257,39.375000000000000,121.875000000000000,1
1176,12396,28310,49.375000000000000,122.125000000000000,1
1177,12397,28311,47.375000000000000,122.125000000000000,1
1178,12398,28312,45.375000000000000,122.125000000000000,1
1179,12399,28313,43.375000000000000,122.125000000000000,1
1180,12400,28314,41.375000000000000,122.125000000000000,1
1181,12401,28315,39.375000000000000,122.125000000000000,1
1182,12415,28368,49.375000000000000,122.375000000000000,1
1183,12416,28369,47.375000000000000,122.375000000000000,1
1184,12417,28370,45.375000000000000,122.375000000000000,1
1185,12418,28371,43.375000000000000,122.375000000000000,1
1186,12419,28372,41.375000000000000,122.375000000000000,1
1187,12433,28426,49.375000000000000,122.625000000000000,1
1188,12434,28427,47.375000000000000,122.625000000000000,1
1189,12435,28428,45.375000000000000,122.625000000000000,1
1190,12436,28429,43.375000000000000,122.625000000000000,1
1191,12437,28430,41.375000000000000,122.625000000000000,1
1192,12451,28484,49.375000000000000,122.875000000000000,1
1193,12452,28485,47.375000000000000,122.875000000000000,1
1194,12453,28486,45.375000000000000,122.875000000000000,1
1195,12454,28487,43.375000000000000,122.875000000000000,1
1196,12455,28488,41.375000000000000,122.875000000000000,1
1197,12472,28542,49.375000000000000,123.125000000000000,1
1198,12473,28543,47.375000000000000,123.125000000000000,1
1199,12474,28544,45.375000000000000,123.125000000000000,1
1200,12475,28545,43.375000000000000,123.125000000000000,1
1201,12476,28546,41.375000000000000,123.125000000000000,1
1202,12492,28600,49.375000000000000,123.375000000000000,1
1203,12493,28601,47.375000000000000,123.375000000000000,1
1204,12494,28602,45.375000000000000,123.375000000000000,1
1205,12495,28603,43.375000000000000,123.375000000000000,1
1206,12496,28604,41.375000000000000,123.375000000000000,1
1207,12510,28658,49.375000000000000,123.625000000000000,1
1208,12511,28659,47.375000000000000,123.625000000000000,1
1209,12512,28660,45.375000000000000,123.625000000000000,1
1210,12513,28661,43.375000000000000,123.625000000000000,1
1211,12514,28662,41.375000000000000,123.625000000000000,1
1212,12529,28716,49.375000000000000,123.875000000000000,1
1213,12530,28717,47.375000000000000,123.875000000000000,1
1214,12531,28718,45.375000000000000,123.875000000000000,1
1215,12532,28719,43.375000000000000,123.875000000000000,1
1216,12533,28720,41.375000000000000,123.875000000000000,1
1217,12548,28774,49.375000000000000,124.125000000000000,1
1218,12549,28775,47.375000000000000,124.125000000000000,1
1219,12550,28776,45.375000000000000,124.125000000000000,1
1220,12551,28777,43.375000000000000,124.125000000000000,1
1221,12552,28778,41.375000000000000,124.125000000000000,1
1222,12567,28832,49.375000000000000,124.375000000000000,1
1223,12568,28833,47.375000000000000,124.375000000000000,1
1224,12569,28834,45.375000000000000,124.375000000000000,1
1225,12570,28835,43.375000000000000,124.375000000000000,1
1226,12571,28836,41.375000000000000,124.375000000000000,1
1227,12587,28890,49.375000000000000,124.625000000000000,1
1228,12588,28891,47.375000000000000,124.625000000000000,1
1229,12589,28892,45.375000000000000,124.625000000000000,1
1230,12590,28893,43.375000000000000,124.625000000000000,1
1231,12591,28894,41.375000000000000,124.625000000000000,1
1232,12607,28948,49.375000000000000,124.875000000000000,1
1233,12608,28949,47.375000000000000,124.875000000000000,1
1234,12609,28950,45.375000000000000,124.875000000000000,1
1235,12610,28951,43.375000000000000,124.875000000000000,1
1236,12611,28952,41.375000000000000,124.875000000000000,1
1237,12627,29006,49.375000000000000,125.125000000000000,1
1238,12628,29007,47.375000000000000,125.125000000000000,1
1239,12629,29008,45.375000000000000,125.125000000000000,1
1240,12630,29009,43.375000000000000,125.125000000000000,1
1241,12631,29010,41.375000000000000,125.125000000000000,1
1242,12648,29064,49.375000000000000,125.375000000000000,1
1243,12649,29065,47.375000000000000,125.375000000000000,1
1244,12650,29066,45.375000000000000,125.375000000000000,1
1245,12651,29067,43.375000000000000,125.375000000000000,1
1246,12652,29068,41.375000000000000,125.375000000000000,1
1247,12668,29122,49.375000000000000,125.625000000000000,1
1248,12669,29123,47.375000000000000,125.625000000000000,1
1249,12670,29124,45.375000000000000,125.625000000000000,1
1250,12671,29125,43.375000000000000,125.625000000000000,1
1251,12672,29126,41.375000000000000,125.625000000000000,1
1252,12673,29127,39.375000000000000,125.625000000000000,1
1253,12689,29180,49.375000000000000,125.875000000000000,1
1254,12690,29181,47.375000000000000,125.875000000000000,1
1255,12691,29182,45.375000000000000,125.875000000000000,1
1256,12692,29183,43.375000000000000,125.875000000000000,1
1257,12693,29184,41.375000000000000,125.875000000000000,1
1258,12694,29185,39.375000000000000,125.875000000000000,1
1259,12709,29238,49.375000000000000,126.125000000000000,1
1260,12710,29239,47.375000000000000,126.125000000000000,1
1261,12711,29240,45.375000000000000,126.125000000000000,1
1262,12712,29241,43.375000000000000,126.125000000000000,1
1263,12713,29242,41.375000000000000,126.125000000000000,1
1264,12714,29243,39.375000000000000,126.125000000000000,1
1265,12730,29296,49.375000000000000,126.375000000000000,1
1266,12731,29297,47.375000000000000,126.375000000000000,1
1267,12732,29298,45.375000000000000,126.375000000000000,1
1268,12733,29299,43.375000000000000,126.375000000000000,1
1269,12734,29300,41.375000000000000,126.375000000000000,1
1270,12735,29301,39.375000000000000,126.375000000000000,1
1271,12750,29354,49.375000000000000,126.625000000000000,1
1272,12751,29355,47.375000000000000,126.625000000000000,1
1273,12752,29356,45.375000000000000,126.625000000000000,1
1274,12753,29357,43.375000000000000,126.625000000000000,1
1275,12754,29358,41.375000000000000,126.625000000000000,1
1276,12755,29359,39.375000000000000,126.625000000000000,1
1277,12756,29361,35.375000000000000,126.625000000000000,1
1278,12771,29412,49.375000000000000,126.875000000000000,1
1279,12772,29413,47.375000000000000,126.875000000000000,1
1280,12773,29414,45.375000000000000,126.875000000000000,1
1281,12774,29415,43.375000000000000,126.875000000000000,1
1282,12775,29416,41.375000000000000,126.875000000000000,1
1283,12776,29417,39.375000000000000,126.875000000000000,1
1284,12777,29418,37.375000000000000,126.875000000000000,1
1285,12778,29419,35.375000000000000,126.875000000000000,1
1286,12793,29470,49.375000000000000,127.125000000000000,1
1287,12794,29471,47.375000000000000,127.125000000000000,1
1288,12795,29472,45.375000000000000,127.125000000000000,1
1289,12796,29473,43.375000000000000,127.125000000000000,1
1290,12797,29474,41.375000000000000,127.125000000000000,1
1291,12798,29475,39.375000000000000,127.125000000000000,1
1292,12799,29476,37.375000000000000,127.125000000000000,1
1293,12800,29477,35.375000000000000,127.125000000000000,1
1294,12815,29528,49.375000000000000,127.375000000000000,1
1295,12816,29529,47.375000000000000,127.375000000000000,1
1296,12817,29530,45.375000000000000,127.375000000000000,1
1297,12818,29531,43.375000000000000,127.375000000000000,1
1298,12819,29532,41.375000000000000,127.375000000000000,1
1299,12820,29533,39.375000000000000,127.375000000000000,1
1300,12821,29534,37.375000000000000,127.375000000000000,1
1301,12822,29535,35.375000000000000,127.375000000000000,1
1302,12837,29586,49.375000000000000,127.625000000000000,1
1303,12838,29587,47.375000000000000,127.625000000000000,1
1304,12839,29588,45.375000000000000,127.625000000000000,1
1305,12840,29589,43.375000000000000,127.625000000000000,1
1306,12841,29590,41.375000000000000,127.625000000000000,1
1307,12842,29592,37.375000000000000,127.625000000000000,1
1308,12843,29593,35.375000000000000,127.625000000000000,1
1309,12858,29644,49.375000000000000,127.875000000000000,1
1310,12859,29645,47.375000000000000,127.875000000000000,1
1311,12860,29646,45.375000000000000,127.875000000000000,1
1312,12861,29647,43.375000000000000,127.875000000000000,1
1313,12862,29648,41.375000000000000,127.875000000000000,1
1314,12863,29650,37.375000000000000,127.875000000000000,1
1315,12864,29651,35.375000000000000,127.875000000000000,1
1316,12879,29702,49.375000000000000,128.125000000000000,1
1317,12880,29703,47.375000000000000,128.125000000000000,1
1318,12881,29704,45.375000000000000,128.125000000000000,1
1319,12882,29705,43.375000000000000,128.125000000000000,1
1320,12883,29706,41.375000000000000,128.125000000000000,1
1321,12884,29708,37.375000000000000,128.125000000000000,1
1322,12885,29709,35.375000000000000,128.125000000000000,1
1323,12899,29760,49.375000000000000,128.375000000000000,1
1324,12900,29761,47.375000000000000,128.375000000000000,1
1325,12901,29762,45.375000000000000,128.375000000000000,1
1326,12902,29763,43.375000000000000,128.375000000000000,1
1327,12903,29764,41.375000000000000,128.375000000000000,1
1328,12904,29766,37.375000000000000,128.375000000000000,1
1329,12905,29767,35.375000000000000,128.375000000000000,1
1330,12919,29818,49.375000000000000,128.625000000000000,1
1331,12920,29819,47.375000000000000,128.625000000000000,1
1332,12921,29820,45.375000000000000,128.625000000000000,1
1333,12922,29821,43.375000000000000,128.625000000000000,1
1334,12923,29822,41.375000000000000,128.625000000000000,1
1335,12924,29824,37.375000000000000,128.625000000000000,1
1336,12925,29825,35.375000000000000,128.625000000000000,1
1337,12939,29876,49.375000000000000,128.875000000000000,1
1338,12940,29877,47.375000000000000,128.875000000000000,1
1339,12941,29878,45.375000000000000,128.875000000000000,1
1340,12942,29879,43.375000000000000,128.875000000000000,1
1341,12943,29880,41.375000000000000,128.875000000000000,1
1342,12957,29934,49.375000000000000,129.125000000000000,1
1343,12958,29935,47.375000000000000,129.125000000000000,1
1344,12959,29936,45.375000000000000,129.125000000000000,1
1345,12960,29937,43.375000000000000,129.125000000000000,1
1346,12961,29938,41.375000000000000,129.125000000000000,1
1347,12975,29992,49.375000000000000,129.375000000000000,1
1348,12976,29993,47.375000000000000,129.375000000000000,1
1349,12977,29994,45.375000000000000,129.375000000000000,1
1350,12978,29995,43.375000000000000,129.375000000000000,1
1351,12979,29996,41.375000000000000,129.375000000000000,1
1352,12993,30050,49.375000000000000,129.625000000000000,1
1353,12994,30051,47.375000000000000,129.625000000000000,1
1354,12995,30052,45.375000000000000,129.625000000000000,1
1355,12996,30053,43.375000000000000,129.625000000000000,1
1356,12997,30054,41.375000000000000,129.625000000000000,1
1357,13012,30108,49.375000000000000,129.875000000000000,1
1358,13013,30109,47.375000000000000,129.875000000000000,1
1359,13014,30110,45.375000000000000,129.875000000000000,1
1360,13015,30111,43.375000000000000,129.875000000000000,1
1361,13030,30166,49.375000000000000,130.125000000000000,1
1362,13031,30167,47.375000000000000,130.125000000000000,1
1363,13032,30168,45.375000000000000,130.125000000000000,1
1364,13033,30169,43.375000000000000,130.125000000000000,1
1365,13034,30174,33.375000000000000,130.125000000000000,1
1366,13049,30224,49.375000000000000,130.375000000000000,1
1367,13050,30225,47.375000000000000,130.375000000000000,1
1368,13051,30226,45.375000000000000,130.375000000000000,1
1369,13052,30227,43.375000000000000,130.375000000000000,1
1370,13053,30232,33.375000000000000,130.375000000000000,1
1371,13054,30233,31.375000000000000,130.375000000000000,1
1372,13069,30282,49.375000000000000,130.625000000000000,1
1373,13070,30283,47.375000000000000,130.625000000000000,1
1374,13071,30284,45.375000000000000,130.625000000000000,1
1375,13072,30285,43.375000000000000,130.625000000000000,1
1376,13073,30290,33.375000000000000,130.625000000000000,1
1377,13088,30340,49.375000000000000,130.875000000000000,1
1378,13089,30341,47.375000000000000,130.875000000000000,1
1379,13090,30342,45.375000000000000,130.875000000000000,1
1380,13091,30343,43.375000000000000,130.875000000000000,1
1381,13092,30348,33.375000000000000,130.875000000000000,1
1382,13093,30349,31.375000000000000,130.875000000000000,1
1383,13108,30398,49.375000000000000,131.125000000000000,1
1384,13109,30399,47.375000000000000,131.125000000000000,1
1385,13110,30400,45.375000000000000,131.125000000000000,1
1386,13111,30401,43.375000000000000,131.125000000000000,1
1387,13112,30406,33.375000000000000,131.125000000000000,1
1388,13127,30456,49.375000000000000,131.375000000000000,1
1389,13128,30457,47.375000000000000,131.375000000000000,1
1390,13129,30458,45.375000000000000,131.375000000000000,1
1391,13145,30514,49.375000000000000,131.625000000000000,1
1392,13146,30515,47.375000000000000,131.625000000000000,1
1393,13147,30516,45.375000000000000,131.625000000000000,1
1394,13163,30572,49.375000000000000,131.875000000000000,1
1395,13164,30573,47.375000000000000,131.875000000000000,1
1396,13165,30574,45.375000000000000,131.875000000000000,1
1397,13181,30630,49.375000000000000,132.125000000000000,1
1398,13182,30631,47.375000000000000,132.125000000000000,1
1399,13183,30632,45.375000000000000,132.125000000000000,1
1400,13199,30688,49.375000000000000,132.375000000000000,1
1401,13200,30689,47.375000000000000,132.375000000000000,1
1402,13201,30690,45.375000000000000,132.375000000000000,1
1403,13217,30746,49.375000000000000,132.625000000000000,1
1404,13218,30747,47.375000000000000,132.625000000000000,1
1405,13219,30748,45.375000000000000,132.625000000000000,1
1406,13235,30804,49.375000000000000,132.875000000000000,1
1407,13236,30805,47.375000000000000,132.875000000000000,1
1408,13237,30806,45.375000000000000,132.875000000000000,1
1409,13238,30811,35.375000000000000,132.875000000000000,1
1410,13254,30862,49.375000000000000,133.125000000000000,1
1411,13255,30863,47.375000000000000,133.125000000000000,1
1412,13256,30864,45.375000000000000,133.125000000000000,1
1413,13257,30869,35.375000000000000,133.125000000000000,1
1414,13273,30920,49.375000000000000,133.375000000000000,1
1415,13274,30921,47.375000000000000,133.375000000000000,1
1416,13275,30922,45.375000000000000,133.375000000000000,1
1417,13276,30927,35.375000000000000,133.375000000000000,1
1418,13292,30978,49.375000000000000,133.625000000000000,1
1419,13293,30979,47.375000000000000,133.625000000000000,1
1420,13294,30980,45.375000000000000,133.625000000000000,1
1421,13295,30985,35.375000000000000,133.625000000000000,1
1422,13311,31036,49.375000000000000,133.875000000000000,1
1423,13312,31037,47.375000000000000,133.875000000000000,1
1424,13313,31038,45.375000000000000,133.875000000000000,1
1425,13314,31043,35.375000000000000,133.875000000000000,1
1426,13330,31094,49.375000000000000,134.125000000000000,1
1427,13331,31095,47.375000000000000,134.125000000000000,1
1428,13332,31096,45.375000000000000,134.125000000000000,1
1429,13333,31101,35.375000000000000,134.125000000000000,1
1430,13349,31152,49.375000000000000,134.375000000000000,1
1431,13350,31153,47.375000000000000,134.375000000000000,1
1432,13351,31154,45.375000000000000,134.375000000000000,1
1433,13352,31159,35.375000000000000,134.375000000000000,1
1434,13369,31210,49.375000000000000,134.625000000000000,1
1435,13370,31211,47.375000000000000,134.625000000000000,1
1436,13371,31212,45.375000000000000,134.625000000000000,1
1437,13372,31217,35.375000000000000,134.625000000000000,1
1438,13389,31268,49.375000000000000,134.875000000000000,1
1439,13390,31269,47.375000000000000,134.875000000000000,1
1440,13391,31270,45.375000000000000,134.875000000000000,1
1441,13392,31275,35.375000000000000,134.875000000000000,1
1442,13409,31326,49.375000000000000,135.125000000000000,1
1443,13410,31327,47.375000000000000,135.125000000000000,1
1444,13411,31328,45.375000000000000,135.125000000000000,1
1445,13412,31333,35.375000000000000,135.125000000000000,1
1446,13429,31384,49.375000000000000,135.375000000000000,1
1447,13430,31385,47.375000000000000,135.375000000000000,1
1448,13431,31386,45.375000000000000,135.375000000000000,1
1449,13432,31391,35.375000000000000,135.375000000000000,1
1450,13449,31442,49.375000000000000,135.625000000000000,1
1451,13450,31443,47.375000000000000,135.625000000000000,1
1452,13451,31444,45.375000000000000,135.625000000000000,1
1453,13452,31449,35.375000000000000,135.625000000000000,1
1454,13468,31500,49.375000000000000,135.875000000000000,1
1455,13469,31501,47.375000000000000,135.875000000000000,1
1456,13470,31502,45.375000000000000,135.875000000000000,1
1457,13471,31507,35.375000000000000,135.875000000000000,1
1458,13487,31558,49.375000000000000,136.125000000000000,1
1459,13488,31559,47.375000000000000,136.125000000000000,1
1460,13489,31560,45.375000000000000,136.125000000000000,1
1461,13490,31565,35.375000000000000,136.125000000000000,1
1462,13505,31616,49.375000000000000,136.375000000000000,1
1463,13506,31617,47.375000000000000,136.375000000000000,1
1464,13507,31623,35.375000000000000,136.375000000000000,1
1465,13522,31674,49.375000000000000,136.625000000000000,1
1466,13523,31675,47.375000000000000,136.625000000000000,1
1467,13524,31681,35.375000000000000,136.625000000000000,1
1468,13539,31732,49.375000000000000,136.875000000000000,1
1469,13540,31733,47.375000000000000,136.875000000000000,1
1470,13541,31739,35.375000000000000,136.875000000000000,1
1471,13556,31790,49.375000000000000,137.125000000000000,1
1472,13557,31791,47.375000000000000,137.125000000000000,1
1473,13558,31797,35.375000000000000,137.125000000000000,1
1474,13573,31848,49.375000000000000,137.375000000000000,1
1475,13574,31849,47.375000000000000,137.375000000000000,1
1476,13575,31855,35.375000000000000,137.375000000000000,1
1477,13590,31906,49.375000000000000,137.625000000000000,1
1478,13591,31907,47.375000000000000,137.625000000000000,1
1479,13592,31913,35.375000000000000,137.625000000000000,1
1480,13607,31964,49.375000000000000,137.875000000000000,1
1481,13608,31965,47.375000000000000,137.875000000000000,1
1482,13609,31971,35.375000000000000,137.875000000000000,1
1483,13624,32022,49.375000000000000,138.125000000000000,1
1484,13625,32023,47.375000000000000,138.125000000000000,1
1485,13626,32029,35.375000000000000,138.125000000000000,1
1486,13640,32080,49.375000000000000,138.375000000000000,1
1487,13641,32081,47.375000000000000,138.375000000000000,1
1488,13642,32087,35.375000000000000,138.375000000000000,1
1489,13656,32138,49.375000000000000,138.625000000000000,1
1490,13657,32139,47.375000000000000,138.625000000000000,1
1491,13658,32145,35.375000000000000,138.625000000000000,1
1492,13671,32196,49.375000000000000,138.875000000000000,1
1493,13672,32202,37.375000000000000,138.875000000000000,1
1494,13687,32254,49.375000000000000,139.125000000000000,1
1495,13688,32260,37.375000000000000,139.125000000000000,1
1496,13703,32312,49.375000000000000,139.375000000000000,1
1497,13704,32318,37.375000000000000,139.375000000000000,1
1498,13719,32370,49.375000000000000,139.625000000000000,1
1499,13720,32376,37.375000000000000,139.625000000000000,1
1500,13735,32428,49.375000000000000,139.875000000000000,1
1501,13736,32434,37.375000000000000,139.875000000000000,1
1502,13751,32486,49.375000000000000,140.125000000000000,1
1503,13752,32492,37.375000000000000,140.125000000000000,1
1504,13767,32544,49.375000000000000,140.375000000000000,1
1505,13768,32550,37.375000000000000,140.375000000000000,1
1506,13783,32608,37.375000000000000,140.625000000000000,1
1507,13798,32666,37.375000000000000,140.875000000000000,1
1508,13857,32894,45.375000000000000,141.875000000000000,1
1509,13877,32950,49.375000000000000,142.125000000000000,1
1510,13878,32951,47.375000000000000,142.125000000000000,1
1511,13897,33008,49.375000000000000,142.375000000000000,1
1512,13898,33009,47.375000000000000,142.375000000000000,1
1513,13918,33066,49.375000000000000,142.625000000000000,1
1514,13919,33067,47.375000000000000,142.625000000000000,1
1515,13939,33124,49.375000000000000,142.875000000000000,1
1516,13940,33125,47.375000000000000,142.875000000000000,1
1517,13960,33182,49.375000000000000,143.125000000000000,1
1518,13997,33298,49.375000000000000,143.625000000000000,1