FID,OBJECTID,field,Var1,Var2,value
0,17103,63806,49.375000000000000,-84.875000000000000,1
1,17104,63808,45.375000000000000,-84.875000000000000,1
2,17105,63809,43.375000000000000,-84.875000000000000,1
3,17106,63810,41.375000000000000,-84.875000000000000,1
4,17107,63811,39.375000000000000,-84.875000000000000,1
5,17108,63812,37.375000000000000,-84.875000000000000,1
6,17109,63813,35.375000000000000,-84.875000000000000,1
7,17110,63814,33.375000000000000,-84.875000000000000,1
8,17111,63815,31.375000000000000,-84.875000000000000,1
9,17118,63864,49.375000000000000,-84.625000000000000,1
10,17119,63866,45.375000000000000,-84.625000000000000,1
11,17120,63867,43.375000000000000,-84.625000000000000,1
12,17121,63868,41.375000000000000,-84.625000000000000,1
13,17122,63869,39.375000000000000,-84.625000000000000,1
14,17123,63870,37.375000000000000,-84.625000000000000,1
15,17124,63871,35.375000000000000,-84.625000000000000,1
16,17125,63872,33.375000000000000,-84.625000000000000,1
17,17126,63873,31.375000000000000,-84.625000000000000,1
18,17133,63922,49.375000000000000,-84.375000000000000,1
19,17134,63924,45.375000000000000,-84.375000000000000,1
20,17135,63925,43.375000000000000,-84.375000000000000,1
21,17136,63926,41.375000000000000,-84.375000000000000,1
22,17137,63927,39.375000000000000,-84.375000000000000,1
23,17138,63928,37.375000000000000,-84.375000000000000,1
24,17139,63929,35.375000000000000,-84.375000000000000,1
25,17140,63930,33.375000000000000,-84.375000000000000,1
26,17141,63931,31.375000000000000,-84.375000000000000,1
27,17148,63980,49.375000000000000,-84.125000000000000,1
28,17149,63982,45.375000000000000,-84.125000000000000,1
29,17150,63983,43.375000000000000,-84.125000000000000,1
30,17151,63984,41.375000000000000,-84.125000000000000,1
31,17152,63985,39.375000000000000,-84.125000000000000,1
32,17153,63986,37.375000000000000,-84.125000000000000,1
33,17154,63987,35.375000000000000,-84.125000000000000,1
34,17155,63988,33.375000000000000,-84.125000000000000,1
35,17156,63989,31.375000000000000,-84.125000000000000,1
36,17163,64038,49.375000000000000,-83.875000000000000,1
37,17164,64040,45.375000000000000,-83.875000000000000,1
38,17165,64041,43.375000000000000,-83.875000000000000,1
39,17166,64042,41.375000000000000,-83.875000000000000,1
40,17167,64043,39.375000000000000,-83.875000000000000,1
41,17168,64044,37.375000000000000,-83.875000000000000,1
42,17169,64045,35.375000000000000,-83.875000000000000,1
43,17170,64046,33.375000000000000,-83.875000000000000,1
44,17171,64047,31.375000000000000,-83.875000000000000,1
45,17177,64096,49.375000000000000,-83.625000000000000,1
46,17178,64097,47.375000000000000,-83.625000000000000,1
47,17179,64101,39.375000000000000,-83.625000000000000,1
48,17180,64102,37.375000000000000,-83.625000000000000,1
49,17181,64103,35.375000000000000,-83.625000000000000,1
50,17182,64104,33.375000000000000,-83.625000000000000,1
51,17183,64105,31.375000000000000,-83.625000000000000,1
52,17186,64154,49.375000000000000,-83.375000000000000,1
53,17187,64155,47.375000000000000,-83.375000000000000,1
54,17188,64159,39.375000000000000,-83.375000000000000,1
55,17189,64160,37.375000000000000,-83.375000000000000,1
56,17190,64161,35.375000000000000,-83.375000000000000,1
57,17191,64162,33.375000000000000,-83.375000000000000,1
58,17192,64163,31.375000000000000,-83.375000000000000,1
59,17195,64212,49.375000000000000,-83.125000000000000,1
60,17196,64213,47.375000000000000,-83.125000000000000,1
61,17197,64217,39.375000000000000,-83.125000000000000,1
62,17198,64218,37.375000000000000,-83.125000000000000,1
63,17199,64219,35.375000000000000,-83.125000000000000,1
64,17200,64220,33.375000000000000,-83.125000000000000,1
65,17201,64221,31.375000000000000,-83.125000000000000,1
66,17202,64222,29.375000000000000,-83.125000000000000,1
67,17205,64270,49.375000000000000,-82.875000000000000,1
68,17206,64271,47.375000000000000,-82.875000000000000,1
69,17207,64275,39.375000000000000,-82.875000000000000,1
70,17208,64276,37.375000000000000,-82.875000000000000,1
71,17209,64277,35.375000000000000,-82.875000000000000,1
72,17210,64278,33.375000000000000,-82.875000000000000,1
73,17211,64279,31.375000000000000,-82.875000000000000,1
74,17212,64280,29.375000000000000,-82.875000000000000,1
75,17215,64328,49.375000000000000,-82.625000000000000,1
76,17216,64329,47.375000000000000,-82.625000000000000,1
77,17217,64333,39.375000000000000,-82.625000000000000,1
78,17218,64334,37.375000000000000,-82.625000000000000,1
79,17219,64335,35.375000000000000,-82.625000000000000,1
80,17220,64336,33.375000000000000,-82.625000000000000,1
81,17221,64337,31.375000000000000,-82.625000000000000,1
82,17222,64338,29.375000000000000,-82.625000000000000,1
83,17225,64386,49.375000000000000,-82.375000000000000,1
84,17226,64387,47.375000000000000,-82.375000000000000,1
85,17227,64391,39.375000000000000,-82.375000000000000,1
86,17228,64392,37.375000000000000,-82.375000000000000,1
87,17229,64393,35.375000000000000,-82.375000000000000,1
88,17230,64394,33.375000000000000,-82.375000000000000,1
89,17231,64395,31.375000000000000,-82.375000000000000,1
90,17232,64396,29.375000000000000,-82.375000000000000,1
91,17233,64397,27.375000000000000,-82.375000000000000,1
92,17235,64444,49.375000000000000,-82.125000000000000,1
93,17236,64445,47.375000000000000,-82.125000000000000,1
94,17237,64449,39.375000000000000,-82.125000000000000,1
95,17238,64450,37.375000000000000,-82.125000000000000,1
96,17239,64451,35.375000000000000,-82.125000000000000,1
97,17240,64452,33.375000000000000,-82.125000000000000,1
98,17241,64453,31.375000000000000,-82.125000000000000,1
99,17242,64454,29.375000000000000,-82.125000000000000,1
100,17243,64455,27.375000000000000,-82.125000000000000,1
101,17245,64502,49.375000000000000,-81.875000000000000,1
102,17246,64503,47.375000000000000,-81.875000000000000,1
103,17247,64507,39.375000000000000,-81.875000000000000,1
104,17248,64508,37.375000000000000,-81.875000000000000,1
105,17249,64509,35.375000000000000,-81.875000000000000,1
106,17250,64510,33.375000000000000,-81.875000000000000,1
107,17251,64511,31.375000000000000,-81.875000000000000,1
108,17252,64512,29.375000000000000,-81.875000000000000,1
109,17253,64513,27.375000000000000,-81.875000000000000,1
110,17255,64560,49.375000000000000,-81.625000000000000,1
111,17256,64561,47.375000000000000,-81.625000000000000,1
112,17257,64565,39.375000000000000,-81.625000000000000,1
113,17258,64566,37.375000000000000,-81.625000000000000,1
114,17259,64567,35.375000000000000,-81.625000000000000,1
115,17260,64568,33.375000000000000,-81.625000000000000,1
116,17261,64569,31.375000000000000,-81.625000000000000,1
117,17262,64570,29.375000000000000,-81.625000000000000,1
118,17263,64571,27.375000000000000,-81.625000000000000,1
119,17265,64618,49.375000000000000,-81.375000000000000,1
120,17266,64619,47.375000000000000,-81.375000000000000,1
121,17267,64623,39.375000000000000,-81.375000000000000,1
122,17268,64624,37.375000000000000,-81.375000000000000,1
123,17269,64625,35.375000000000000,-81.375000000000000,1
124,17270,64626,33.375000000000000,-81.375000000000000,1
125,17271,64627,31.375000000000000,-81.375000000000000,1
126,17272,64628,29.375000000000000,-81.375000000000000,1
127,17273,64629,27.375000000000000,-81.375000000000000,1
128,17274,64676,49.375000000000000,-81.125000000000000,1
129,17275,64677,47.375000000000000,-81.125000000000000,1
130,17276,64678,45.375000000000000,-81.125000000000000,1
131,17277,64679,43.375000000000000,-81.125000000000000,1
132,17278,64680,41.375000000000000,-81.125000000000000,1
133,17279,64681,39.375000000000000,-81.125000000000000,1
134,17280,64682,37.375000000000000,-81.125000000000000,1
135,17281,64683,35.375000000000000,-81.125000000000000,1
136,17285,64734,49.375000000000000,-80.875000000000000,1
137,17286,64735,47.375000000000000,-80.875000000000000,1
138,17287,64736,45.375000000000000,-80.875000000000000,1
139,17288,64737,43.375000000000000,-80.875000000000000,1
140,17289,64738,41.375000000000000,-80.875000000000000,1
141,17290,64739,39.375000000000000,-80.875000000000000,1
142,17291,64740,37.375000000000000,-80.875000000000000,1
143,17292,64741,35.375000000000000,-80.875000000000000,1
144,17296,64792,49.375000000000000,-80.625000000000000,1
145,17297,64793,47.375000000000000,-80.625000000000000,1
146,17298,64794,45.375000000000000,-80.625000000000000,1
147,17299,64795,43.375000000000000,-80.625000000000000,1
148,17300,64796,41.375000000000000,-80.625000000000000,1
149,17301,64797,39.375000000000000,-80.625000000000000,1
150,17302,64798,37.375000000000000,-80.625000000000000,1
151,17303,64799,35.375000000000000,-80.625000000000000,1
152,17307,64850,49.375000000000000,-80.375000000000000,1
153,17308,64851,47.375000000000000,-80.375000000000000,1
154,17309,64852,45.375000000000000,-80.375000000000000,1
155,17310,64853,43.375000000000000,-80.375000000000000,1
156,17311,64854,41.375000000000000,-80.375000000000000,1
157,17312,64855,39.375000000000000,-80.375000000000000,1
158,17313,64856,37.375000000000000,-80.375000000000000,1
159,17314,64857,35.375000000000000,-80.375000000000000,1
160,17318,64908,49.375000000000000,-80.125000000000000,1
161,17319,64909,47.375000000000000,-80.125000000000000,1
162,17320,64910,45.375000000000000,-80.125000000000000,1
163,17321,64911,43.375000000000000,-80.125000000000000,1
164,17322,64912,41.375000000000000,-80.125000000000000,1
165,17323,64913,39.375000000000000,-80.125000000000000,1
166,17324,64914,37.375000000000000,-80.125000000000000,1
167,17325,64915,35.375000000000000,-80.125000000000000,1
168,17329,64966,49.375000000000000,-79.875000000000000,1
169,17330,64967,47.375000000000000,-79.875000000000000,1
170,17331,64968,45.375000000000000,-79.875000000000000,1
171,17332,64969,43.375000000000000,-79.875000000000000,1
172,17333,64970,41.375000000000000,-79.875000000000000,1
173,17334,64971,39.375000000000000,-79.875000000000000,1
174,17335,64972,37.375000000000000,-79.875000000000000,1
175,17336,64973,35.375000000000000,-79.875000000000000,1
176,17340,65024,49.375000000000000,-79.625000000000000,1
177,17341,65025,47.375000000000000,-79.625000000000000,1
178,17342,65026,45.375000000000000,-79.625000000000000,1
179,17343,65027,43.375000000000000,-79.625000000000000,1
180,17344,65028,41.375000000000000,-79.625000000000000,1
181,17345,65029,39.375000000000000,-79.625000000000000,1
182,17346,65030,37.375000000000000,-79.625000000000000,1
183,17347,65031,35.375000000000000,-79.625000000000000,1
184,17351,65082,49.375000000000000,-79.375000000000000,1
185,17352,65083,47.375000000000000,-79.375000000000000,1
186,17353,65084,45.375000000000000,-79.375000000000000,1
187,17354,65085,43.375000000000000,-79.375000000000000,1
188,17355,65086,41.375000000000000,-79.375000000000000,1
189,17356,65087,39.375000000000000,-79.375000000000000,1
190,17357,65088,37.375000000000000,-79.375000000000000,1
191,17358,65089,35.375000000000000,-79.375000000000000,1
192,17362,65140,49.375000000000000,-79.125000000000000,1
193,17363,65141,47.375000000000000,-79.125000000000000,1
194,17364,65142,45.375000000000000,-79.125000000000000,1
195,17365,65143,43.375000000000000,-79.125000000000000,1
196,17366,65144,41.375000000000000,-79.125000000000000,1
197,17367,65145,39.375000000000000,-79.125000000000000,1
198,17368,65146,37.375000000000000,-79.125000000000000,1
199,17369,65147,35.375000000000000,-79.125000000000000,1
200,17373,65198,49.375000000000000,-78.875000000000000,1
201,17374,65199,47.375000000000000,-78.875000000000000,1
202,17375,65200,45.375000000000000,-78.875000000000000,1
203,17376,65201,43.375000000000000,-78.875000000000000,1
204,17377,65202,41.375000000000000,-78.875000000000000,1
205,17378,65203,39.375000000000000,-78.875000000000000,1
206,17379,65204,37.375000000000000,-78.875000000000000,1
207,17380,65205,35.375000000000000,-78.875000000000000,1
208,17386,65256,49.375000000000000,-78.625000000000000,1
209,17387,65257,47.375000000000000,-78.625000000000000,1
210,17388,65258,45.375000000000000,-78.625000000000000,1
211,17389,65259,43.375000000000000,-78.625000000000000,1
212,17390,65260,41.375000000000000,-78.625000000000000,1
213,17391,65261,39.375000000000000,-78.625000000000000,1
214,17392,65262,37.375000000000000,-78.625000000000000,1
215,17393,65263,35.375000000000000,-78.625000000000000,1
216,17405,65314,49.375000000000000,-78.375000000000000,1
217,17406,65315,47.375000000000000,-78.375000000000000,1
218,17407,65316,45.375000000000000,-78.375000000000000,1
219,17408,65317,43.375000000000000,-78.375000000000000,1
220,17409,65318,41.375000000000000,-78.375000000000000,1
221,17410,65319,39.375000000000000,-78.375000000000000,1
222,17411,65320,37.375000000000000,-78.375000000000000,1
223,17412,65321,35.375000000000000,-78.375000000000000,1
224,17424,65372,49.375000000000000,-78.125000000000000,1
225,17425,65373,47.375000000000000,-78.125000000000000,1
226,17426,65374,45.375000000000000,-78.125000000000000,1
227,17427,65375,43.375000000000000,-78.125000000000000,1
228,17428,65376,41.375000000000000,-78.125000000000000,1
229,17429,65377,39.375000000000000,-78.125000000000000,1
230,17430,65378,37.375000000000000,-78.125000000000000,1
231,17431,65379,35.375000000000000,-78.125000000000000,1
232,17443,65430,49.375000000000000,-77.875000000000000,1
233,17444,65431,47.375000000000000,-77.875000000000000,1
234,17445,65432,45.375000000000000,-77.875000000000000,1
235,17446,65433,43.375000000000000,-77.875000000000000,1
236,17447,65434,41.375000000000000,-77.875000000000000,1
237,17448,65435,39.375000000000000,-77.875000000000000,1
238,17449,65436,37.375000000000000,-77.875000000000000,1
239,17450,65437,35.375000000000000,-77.875000000000000,1
240,17463,65488,49.375000000000000,-77.625000000000000,1
241,17464,65489,47.375000000000000,-77.625000000000000,1
242,17465,65490,45.375000000000000,-77.625000000000000,1
243,17466,65491,43.375000000000000,-77.625000000000000,1
244,17467,65492,41.375000000000000,-77.625000000000000,1
245,17468,65493,39.375000000000000,-77.625000000000000,1
246,17469,65494,37.375000000000000,-77.625000000000000,1
247,17470,65495,35.375000000000000,-77.625000000000000,1
248,17483,65546,49.375000000000000,-77.375000000000000,1
249,17484,65547,47.375000000000000,-77.375000000000000,1
250,17485,65548,45.375000000000000,-77.375000000000000,1
251,17486,65549,43.375000000000000,-77.375000000000000,1
252,17487,65550,41.375000000000000,-77.375000000000000,1
253,17488,65551,39.375000000000000,-77.375000000000000,1
254,17489,65552,37.375000000000000,-77.375000000000000,1
255,17490,65553,35.375000000000000,-77.375000000000000,1
256,17503,65604,49.375000000000000,-77.125000000000000,1
257,17504,65605,47.375000000000000,-77.125000000000000,1
258,17505,65606,45.375000000000000,-77.125000000000000,1
259,17506,65607,43.375000000000000,-77.125000000000000,1
260,17507,65608,41.375000000000000,-77.125000000000000,1
261,17508,65609,39.375000000000000,-77.125000000000000,1
262,17509,65610,37.375000000000000,-77.125000000000000,1
263,17510,65611,35.375000000000000,-77.125000000000000,1
264,17523,65662,49.375000000000000,-76.875000000000000,1
265,17524,65663,47.375000000000000,-76.875000000000000,1
266,17525,65664,45.375000000000000,-76.875000000000000,1
267,17526,65665,43.375000000000000,-76.875000000000000,1
268,17527,65666,41.375000000000000,-76.875000000000000,1
269,17528,65667,39.375000000000000,-76.875000000000000,1
270,17529,65668,37.375000000000000,-76.875000000000000,1
271,17530,65669,35.375000000000000,-76.875000000000000,1
272,17543,65720,49.375000000000000,-76.625000000000000,1
273,17544,65721,47.375000000000000,-76.625000000000000,1
274,17545,65722,45.375000000000000,-76.625000000000000,1
275,17546,65723,43.375000000000000,-76.625000000000000,1
276,17547,65724,41.375000000000000,-76.625000000000000,1
277,17548,65725,39.375000000000000,-76.625000000000000,1
278,17549,65726,37.375000000000000,-76.625000000000000,1
279,17562,65778,49.375000000000000,-76.375000000000000,1
280,17563,65779,47.375000000000000,-76.375000000000000,1
281,17564,65780,45.375000000000000,-76.375000000000000,1
282,17565,65781,43.375000000000000,-76.375000000000000,1
283,17566,65782,41.375000000000000,-76.375000000000000,1
284,17567,65783,39.375000000000000,-76.375000000000000,1
285,17568,65784,37.375000000000000,-76.375000000000000,1
286,17569,65785,35.375000000000000,-76.375000000000000,1
287,17584,65836,49.375000000000000,-76.125000000000000,1
288,17585,65837,47.375000000000000,-76.125000000000000,1
289,17586,65838,45.375000000000000,-76.125000000000000,1
290,17587,65839,43.375000000000000,-76.125000000000000,1
291,17588,65840,41.375000000000000,-76.125000000000000,1
292,17608,65894,49.375000000000000,-75.875000000000000,1
293,17609,65895,47.375000000000000,-75.875000000000000,1
294,17610,65896,45.375000000000000,-75.875000000000000,1
295,17611,65897,43.375000000000000,-75.875000000000000,1
296,17612,65898,41.375000000000000,-75.875000000000000,1
297,17613,65899,39.375000000000000,-75.875000000000000,1
298,17633,65952,49.375000000000000,-75.625000000000000,1
299,17634,65953,47.375000000000000,-75.625000000000000,1
300,17635,65954,45.375000000000000,-75.625000000000000,1
301,17636,65955,43.375000000000000,-75.625000000000000,1
302,17637,65956,41.375000000000000,-75.625000000000000,1
303,17638,65957,39.375000000000000,-75.625000000000000,1
304,17658,66010,49.375000000000000,-75.375000000000000,1
305,17659,66011,47.375000000000000,-75.375000000000000,1
306,17660,66012,45.375000000000000,-75.375000000000000,1
307,17661,66013,43.375000000000000,-75.375000000000000,1
308,17662,66014,41.375000000000000,-75.375000000000000,1
309,17663,66015,39.375000000000000,-75.375000000000000,1
310,17683,66068,49.375000000000000,-75.125000000000000,1
311,17684,66069,47.375000000000000,-75.125000000000000,1
312,17685,66070,45.375000000000000,-75.125000000000000,1
313,17686,66071,43.375000000000000,-75.125000000000000,1
314,17687,66072,41.375000000000000,-75.125000000000000,1
315,17688,66073,39.375000000000000,-75.125000000000000,1
316,17708,66126,49.375000000000000,-74.875000000000000,1
317,17709,66127,47.375000000000000,-74.875000000000000,1
318,17710,66128,45.375000000000000,-74.875000000000000,1
319,17711,66129,43.375000000000000,-74.875000000000000,1
320,17712,66130,41.375000000000000,-74.875000000000000,1
321,17713,66131,39.375000000000000,-74.875000000000000,1
322,17733,66184,49.375000000000000,-74.625000000000000,1
323,17734,66185,47.375000000000000,-74.625000000000000,1
324,17735,66186,45.375000000000000,-74.625000000000000,1
325,17736,66187,43.375000000000000,-74.625000000000000,1
326,17737,66188,41.375000000000000,-74.625000000000000,1
327,17738,66189,39.375000000000000,-74.625000000000000,1
328,17758,66242,49.375000000000000,-74.375000000000000,1
329,17759,66243,47.375000000000000,-74.375000000000000,1
330,17760,66244,45.375000000000000,-74.375000000000000,1
331,17761,66245,43.375000000000000,-74.375000000000000,1
332,17762,66246,41.375000000000000,-74.375000000000000,1
333,17782,66300,49.375000000000000,-74.125000000000000,1
334,17783,66301,47.375000000000000,-74.125000000000000,1
335,17784,66302,45.375000000000000,-74.125000000000000,1
336,17785,66303,43.375000000000000,-74.125000000000000,1
337,17786,66304,41.375000000000000,-74.125000000000000,1
338,17806,66358,49.375000000000000,-73.875000000000000,1
339,17807,66359,47.375000000000000,-73.875000000000000,1
340,17808,66360,45.375000000000000,-73.875000000000000,1
341,17809,66361,43.375000000000000,-73.875000000000000,1
342,17810,66362,41.375000000000000,-73.875000000000000,1
343,17830,66416,49.375000000000000,-73.625000000000000,1
344,17831,66417,47.375000000000000,-73.625000000000000,1
345,17832,66418,45.375000000000000,-73.625000000000000,1
346,17833,66419,43.375000000000000,-73.625000000000000,1
347,17834,66420,41.375000000000000,-73.625000000000000,1
348,17862,66474,49.375000000000000,-73.375000000000000,1
349,17863,66475,47.375000000000000,-73.375000000000000,1
350,17864,66476,45.375000000000000,-73.375000000000000,1
351,17865,66477,43.375000000000000,-73.375000000000000,1
352,17866,66478,41.375000000000000,-73.375000000000000,1
353,17894,66532,49.375000000000000,-73.125000000000000,1
354,17895,66533,47.375000000000000,-73.125000000000000,1
355,17896,66534,45.375000000000000,-73.125000000000000,1
356,17897,66535,43.375000000000000,-73.125000000000000,1
357,17898,66536,41.375000000000000,-73.125000000000000,1
358,17926,66590,49.375000000000000,-72.875000000000000,1
359,17927,66591,47.375000000000000,-72.875000000000000,1
360,17928,66592,45.375000000000000,-72.875000000000000,1
361,17929,66593,43.375000000000000,-72.875000000000000,1
362,17930,66594,41.375000000000000,-72.875000000000000,1
363,17958,66648,49.375000000000000,-72.625000000000000,1
364,17959,66649,47.375000000000000,-72.625000000000000,1
365,17960,66650,45.375000000000000,-72.625000000000000,1
366,17961,66651,43.375000000000000,-72.625000000000000,1
367,17962,66652,41.375000000000000,-72.625000000000000,1
368,17990,66706,49.375000000000000,-72.375000000000000,1
369,17991,66707,47.375000000000000,-72.375000000000000,1
370,17992,66708,45.375000000000000,-72.375000000000000,1
371,17993,66709,43.375000000000000,-72.375000000000000,1
372,17994,66710,41.375000000000000,-72.375000000000000,1
373,18022,66764,49.375000000000000,-72.125000000000000,1
374,18023,66765,47.375000000000000,-72.125000000000000,1
375,18024,66766,45.375000000000000,-72.125000000000000,1
376,18025,66767,43.375000000000000,-72.125000000000000,1
377,18026,66768,41.375000000000000,-72.125000000000000,1
378,18054,66822,49.375000000000000,-71.875000000000000,1
379,18055,66823,47.375000000000000,-71.875000000000000,1
380,18056,66824,45.375000000000000,-71.875000000000000,1
381,18057,66825,43.375000000000000,-71.875000000000000,1
382,18058,66826,41.375000000000000,-71.875000000000000,1
383,18086,66880,49.375000000000000,-71.625000000000000,1
384,18087,66881,47.375000000000000,-71.625000000000000,1
385,18088,66882,45.375000000000000,-71.625000000000000,1
386,18089,66883,43.375000000000000,-71.625000000000000,1
387,18090,66884,41.375000000000000,-71.625000000000000,1
388,18118,66938,49.375000000000000,-71.375000000000000,1
389,18119,66939,47.375000000000000,-71.375000000000000,1
390,18120,66940,45.375000000000000,-71.375000000000000,1
391,18121,66941,43.375000000000000,-71.375000000000000,1
392,18149,66996,49.375000000000000,-71.125000000000000,1
393,18150,66997,47.375000000000000,-71.125000000000000,1
394,18151,66998,45.375000000000000,-71.125000000000000,1
395,18189,67054,49.375000000000000,-70.875000000000000,1
396,18190,67055,47.375000000000000,-70.875000000000000,1
397,18191,67056,45.375000000000000,-70.875000000000000,1
398,18229,67112,49.375000000000000,-70.625000000000000,1
399,18230,67113,47.375000000000000,-70.625000000000000,1
400,18231,67114,45.375000000000000,-70.625000000000000,1
401,18269,67170,49.375000000000000,-70.375000000000000,1
402,18270,67172,45.375000000000000,-70.375000000000000,1
403,18308,67228,49.375000000000000,-70.125000000000000,1
404,18309,67230,45.375000000000000,-70.125000000000000,1
405,18347,67286,49.375000000000000,-69.875000000000000,1
406,18348,67287,47.375000000000000,-69.875000000000000,1
407,18349,67288,45.375000000000000,-69.875000000000000,1
408,18386,67344,49.375000000000000,-69.625000000000000,1
409,18387,67345,47.375000000000000,-69.625000000000000,1
410,18388,67346,45.375000000000000,-69.625000000000000,1
411,18425,67402,49.375000000000000,-69.375000000000000,1
412,18426,67403,47.375000000000000,-69.375000000000000,1
413,18427,67404,45.375000000000000,-69.375000000000000,1
414,18464,67460,49.375000000000000,-69.125000000000000,1
415,18465,67461,47.375000000000000,-69.125000000000000,1
416,18466,67462,45.375000000000000,-69.125000000000000,1
417,18503,67518,49.375000000000000,-68.875000000000000,1
418,18504,67519,47.375000000000000,-68.875000000000000,1
419,18505,67520,45.375000000000000,-68.875000000000000,1
420,18542,67576,49.375000000000000,-68.625000000000000,1
421,18543,67577,47.375000000000000,-68.625000000000000,1
422,18544,67578,45.375000000000000,-68.625000000000000,1
423,18580,67634,49.375000000000000,-68.375000000000000,1
424,18581,67635,47.375000000000000,-68.375000000000000,1
425,18582,67636,45.375000000000000,-68.375000000000000,1
426,18618,67692,49.375000000000000,-68.125000000000000,1
427,18619,67693,47.375000000000000,-68.125000000000000,1
428,18620,67694,45.375000000000000,-68.125000000000000,1
429,18656,67750,49.375000000000000,-67.875000000000000,1
430,18657,67751,47.375000000000000,-67.875000000000000,1
431,18658,67752,45.375000000000000,-67.875000000000000,1
432,18694,67808,49.375000000000000,-67.625000000000000,1
433,18695,67809,47.375000000000000,-67.625000000000000,1
434,18696,67810,45.375000000000000,-67.625000000000000,1
435,18732,67866,49.375000000000000,-67.375000000000000,1
436,18733,67867,47.375000000000000,-67.375000000000000,1
437,18734,67868,45.375000000000000,-67.375000000000000,1
438,18770,67925,47.375000000000000,-67.125000000000000,1
439,18771,67926,45.375000000000000,-67.125000000000000,1
440,18807,67983,47.375000000000000,-66.875000000000000,1
441,18808,67984,45.375000000000000,-66.875000000000000,1
442,18844,68041,47.375000000000000,-66.625000000000000,1
443,18845,68042,45.375000000000000,-66.625000000000000,1
444,18881,68099,47.375000000000000,-66.375000000000000,1
445,18882,68100,45.375000000000000,-66.375000000000000,1
446,18948,68216,45.375000000000000,-65.875000000000000,1
447,18979,68274,45.375000000000000,-65.625000000000000,1
448,19073,68448,45.375000000000000,-64.875000000000000,1
449,19258,68794,49.375000000000000,-63.375000000000000,1
450,19259,68796,45.375000000000000,-63.375000000000000,1
451,19290,68852,49.375000000000000,-63.125000000000000,1
452,19291,68854,45.375000000000000,-63.125000000000000,1
453,19322,68910,49.375000000000000,-62.875000000000000,1
454,19323,68912,45.375000000000000,-62.875000000000000,1
455,19354,68968,49.375000000000000,-62.625000000000000,1
456,19355,68970,45.375000000000000,-62.625000000000000,1
457,19386,69026,49.375000000000000,-62.375000000000000,1
458,19387,69028,45.375000000000000,-62.375000000000000,1
459,19418,69084,49.375000000000000,-62.125000000000000,1
460,19419,69086,45.375000000000000,-62.125000000000000,1
461,19450,69144,45.375000000000000,-61.875000000000000,1
462,19480,69202,45.375000000000000,-61.625000000000000,1
463,19847,70012,49.375000000000000,-58.125000000000000,1
464,19872,70070,49.375000000000000,-57.875000000000000,1
465,19897,70128,49.375000000000000,-57.625000000000000,1
466,19922,70186,49.375000000000000,-57.375000000000000,1
467,19947,70244,49.375000000000000,-57.125000000000000,1
468,19972,70302,49.375000000000000,-56.875000000000000,1
469,19997,70360,49.375000000000000,-56.625000000000000,1
470,20023,70418,49.375000000000000,-56.375000000000000,1
471,20127,70709,47.375000000000000,-55.125000000000000,1
472,20148,70767,47.375000000000000,-54.875000000000000,1