FID,OBJECTID,field,Var1,Var2,value
0,5,9,43.375000000000000,0.125000000000000,1
1,6,10,41.375000000000000,0.125000000000000,1
2,7,13,35.375000000000000,0.125000000000000,1
3,8,14,33.375000000000000,0.125000000000000,1
4,9,15,31.375000000000000,0.125000000000000,1
5,25,67,43.375000000000000,0.375000000000000,1
6,26,68,41.375000000000000,0.375000000000000,1
7,27,71,35.375000000000000,0.375000000000000,1
8,28,72,33.375000000000000,0.375000000000000,1
9,29,73,31.375000000000000,0.375000000000000,1
10,45,125,43.375000000000000,0.625000000000000,1
11,46,126,41.375000000000000,0.625000000000000,1
12,47,129,35.375000000000000,0.625000000000000,1
13,48,130,33.375000000000000,0.625000000000000,1
14,49,131,31.375000000000000,0.625000000000000,1
15,65,183,43.375000000000000,0.875000000000000,1
16,66,184,41.375000000000000,0.875000000000000,1
17,67,187,35.375000000000000,0.875000000000000,1
18,68,188,33.375000000000000,0.875000000000000,1
19,69,189,31.375000000000000,0.875000000000000,1
20,84,241,43.375000000000000,1.125000000000000,1
21,85,242,41.375000000000000,1.125000000000000,1
22,86,245,35.375000000000000,1.125000000000000,1
23,87,246,33.375000000000000,1.125000000000000,1
24,88,247,31.375000000000000,1.125000000000000,1
25,104,299,43.375000000000000,1.375000000000000,1
26,105,300,41.375000000000000,1.375000000000000,1
27,106,303,35.375000000000000,1.375000000000000,1
28,107,304,33.375000000000000,1.375000000000000,1
29,108,305,31.375000000000000,1.375000000000000,1
30,124,357,43.375000000000000,1.625000000000000,1
31,125,358,41.375000000000000,1.625000000000000,1
32,126,361,35.375000000000000,1.625000000000000,1
33,127,362,33.375000000000000,1.625000000000000,1
34,128,363,31.375000000000000,1.625000000000000,1
35,144,415,43.375000000000000,1.875000000000000,1
36,145,416,41.375000000000000,1.875000000000000,1
37,146,419,35.375000000000000,1.875000000000000,1
38,147,420,33.375000000000000,1.875000000000000,1
39,148,421,31.375000000000000,1.875000000000000,1
40,164,473,43.375000000000000,2.125000000000000,1
41,165,474,41.375000000000000,2.125000000000000,1
42,166,477,35.375000000000000,2.125000000000000,1
43,167,478,33.375000000000000,2.125000000000000,1
44,168,479,31.375000000000000,2.125000000000000,1
45,184,531,43.375000000000000,2.375000000000000,1
46,185,535,35.375000000000000,2.375000000000000,1
47,186,536,33.375000000000000,2.375000000000000,1
48,187,537,31.375000000000000,2.375000000000000,1
49,203,589,43.375000000000000,2.625000000000000,1
50,204,593,35.375000000000000,2.625000000000000,1
51,205,594,33.375000000000000,2.625000000000000,1
52,206,595,31.375000000000000,2.625000000000000,1
53,222,647,43.375000000000000,2.875000000000000,1
54,223,651,35.375000000000000,2.875000000000000,1
55,224,652,33.375000000000000,2.875000000000000,1
56,225,653,31.375000000000000,2.875000000000000,1
57,241,705,43.375000000000000,3.125000000000000,1
58,242,709,35.375000000000000,3.125000000000000,1
59,243,710,33.375000000000000,3.125000000000000,1
60,244,711,31.375000000000000,3.125000000000000,1
61,260,763,43.375000000000000,3.375000000000000,1
62,261,767,35.375000000000000,3.375000000000000,1
63,262,768,33.375000000000000,3.375000000000000,1
64,263,769,31.375000000000000,3.375000000000000,1
65,279,821,43.375000000000000,3.625000000000000,1
66,280,825,35.375000000000000,3.625000000000000,1
67,281,826,33.375000000000000,3.625000000000000,1
68,282,827,31.375000000000000,3.625000000000000,1
69,298,883,35.375000000000000,3.875000000000000,1
70,299,884,33.375000000000000,3.875000000000000,1
71,300,885,31.375000000000000,3.875000000000000,1
72,316,941,35.375000000000000,4.125000000000000,1
73,317,942,33.375000000000000,4.125000000000000,1
74,318,943,31.375000000000000,4.125000000000000,1
75,335,999,35.375000000000000,4.375000000000000,1
76,336,1000,33.375000000000000,4.375000000000000,1
77,337,1001,31.375000000000000,4.375000000000000,1
78,354,1057,35.375000000000000,4.625000000000000,1
79,355,1058,33.375000000000000,4.625000000000000,1
80,356,1059,31.375000000000000,4.625000000000000,1
81,373,1115,35.375000000000000,4.875000000000000,1
82,374,1116,33.375000000000000,4.875000000000000,1
83,375,1117,31.375000000000000,4.875000000000000,1
84,392,1173,35.375000000000000,5.125000000000000,1
85,393,1174,33.375000000000000,5.125000000000000,1
86,394,1175,31.375000000000000,5.125000000000000,1
87,411,1231,35.375000000000000,5.375000000000000,1
88,412,1232,33.375000000000000,5.375000000000000,1
89,413,1233,31.375000000000000,5.375000000000000,1
90,430,1289,35.375000000000000,5.625000000000000,1
91,431,1290,33.375000000000000,5.625000000000000,1
92,432,1291,31.375000000000000,5.625000000000000,1
93,450,1347,35.375000000000000,5.875000000000000,1
94,451,1348,33.375000000000000,5.875000000000000,1
95,452,1349,31.375000000000000,5.875000000000000,1
96,470,1405,35.375000000000000,6.125000000000000,1
97,471,1406,33.375000000000000,6.125000000000000,1
98,472,1407,31.375000000000000,6.125000000000000,1
99,491,1463,35.375000000000000,6.375000000000000,1
100,492,1464,33.375000000000000,6.375000000000000,1
101,493,1465,31.375000000000000,6.375000000000000,1
102,513,1521,35.375000000000000,6.625000000000000,1
103,514,1522,33.375000000000000,6.625000000000000,1
104,515,1523,31.375000000000000,6.625000000000000,1
105,535,1579,35.375000000000000,6.875000000000000,1
106,536,1580,33.375000000000000,6.875000000000000,1
107,537,1581,31.375000000000000,6.875000000000000,1
108,557,1637,35.375000000000000,7.125000000000000,1
109,558,1638,33.375000000000000,7.125000000000000,1
110,559,1639,31.375000000000000,7.125000000000000,1
111,579,1695,35.375000000000000,7.375000000000000,1
112,580,1696,33.375000000000000,7.375000000000000,1
113,581,1697,31.375000000000000,7.375000000000000,1
114,601,1753,35.375000000000000,7.625000000000000,1
115,602,1754,33.375000000000000,7.625000000000000,1
116,603,1755,31.375000000000000,7.625000000000000,1
117,623,1811,35.375000000000000,7.875000000000000,1
118,624,1812,33.375000000000000,7.875000000000000,1
119,625,1813,31.375000000000000,7.875000000000000,1
120,645,1869,35.375000000000000,8.125000000000000,1
121,646,1870,33.375000000000000,8.125000000000000,1
122,647,1871,31.375000000000000,8.125000000000000,1
123,667,1927,35.375000000000000,8.375000000000000,1
124,668,1928,33.375000000000000,8.375000000000000,1
125,669,1929,31.375000000000000,8.375000000000000,1
126,689,1985,35.375000000000000,8.625000000000000,1
127,690,1986,33.375000000000000,8.625000000000000,1
128,691,1987,31.375000000000000,8.625000000000000,1
129,712,2043,35.375000000000000,8.875000000000000,1
130,713,2044,33.375000000000000,8.875000000000000,1
131,714,2045,31.375000000000000,8.875000000000000,1
132,735,2101,35.375000000000000,9.125000000000000,1
133,736,2102,33.375000000000000,9.125000000000000,1
134,737,2103,31.375000000000000,9.125000000000000,1
135,759,2159,35.375000000000000,9.375000000000000,1
136,760,2160,33.375000000000000,9.375000000000000,1
137,761,2161,31.375000000000000,9.375000000000000,1
138,782,2217,35.375000000000000,9.625000000000000,1
139,783,2218,33.375000000000000,9.625000000000000,1
140,784,2219,31.375000000000000,9.625000000000000,1
141,807,2275,35.375000000000000,9.875000000000000,1
142,808,2276,33.375000000000000,9.875000000000000,1
143,809,2277,31.375000000000000,9.875000000000000,1
144,834,2333,35.375000000000000,10.125000000000000,1
145,835,2334,33.375000000000000,10.125000000000000,1
146,836,2335,31.375000000000000,10.125000000000000,1
147,861,2391,35.375000000000000,10.375000000000000,1
148,862,2392,33.375000000000000,10.375000000000000,1
149,863,2393,31.375000000000000,10.375000000000000,1
150,887,2449,35.375000000000000,10.625000000000000,1
151,888,2450,33.375000000000000,10.625000000000000,1
152,889,2451,31.375000000000000,10.625000000000000,1
153,913,2507,35.375000000000000,10.875000000000000,1
154,914,2508,33.375000000000000,10.875000000000000,1
155,915,2509,31.375000000000000,10.875000000000000,1
156,939,2567,31.375000000000000,11.125000000000000,1
157,964,2619,43.375000000000000,11.375000000000000,1
158,965,2625,31.375000000000000,11.375000000000000,1
159,990,2677,43.375000000000000,11.625000000000000,1
160,991,2683,31.375000000000000,11.625000000000000,1
161,1016,2735,43.375000000000000,11.875000000000000,1
162,1017,2741,31.375000000000000,11.875000000000000,1
163,1045,2793,43.375000000000000,12.125000000000000,1
164,1046,2799,31.375000000000000,12.125000000000000,1
165,1073,2851,43.375000000000000,12.375000000000000,1
166,1074,2857,31.375000000000000,12.375000000000000,1
167,1102,2909,43.375000000000000,12.625000000000000,1
168,1103,2915,31.375000000000000,12.625000000000000,1
169,1131,2967,43.375000000000000,12.875000000000000,1
170,1132,2973,31.375000000000000,12.875000000000000,1
171,1161,3025,43.375000000000000,13.125000000000000,1
172,1162,3026,41.375000000000000,13.125000000000000,1
173,1163,3031,31.375000000000000,13.125000000000000,1
174,1192,3083,43.375000000000000,13.375000000000000,1
175,1193,3084,41.375000000000000,13.375000000000000,1
176,1194,3089,31.375000000000000,13.375000000000000,1
177,1223,3141,43.375000000000000,13.625000000000000,1
178,1224,3142,41.375000000000000,13.625000000000000,1
179,1225,3147,31.375000000000000,13.625000000000000,1
180,1254,3200,41.375000000000000,13.875000000000000,1
181,1255,3202,37.375000000000000,13.875000000000000,1
182,1289,3258,41.375000000000000,14.125000000000000,1
183,1290,3260,37.375000000000000,14.125000000000000,1
184,1324,3316,41.375000000000000,14.375000000000000,1
185,1325,3318,37.375000000000000,14.375000000000000,1
186,1359,3374,41.375000000000000,14.625000000000000,1
187,1360,3376,37.375000000000000,14.625000000000000,1
188,1395,3432,41.375000000000000,14.875000000000000,1
189,1396,3434,37.375000000000000,14.875000000000000,1
190,1432,3490,41.375000000000000,15.125000000000000,1
191,1468,3548,41.375000000000000,15.375000000000000,1
192,1504,3606,41.375000000000000,15.625000000000000,1
193,1540,3664,41.375000000000000,15.875000000000000,1
194,1576,3722,41.375000000000000,16.125000000000000,1
195,1968,4359,43.375000000000000,18.875000000000000,1
196,2004,4417,43.375000000000000,19.125000000000000,1
197,2040,4475,43.375000000000000,19.375000000000000,1
198,2076,4533,43.375000000000000,19.625000000000000,1
199,2077,4534,41.375000000000000,19.625000000000000,1
200,2113,4591,43.375000000000000,19.875000000000000,1
201,2114,4592,41.375000000000000,19.875000000000000,1
202,2150,4649,43.375000000000000,20.125000000000000,1
203,2151,4650,41.375000000000000,20.125000000000000,1
204,2187,4707,43.375000000000000,20.375000000000000,1
205,2188,4708,41.375000000000000,20.375000000000000,1
206,2189,4709,39.375000000000000,20.375000000000000,1
207,2225,4765,43.375000000000000,20.625000000000000,1
208,2226,4766,41.375000000000000,20.625000000000000,1
209,2227,4767,39.375000000000000,20.625000000000000,1
210,2263,4823,43.375000000000000,20.875000000000000,1
211,2264,4824,41.375000000000000,20.875000000000000,1
212,2265,4825,39.375000000000000,20.875000000000000,1
213,2301,4881,43.375000000000000,21.125000000000000,1
214,2302,4882,41.375000000000000,21.125000000000000,1
215,2303,4883,39.375000000000000,21.125000000000000,1
216,2340,4939,43.375000000000000,21.375000000000000,1
217,2341,4940,41.375000000000000,21.375000000000000,1
218,2342,4941,39.375000000000000,21.375000000000000,1
219,2343,4945,31.375000000000000,21.375000000000000,1
220,2383,4997,43.375000000000000,21.625000000000000,1
221,2384,4998,41.375000000000000,21.625000000000000,1
222,2385,4999,39.375000000000000,21.625000000000000,1
223,2386,5003,31.375000000000000,21.625000000000000,1
224,2426,5055,43.375000000000000,21.875000000000000,1
225,2427,5056,41.375000000000000,21.875000000000000,1
226,2428,5057,39.375000000000000,21.875000000000000,1
227,2429,5058,37.375000000000000,21.875000000000000,1
228,2430,5061,31.375000000000000,21.875000000000000,1
229,2470,5113,43.375000000000000,22.125000000000000,1
230,2471,5114,41.375000000000000,22.125000000000000,1
231,2472,5115,39.375000000000000,22.125000000000000,1
232,2473,5116,37.375000000000000,22.125000000000000,1
233,2474,5119,31.375000000000000,22.125000000000000,1
234,2514,5171,43.375000000000000,22.375000000000000,1
235,2515,5172,41.375000000000000,22.375000000000000,1
236,2516,5173,39.375000000000000,22.375000000000000,1
237,2517,5174,37.375000000000000,22.375000000000000,1
238,2518,5177,31.375000000000000,22.375000000000000,1
239,2558,5229,43.375000000000000,22.625000000000000,1
240,2559,5230,41.375000000000000,22.625000000000000,1
241,2560,5231,39.375000000000000,22.625000000000000,1
242,2561,5232,37.375000000000000,22.625000000000000,1
243,2562,5235,31.375000000000000,22.625000000000000,1
244,2602,5287,43.375000000000000,22.875000000000000,1
245,2603,5288,41.375000000000000,22.875000000000000,1
246,2604,5289,39.375000000000000,22.875000000000000,1
247,2605,5293,31.375000000000000,22.875000000000000,1
248,2644,5345,43.375000000000000,23.125000000000000,1
249,2645,5346,41.375000000000000,23.125000000000000,1
250,2646,5347,39.375000000000000,23.125000000000000,1
251,2647,5348,37.375000000000000,23.125000000000000,1
252,2648,5351,31.375000000000000,23.125000000000000,1
253,2687,5403,43.375000000000000,23.375000000000000,1
254,2688,5404,41.375000000000000,23.375000000000000,1
255,2689,5409,31.375000000000000,23.375000000000000,1
256,2728,5461,43.375000000000000,23.625000000000000,1
257,2729,5462,41.375000000000000,23.625000000000000,1
258,2730,5467,31.375000000000000,23.625000000000000,1
259,2769,5519,43.375000000000000,23.875000000000000,1
260,2770,5520,41.375000000000000,23.875000000000000,1
261,2809,5577,43.375000000000000,24.125000000000000,1
262,2810,5578,41.375000000000000,24.125000000000000,1
263,2849,5635,43.375000000000000,24.375000000000000,1
264,2850,5636,41.375000000000000,24.375000000000000,1
265,2890,5693,43.375000000000000,24.625000000000000,1
266,2891,5694,41.375000000000000,24.625000000000000,1
267,2931,5751,43.375000000000000,24.875000000000000,1
268,2932,5752,41.375000000000000,24.875000000000000,1
269,2972,5809,43.375000000000000,25.125000000000000,1
270,2973,5810,41.375000000000000,25.125000000000000,1
271,3013,5867,43.375000000000000,25.375000000000000,1
272,3014,5868,41.375000000000000,25.375000000000000,1
273,3054,5925,43.375000000000000,25.625000000000000,1
274,3055,5926,41.375000000000000,25.625000000000000,1
275,3095,5983,43.375000000000000,25.875000000000000,1
276,3096,5984,41.375000000000000,25.875000000000000,1
277,3136,6041,43.375000000000000,26.125000000000000,1
278,3137,6042,41.375000000000000,26.125000000000000,1
279,3177,6099,43.375000000000000,26.375000000000000,1
280,3178,6100,41.375000000000000,26.375000000000000,1
281,3218,6157,43.375000000000000,26.625000000000000,1
282,3219,6158,41.375000000000000,26.625000000000000,1
283,3259,6215,43.375000000000000,26.875000000000000,1
284,3260,6216,41.375000000000000,26.875000000000000,1
285,3261,6217,39.375000000000000,26.875000000000000,1
286,3301,6273,43.375000000000000,27.125000000000000,1
287,3302,6274,41.375000000000000,27.125000000000000,1
288,3303,6275,39.375000000000000,27.125000000000000,1
289,3343,6331,43.375000000000000,27.375000000000000,1
290,3344,6332,41.375000000000000,27.375000000000000,1
291,3345,6333,39.375000000000000,27.375000000000000,1
292,3385,6389,43.375000000000000,27.625000000000000,1
293,3386,6390,41.375000000000000,27.625000000000000,1
294,3387,6391,39.375000000000000,27.625000000000000,1
295,3427,6447,43.375000000000000,27.875000000000000,1
296,3428,6448,41.375000000000000,27.875000000000000,1
297,3429,6449,39.375000000000000,27.875000000000000,1
298,3469,6506,41.375000000000000,28.125000000000000,1
299,3470,6507,39.375000000000000,28.125000000000000,1
300,3510,6564,41.375000000000000,28.375000000000000,1
301,3511,6565,39.375000000000000,28.375000000000000,1
302,3551,6623,39.375000000000000,28.625000000000000,1
303,3590,6681,39.375000000000000,28.875000000000000,1
304,3591,6682,37.375000000000000,28.875000000000000,1
305,3628,6739,39.375000000000000,29.125000000000000,1
306,3629,6740,37.375000000000000,29.125000000000000,1
307,3666,6797,39.375000000000000,29.375000000000000,1
308,3667,6798,37.375000000000000,29.375000000000000,1
309,3704,6855,39.375000000000000,29.625000000000000,1
310,3705,6856,37.375000000000000,29.625000000000000,1
311,3742,6913,39.375000000000000,29.875000000000000,1
312,3743,6914,37.375000000000000,29.875000000000000,1
313,3780,6971,39.375000000000000,30.125000000000000,1
314,3781,6972,37.375000000000000,30.125000000000000,1
315,3818,7029,39.375000000000000,30.375000000000000,1
316,3819,7030,37.375000000000000,30.375000000000000,1
317,3856,7087,39.375000000000000,30.625000000000000,1
318,3857,7088,37.375000000000000,30.625000000000000,1
319,3893,7145,39.375000000000000,30.875000000000000,1
320,3894,7146,37.375000000000000,30.875000000000000,1
321,3930,7203,39.375000000000000,31.125000000000000,1
322,3931,7204,37.375000000000000,31.125000000000000,1
323,3967,7261,39.375000000000000,31.375000000000000,1
324,3968,7262,37.375000000000000,31.375000000000000,1
325,4003,7319,39.375000000000000,31.625000000000000,1
326,4004,7320,37.375000000000000,31.625000000000000,1
327,4039,7377,39.375000000000000,31.875000000000000,1
328,4040,7378,37.375000000000000,31.875000000000000,1
329,4075,7435,39.375000000000000,32.125000000000000,1
330,4076,7436,37.375000000000000,32.125000000000000,1
331,4111,7493,39.375000000000000,32.375000000000000,1
332,4112,7494,37.375000000000000,32.375000000000000,1
333,4147,7551,39.375000000000000,32.625000000000000,1
334,4148,7552,37.375000000000000,32.625000000000000,1
335,4182,7609,39.375000000000000,32.875000000000000,1
336,4183,7610,37.375000000000000,32.875000000000000,1
337,4218,7667,39.375000000000000,33.125000000000000,1
338,4219,7668,37.375000000000000,33.125000000000000,1
339,4254,7725,39.375000000000000,33.375000000000000,1
340,4255,7726,37.375000000000000,33.375000000000000,1
341,4290,7783,39.375000000000000,33.625000000000000,1
342,4291,7784,37.375000000000000,33.625000000000000,1
343,4327,7841,39.375000000000000,33.875000000000000,1
344,4328,7842,37.375000000000000,33.875000000000000,1
345,4362,7899,39.375000000000000,34.125000000000000,1
346,4363,7900,37.375000000000000,34.125000000000000,1
347,4397,7957,39.375000000000000,34.375000000000000,1
348,4398,7958,37.375000000000000,34.375000000000000,1
349,4432,8015,39.375000000000000,34.625000000000000,1
350,4433,8016,37.375000000000000,34.625000000000000,1
351,4467,8073,39.375000000000000,34.875000000000000,1
352,4468,8074,37.375000000000000,34.875000000000000,1
353,4498,8131,39.375000000000000,35.125000000000000,1
354,4499,8132,37.375000000000000,35.125000000000000,1
355,4530,8189,39.375000000000000,35.375000000000000,1
356,4531,8190,37.375000000000000,35.375000000000000,1
357,4562,8247,39.375000000000000,35.625000000000000,1
358,4563,8248,37.375000000000000,35.625000000000000,1
359,4593,8305,39.375000000000000,35.875000000000000,1
360,4594,8306,37.375000000000000,35.875000000000000,1
361,4624,8363,39.375000000000000,36.125000000000000,1
362,4625,8364,37.375000000000000,36.125000000000000,1
363,4654,8421,39.375000000000000,36.375000000000000,1
364,4655,8422,37.375000000000000,36.375000000000000,1
365,4656,8423,35.375000000000000,36.375000000000000,1
366,4657,8424,33.375000000000000,36.375000000000000,1
367,4658,8425,31.375000000000000,36.375000000000000,1
368,4687,8479,39.375000000000000,36.625000000000000,1
369,4688,8480,37.375000000000000,36.625000000000000,1
370,4689,8481,35.375000000000000,36.625000000000000,1
371,4690,8482,33.375000000000000,36.625000000000000,1
372,4691,8483,31.375000000000000,36.625000000000000,1
373,4719,8537,39.375000000000000,36.875000000000000,1
374,4720,8538,37.375000000000000,36.875000000000000,1
375,4721,8539,35.375000000000000,36.875000000000000,1
376,4722,8540,33.375000000000000,36.875000000000000,1
377,4723,8541,31.375000000000000,36.875000000000000,1
378,4751,8595,39.375000000000000,37.125000000000000,1
379,4752,8596,37.375000000000000,37.125000000000000,1
380,4753,8597,35.375000000000000,37.125000000000000,1
381,4754,8598,33.375000000000000,37.125000000000000,1
382,4755,8599,31.375000000000000,37.125000000000000,1
383,4784,8653,39.375000000000000,37.375000000000000,1
384,4785,8654,37.375000000000000,37.375000000000000,1
385,4786,8655,35.375000000000000,37.375000000000000,1
386,4787,8656,33.375000000000000,37.375000000000000,1
387,4788,8657,31.375000000000000,37.375000000000000,1
388,4817,8711,39.375000000000000,37.625000000000000,1
389,4818,8712,37.375000000000000,37.625000000000000,1
390,4819,8713,35.375000000000000,37.625000000000000,1
391,4820,8714,33.375000000000000,37.625000000000000,1
392,4821,8715,31.375000000000000,37.625000000000000,1
393,4850,8769,39.375000000000000,37.875000000000000,1
394,4851,8770,37.375000000000000,37.875000000000000,1
395,4852,8771,35.375000000000000,37.875000000000000,1
396,4853,8772,33.375000000000000,37.875000000000000,1
397,4854,8773,31.375000000000000,37.875000000000000,1
398,4883,8827,39.375000000000000,38.125000000000000,1
399,4884,8828,37.375000000000000,38.125000000000000,1
400,4885,8829,35.375000000000000,38.125000000000000,1
401,4886,8830,33.375000000000000,38.125000000000000,1
402,4887,8831,31.375000000000000,38.125000000000000,1
403,4916,8885,39.375000000000000,38.375000000000000,1
404,4917,8886,37.375000000000000,38.375000000000000,1
405,4918,8887,35.375000000000000,38.375000000000000,1
406,4919,8888,33.375000000000000,38.375000000000000,1
407,4920,8889,31.375000000000000,38.375000000000000,1
408,4949,8943,39.375000000000000,38.625000000000000,1
409,4950,8944,37.375000000000000,38.625000000000000,1
410,4951,8945,35.375000000000000,38.625000000000000,1
411,4952,8946,33.375000000000000,38.625000000000000,1
412,4953,8947,31.375000000000000,38.625000000000000,1
413,4983,9001,39.375000000000000,38.875000000000000,1
414,4984,9002,37.375000000000000,38.875000000000000,1
415,4985,9003,35.375000000000000,38.875000000000000,1
416,4986,9004,33.375000000000000,38.875000000000000,1
417,4987,9005,31.375000000000000,38.875000000000000,1
418,5012,9059,39.375000000000000,39.125000000000000,1
419,5013,9060,37.375000000000000,39.125000000000000,1
420,5014,9061,35.375000000000000,39.125000000000000,1
421,5015,9062,33.375000000000000,39.125000000000000,1
422,5016,9063,31.375000000000000,39.125000000000000,1
423,5041,9117,39.375000000000000,39.375000000000000,1
424,5042,9118,37.375000000000000,39.375000000000000,1
425,5043,9119,35.375000000000000,39.375000000000000,1
426,5044,9120,33.375000000000000,39.375000000000000,1
427,5045,9121,31.375000000000000,39.375000000000000,1
428,5071,9175,39.375000000000000,39.625000000000000,1
429,5072,9176,37.375000000000000,39.625000000000000,1
430,5073,9177,35.375000000000000,39.625000000000000,1
431,5074,9178,33.375000000000000,39.625000000000000,1
432,5075,9179,31.375000000000000,39.625000000000000,1
433,5101,9233,39.375000000000000,39.875000000000000,1
434,5102,9234,37.375000000000000,39.875000000000000,1
435,5103,9235,35.375000000000000,39.875000000000000,1
436,5104,9236,33.375000000000000,39.875000000000000,1
437,5105,9237,31.375000000000000,39.875000000000000,1
438,21312,81500,41.375000000000000,-8.625000000000000,1
439,21313,81501,39.375000000000000,-8.625000000000000,1
440,21314,81502,37.375000000000000,-8.625000000000000,1
441,21315,81505,31.375000000000000,-8.625000000000000,1
442,21330,81557,43.375000000000000,-8.375000000000000,1
443,21331,81558,41.375000000000000,-8.375000000000000,1
444,21332,81559,39.375000000000000,-8.375000000000000,1
445,21333,81560,37.375000000000000,-8.375000000000000,1
446,21334,81563,31.375000000000000,-8.375000000000000,1
447,21349,81615,43.375000000000000,-8.125000000000000,1
448,21350,81616,41.375000000000000,-8.125000000000000,1
449,21351,81617,39.375000000000000,-8.125000000000000,1
450,21352,81618,37.375000000000000,-8.125000000000000,1
451,21353,81620,33.375000000000000,-8.125000000000000,1
452,21354,81621,31.375000000000000,-8.125000000000000,1
453,21369,81673,43.375000000000000,-7.875000000000000,1
454,21370,81674,41.375000000000000,-7.875000000000000,1
455,21371,81675,39.375000000000000,-7.875000000000000,1
456,21372,81676,37.375000000000000,-7.875000000000000,1
457,21373,81678,33.375000000000000,-7.875000000000000,1
458,21374,81679,31.375000000000000,-7.875000000000000,1
459,21389,81731,43.375000000000000,-7.625000000000000,1
460,21390,81732,41.375000000000000,-7.625000000000000,1
461,21391,81733,39.375000000000000,-7.625000000000000,1
462,21392,81734,37.375000000000000,-7.625000000000000,1
463,21393,81736,33.375000000000000,-7.625000000000000,1
464,21394,81737,31.375000000000000,-7.625000000000000,1
465,21409,81789,43.375000000000000,-7.375000000000000,1
466,21410,81790,41.375000000000000,-7.375000000000000,1
467,21411,81791,39.375000000000000,-7.375000000000000,1
468,21412,81792,37.375000000000000,-7.375000000000000,1
469,21413,81794,33.375000000000000,-7.375000000000000,1
470,21414,81795,31.375000000000000,-7.375000000000000,1
471,21429,81847,43.375000000000000,-7.125000000000000,1
472,21430,81848,41.375000000000000,-7.125000000000000,1
473,21431,81849,39.375000000000000,-7.125000000000000,1
474,21432,81850,37.375000000000000,-7.125000000000000,1
475,21433,81852,33.375000000000000,-7.125000000000000,1
476,21434,81853,31.375000000000000,-7.125000000000000,1
477,21449,81905,43.375000000000000,-6.875000000000000,1
478,21450,81906,41.375000000000000,-6.875000000000000,1
479,21451,81907,39.375000000000000,-6.875000000000000,1
480,21452,81908,37.375000000000000,-6.875000000000000,1
481,21453,81910,33.375000000000000,-6.875000000000000,1
482,21454,81911,31.375000000000000,-6.875000000000000,1
483,21469,81963,43.375000000000000,-6.625000000000000,1
484,21470,81964,41.375000000000000,-6.625000000000000,1
485,21471,81965,39.375000000000000,-6.625000000000000,1
486,21472,81966,37.375000000000000,-6.625000000000000,1
487,21473,81968,33.375000000000000,-6.625000000000000,1
488,21474,81969,31.375000000000000,-6.625000000000000,1
489,21489,82021,43.375000000000000,-6.375000000000000,1
490,21490,82022,41.375000000000000,-6.375000000000000,1
491,21491,82023,39.375000000000000,-6.375000000000000,1
492,21492,82024,37.375000000000000,-6.375000000000000,1
493,21493,82026,33.375000000000000,-6.375000000000000,1
494,21494,82027,31.375000000000000,-6.375000000000000,1
495,21508,82079,43.375000000000000,-6.125000000000000,1
496,21509,82080,41.375000000000000,-6.125000000000000,1
497,21510,82081,39.375000000000000,-6.125000000000000,1
498,21511,82082,37.375000000000000,-6.125000000000000,1
499,21512,82084,33.375000000000000,-6.125000000000000,1
500,21513,82085,31.375000000000000,-6.125000000000000,1
501,21526,82137,43.375000000000000,-5.875000000000000,1
502,21527,82138,41.375000000000000,-5.875000000000000,1
503,21528,82139,39.375000000000000,-5.875000000000000,1
504,21529,82140,37.375000000000000,-5.875000000000000,1
505,21530,82141,35.375000000000000,-5.875000000000000,1
506,21531,82142,33.375000000000000,-5.875000000000000,1
507,21532,82143,31.375000000000000,-5.875000000000000,1
508,21546,82195,43.375000000000000,-5.625000000000000,1
509,21547,82196,41.375000000000000,-5.625000000000000,1
510,21548,82197,39.375000000000000,-5.625000000000000,1
511,21549,82198,37.375000000000000,-5.625000000000000,1
512,21550,82199,35.375000000000000,-5.625000000000000,1
513,21551,82200,33.375000000000000,-5.625000000000000,1
514,21552,82201,31.375000000000000,-5.625000000000000,1
515,21566,82253,43.375000000000000,-5.375000000000000,1
516,21567,82254,41.375000000000000,-5.375000000000000,1
517,21568,82255,39.375000000000000,-5.375000000000000,1
518,21569,82256,37.375000000000000,-5.375000000000000,1
519,21570,82257,35.375000000000000,-5.375000000000000,1
520,21571,82258,33.375000000000000,-5.375000000000000,1
521,21572,82259,31.375000000000000,-5.375000000000000,1
522,21586,82311,43.375000000000000,-5.125000000000000,1
523,21587,82312,41.375000000000000,-5.125000000000000,1
524,21588,82313,39.375000000000000,-5.125000000000000,1
525,21589,82314,37.375000000000000,-5.125000000000000,1
526,21590,82315,35.375000000000000,-5.125000000000000,1
527,21591,82316,33.375000000000000,-5.125000000000000,1
528,21592,82317,31.375000000000000,-5.125000000000000,1
529,21606,82369,43.375000000000000,-4.875000000000000,1
530,21607,82370,41.375000000000000,-4.875000000000000,1
531,21608,82371,39.375000000000000,-4.875000000000000,1
532,21609,82372,37.375000000000000,-4.875000000000000,1
533,21610,82374,33.375000000000000,-4.875000000000000,1
534,21611,82375,31.375000000000000,-4.875000000000000,1
535,21625,82427,43.375000000000000,-4.625000000000000,1
536,21626,82428,41.375000000000000,-4.625000000000000,1
537,21627,82429,39.375000000000000,-4.625000000000000,1
538,21628,82430,37.375000000000000,-4.625000000000000,1
539,21629,82432,33.375000000000000,-4.625000000000000,1
540,21630,82433,31.375000000000000,-4.625000000000000,1
541,21644,82485,43.375000000000000,-4.375000000000000,1
542,21645,82486,41.375000000000000,-4.375000000000000,1
543,21646,82487,39.375000000000000,-4.375000000000000,1
544,21647,82488,37.375000000000000,-4.375000000000000,1
545,21648,82490,33.375000000000000,-4.375000000000000,1
546,21649,82491,31.375000000000000,-4.375000000000000,1
547,21663,82543,43.375000000000000,-4.125000000000000,1
548,21664,82544,41.375000000000000,-4.125000000000000,1
549,21665,82545,39.375000000000000,-4.125000000000000,1
550,21666,82546,37.375000000000000,-4.125000000000000,1
551,21667,82548,33.375000000000000,-4.125000000000000,1
552,21668,82549,31.375000000000000,-4.125000000000000,1
553,21682,82601,43.375000000000000,-3.875000000000000,1
554,21683,82602,41.375000000000000,-3.875000000000000,1
555,21684,82603,39.375000000000000,-3.875000000000000,1
556,21685,82604,37.375000000000000,-3.875000000000000,1
557,21686,82606,33.375000000000000,-3.875000000000000,1
558,21687,82607,31.375000000000000,-3.875000000000000,1
559,21701,82659,43.375000000000000,-3.625000000000000,1
560,21702,82660,41.375000000000000,-3.625000000000000,1
561,21703,82661,39.375000000000000,-3.625000000000000,1
562,21704,82662,37.375000000000000,-3.625000000000000,1
563,21705,82664,33.375000000000000,-3.625000000000000,1
564,21706,82665,31.375000000000000,-3.625000000000000,1
565,21721,82717,43.375000000000000,-3.375000000000000,1
566,21722,82718,41.375000000000000,-3.375000000000000,1
567,21723,82719,39.375000000000000,-3.375000000000000,1
568,21724,82720,37.375000000000000,-3.375000000000000,1
569,21725,82722,33.375000000000000,-3.375000000000000,1
570,21726,82723,31.375000000000000,-3.375000000000000,1
571,21742,82776,41.375000000000000,-3.125000000000000,1
572,21743,82777,39.375000000000000,-3.125000000000000,1
573,21744,82778,37.375000000000000,-3.125000000000000,1
574,21745,82780,33.375000000000000,-3.125000000000000,1
575,21746,82781,31.375000000000000,-3.125000000000000,1
576,21763,82833,43.375000000000000,-2.875000000000000,1
577,21764,82834,41.375000000000000,-2.875000000000000,1
578,21765,82835,39.375000000000000,-2.875000000000000,1
579,21766,82836,37.375000000000000,-2.875000000000000,1
580,21767,82838,33.375000000000000,-2.875000000000000,1
581,21768,82839,31.375000000000000,-2.875000000000000,1
582,21785,82891,43.375000000000000,-2.625000000000000,1
583,21786,82892,41.375000000000000,-2.625000000000000,1
584,21787,82893,39.375000000000000,-2.625000000000000,1
585,21788,82894,37.375000000000000,-2.625000000000000,1
586,21789,82896,33.375000000000000,-2.625000000000000,1
587,21790,82897,31.375000000000000,-2.625000000000000,1
588,21808,82950,41.375000000000000,-2.375000000000000,1
589,21809,82951,39.375000000000000,-2.375000000000000,1
590,21810,82952,37.375000000000000,-2.375000000000000,1
591,21811,82954,33.375000000000000,-2.375000000000000,1
592,21812,82955,31.375000000000000,-2.375000000000000,1
593,21830,83008,41.375000000000000,-2.125000000000000,1
594,21831,83009,39.375000000000000,-2.125000000000000,1
595,21832,83010,37.375000000000000,-2.125000000000000,1
596,21833,83012,33.375000000000000,-2.125000000000000,1
597,21834,83013,31.375000000000000,-2.125000000000000,1
598,21852,83066,41.375000000000000,-1.875000000000000,1
599,21853,83067,39.375000000000000,-1.875000000000000,1
600,21854,83068,37.375000000000000,-1.875000000000000,1
601,21855,83070,33.375000000000000,-1.875000000000000,1
602,21856,83071,31.375000000000000,-1.875000000000000,1
603,21874,83123,43.375000000000000,-1.625000000000000,1
604,21875,83124,41.375000000000000,-1.625000000000000,1
605,21876,83125,39.375000000000000,-1.625000000000000,1
606,21877,83128,33.375000000000000,-1.625000000000000,1
607,21878,83129,31.375000000000000,-1.625000000000000,1
608,21895,83181,43.375000000000000,-1.375000000000000,1
609,21896,83182,41.375000000000000,-1.375000000000000,1
610,21897,83183,39.375000000000000,-1.375000000000000,1
611,21898,83186,33.375000000000000,-1.375000000000000,1
612,21899,83187,31.375000000000000,-1.375000000000000,1
613,21917,83239,43.375000000000000,-1.125000000000000,1
614,21918,83240,41.375000000000000,-1.125000000000000,1
615,21919,83241,39.375000000000000,-1.125000000000000,1
616,21920,83243,35.375000000000000,-1.125000000000000,1
617,21921,83244,33.375000000000000,-1.125000000000000,1
618,21922,83245,31.375000000000000,-1.125000000000000,1
619,21939,83297,43.375000000000000,-0.875000000000000,1
620,21940,83298,41.375000000000000,-0.875000000000000,1
621,21941,83299,39.375000000000000,-0.875000000000000,1
622,21942,83301,35.375000000000000,-0.875000000000000,1
623,21943,83302,33.375000000000000,-0.875000000000000,1
624,21944,83303,31.375000000000000,-0.875000000000000,1
625,21961,83355,43.375000000000000,-0.625000000000000,1
626,21962,83356,41.375000000000000,-0.625000000000000,1
627,21963,83357,39.375000000000000,-0.625000000000000,1
628,21964,83359,35.375000000000000,-0.625000000000000,1
629,21965,83360,33.375000000000000,-0.625000000000000,1
630,21966,83361,31.375000000000000,-0.625000000000000,1
631,21983,83413,43.375000000000000,-0.375000000000000,1
632,21984,83414,41.375000000000000,-0.375000000000000,1
633,21985,83415,39.375000000000000,-0.375000000000000,1
634,21986,83417,35.375000000000000,-0.375000000000000,1
635,21987,83418,33.375000000000000,-0.375000000000000,1
636,21988,83419,31.375000000000000,-0.375000000000000,1
637,22005,83471,43.375000000000000,-0.125000000000000,1
638,22006,83472,41.375000000000000,-0.125000000000000,1
639,22007,83475,35.375000000000000,-0.125000000000000,1
640,22008,83476,33.375000000000000,-0.125000000000000,1
641,22009,83477,31.375000000000000,-0.125000000000000,1