FID,OBJECTID,field,Var1,Var2,value
0,11597,26432,-22.625000000000000,113.875000000000000,1
1,11598,26433,-24.625000000000000,113.875000000000000,1
2,11599,26434,-26.625000000000000,113.875000000000000,1
3,11622,26490,-22.625000000000000,114.125000000000000,1
4,11623,26491,-24.625000000000000,114.125000000000000,1
5,11624,26492,-26.625000000000000,114.125000000000000,1
6,11647,26548,-22.625000000000000,114.375000000000000,1
7,11648,26549,-24.625000000000000,114.375000000000000,1
8,11649,26550,-26.625000000000000,114.375000000000000,1
9,11672,26606,-22.625000000000000,114.625000000000000,1
10,11673,26607,-24.625000000000000,114.625000000000000,1
11,11674,26608,-26.625000000000000,114.625000000000000,1
12,11675,26609,-28.625000000000000,114.625000000000000,1
13,11698,26664,-22.625000000000000,114.875000000000000,1
14,11699,26665,-24.625000000000000,114.875000000000000,1
15,11700,26666,-26.625000000000000,114.875000000000000,1
16,11701,26667,-28.625000000000000,114.875000000000000,1
17,11724,26722,-22.625000000000000,115.125000000000000,1
18,11725,26723,-24.625000000000000,115.125000000000000,1
19,11726,26724,-26.625000000000000,115.125000000000000,1
20,11727,26725,-28.625000000000000,115.125000000000000,1
21,11751,26780,-22.625000000000000,115.375000000000000,1
22,11752,26781,-24.625000000000000,115.375000000000000,1
23,11753,26782,-26.625000000000000,115.375000000000000,1
24,11754,26783,-28.625000000000000,115.375000000000000,1
25,11778,26838,-22.625000000000000,115.625000000000000,1
26,11779,26839,-24.625000000000000,115.625000000000000,1
27,11780,26840,-26.625000000000000,115.625000000000000,1
28,11781,26841,-28.625000000000000,115.625000000000000,1
29,11805,26896,-22.625000000000000,115.875000000000000,1
30,11806,26897,-24.625000000000000,115.875000000000000,1
31,11807,26898,-26.625000000000000,115.875000000000000,1
32,11808,26899,-28.625000000000000,115.875000000000000,1
33,11832,26954,-22.625000000000000,116.125000000000000,1
34,11833,26955,-24.625000000000000,116.125000000000000,1
35,11834,26956,-26.625000000000000,116.125000000000000,1
36,11835,26957,-28.625000000000000,116.125000000000000,1
37,11859,27012,-22.625000000000000,116.375000000000000,1
38,11860,27013,-24.625000000000000,116.375000000000000,1
39,11861,27014,-26.625000000000000,116.375000000000000,1
40,11862,27015,-28.625000000000000,116.375000000000000,1
41,11887,27070,-22.625000000000000,116.625000000000000,1
42,11888,27071,-24.625000000000000,116.625000000000000,1
43,11889,27072,-26.625000000000000,116.625000000000000,1
44,11890,27073,-28.625000000000000,116.625000000000000,1
45,11915,27128,-22.625000000000000,116.875000000000000,1
46,11916,27129,-24.625000000000000,116.875000000000000,1
47,11917,27130,-26.625000000000000,116.875000000000000,1
48,11918,27131,-28.625000000000000,116.875000000000000,1
49,11943,27186,-22.625000000000000,117.125000000000000,1
50,11944,27187,-24.625000000000000,117.125000000000000,1
51,11945,27188,-26.625000000000000,117.125000000000000,1
52,11946,27189,-28.625000000000000,117.125000000000000,1
53,11971,27244,-22.625000000000000,117.375000000000000,1
54,11972,27245,-24.625000000000000,117.375000000000000,1
55,11973,27246,-26.625000000000000,117.375000000000000,1
56,11974,27247,-28.625000000000000,117.375000000000000,1
57,11998,27302,-22.625000000000000,117.625000000000000,1
58,11999,27303,-24.625000000000000,117.625000000000000,1
59,12000,27304,-26.625000000000000,117.625000000000000,1
60,12001,27305,-28.625000000000000,117.625000000000000,1
61,12024,27360,-22.625000000000000,117.875000000000000,1
62,12025,27361,-24.625000000000000,117.875000000000000,1
63,12026,27362,-26.625000000000000,117.875000000000000,1
64,12027,27363,-28.625000000000000,117.875000000000000,1
65,12050,27418,-22.625000000000000,118.125000000000000,1
66,12051,27419,-24.625000000000000,118.125000000000000,1
67,12052,27420,-26.625000000000000,118.125000000000000,1
68,12053,27421,-28.625000000000000,118.125000000000000,1
69,12076,27476,-22.625000000000000,118.375000000000000,1
70,12077,27477,-24.625000000000000,118.375000000000000,1
71,12078,27478,-26.625000000000000,118.375000000000000,1
72,12079,27479,-28.625000000000000,118.375000000000000,1
73,12101,27534,-22.625000000000000,118.625000000000000,1
74,12102,27535,-24.625000000000000,118.625000000000000,1
75,12103,27536,-26.625000000000000,118.625000000000000,1
76,12104,27537,-28.625000000000000,118.625000000000000,1
77,12123,27591,-20.625000000000000,118.875000000000000,1
78,12124,27592,-22.625000000000000,118.875000000000000,1
79,12125,27593,-24.625000000000000,118.875000000000000,1
80,12126,27594,-26.625000000000000,118.875000000000000,1
81,12127,27595,-28.625000000000000,118.875000000000000,1
82,12146,27649,-20.625000000000000,119.125000000000000,1
83,12147,27650,-22.625000000000000,119.125000000000000,1
84,12148,27651,-24.625000000000000,119.125000000000000,1
85,12149,27652,-26.625000000000000,119.125000000000000,1
86,12150,27653,-28.625000000000000,119.125000000000000,1
87,12168,27707,-20.625000000000000,119.375000000000000,1
88,12169,27708,-22.625000000000000,119.375000000000000,1
89,12170,27709,-24.625000000000000,119.375000000000000,1
90,12171,27710,-26.625000000000000,119.375000000000000,1
91,12172,27711,-28.625000000000000,119.375000000000000,1
92,12191,27765,-20.625000000000000,119.625000000000000,1
93,12192,27766,-22.625000000000000,119.625000000000000,1
94,12193,27767,-24.625000000000000,119.625000000000000,1
95,12194,27768,-26.625000000000000,119.625000000000000,1
96,12195,27769,-28.625000000000000,119.625000000000000,1
97,12214,27823,-20.625000000000000,119.875000000000000,1
98,12215,27824,-22.625000000000000,119.875000000000000,1
99,12216,27825,-24.625000000000000,119.875000000000000,1
100,12217,27826,-26.625000000000000,119.875000000000000,1
101,12218,27827,-28.625000000000000,119.875000000000000,1
102,12238,27881,-20.625000000000000,120.125000000000000,1
103,12239,27882,-22.625000000000000,120.125000000000000,1
104,12240,27883,-24.625000000000000,120.125000000000000,1
105,12241,27884,-26.625000000000000,120.125000000000000,1
106,12242,27885,-28.625000000000000,120.125000000000000,1
107,12262,27939,-20.625000000000000,120.375000000000000,1
108,12263,27940,-22.625000000000000,120.375000000000000,1
109,12264,27941,-24.625000000000000,120.375000000000000,1
110,12265,27942,-26.625000000000000,120.375000000000000,1
111,12266,27943,-28.625000000000000,120.375000000000000,1
112,12285,27997,-20.625000000000000,120.625000000000000,1
113,12286,27998,-22.625000000000000,120.625000000000000,1
114,12287,27999,-24.625000000000000,120.625000000000000,1
115,12288,28000,-26.625000000000000,120.625000000000000,1
116,12289,28001,-28.625000000000000,120.625000000000000,1
117,12306,28055,-20.625000000000000,120.875000000000000,1
118,12307,28056,-22.625000000000000,120.875000000000000,1
119,12308,28057,-24.625000000000000,120.875000000000000,1
120,12309,28058,-26.625000000000000,120.875000000000000,1
121,12310,28059,-28.625000000000000,120.875000000000000,1
122,12327,28113,-20.625000000000000,121.125000000000000,1
123,12328,28114,-22.625000000000000,121.125000000000000,1
124,12329,28115,-24.625000000000000,121.125000000000000,1
125,12330,28116,-26.625000000000000,121.125000000000000,1
126,12331,28117,-28.625000000000000,121.125000000000000,1
127,12345,28171,-20.625000000000000,121.375000000000000,1
128,12346,28172,-22.625000000000000,121.375000000000000,1
129,12347,28173,-24.625000000000000,121.375000000000000,1
130,12348,28174,-26.625000000000000,121.375000000000000,1
131,12349,28175,-28.625000000000000,121.375000000000000,1
132,12364,28229,-20.625000000000000,121.625000000000000,1
133,12365,28230,-22.625000000000000,121.625000000000000,1
134,12366,28231,-24.625000000000000,121.625000000000000,1
135,12367,28232,-26.625000000000000,121.625000000000000,1
136,12368,28233,-28.625000000000000,121.625000000000000,1
137,12383,28286,-18.625000000000000,121.875000000000000,1
138,12384,28287,-20.625000000000000,121.875000000000000,1
139,12385,28288,-22.625000000000000,121.875000000000000,1
140,12386,28289,-24.625000000000000,121.875000000000000,1
141,12387,28290,-26.625000000000000,121.875000000000000,1
142,12388,28291,-28.625000000000000,121.875000000000000,1
143,12402,28344,-18.625000000000000,122.125000000000000,1
144,12403,28345,-20.625000000000000,122.125000000000000,1
145,12404,28346,-22.625000000000000,122.125000000000000,1
146,12405,28347,-24.625000000000000,122.125000000000000,1
147,12406,28348,-26.625000000000000,122.125000000000000,1
148,12407,28349,-28.625000000000000,122.125000000000000,1
149,12420,28402,-18.625000000000000,122.375000000000000,1
150,12421,28403,-20.625000000000000,122.375000000000000,1
151,12422,28404,-22.625000000000000,122.375000000000000,1
152,12423,28405,-24.625000000000000,122.375000000000000,1
153,12424,28406,-26.625000000000000,122.375000000000000,1
154,12425,28407,-28.625000000000000,122.375000000000000,1
155,12438,28460,-18.625000000000000,122.625000000000000,1
156,12439,28461,-20.625000000000000,122.625000000000000,1
157,12440,28462,-22.625000000000000,122.625000000000000,1
158,12441,28463,-24.625000000000000,122.625000000000000,1
159,12442,28464,-26.625000000000000,122.625000000000000,1
160,12443,28465,-28.625000000000000,122.625000000000000,1
161,12458,28517,-16.625000000000000,122.875000000000000,1
162,12459,28518,-18.625000000000000,122.875000000000000,1
163,12460,28519,-20.625000000000000,122.875000000000000,1
164,12461,28520,-22.625000000000000,122.875000000000000,1
165,12462,28521,-24.625000000000000,122.875000000000000,1
166,12463,28522,-26.625000000000000,122.875000000000000,1
167,12464,28523,-28.625000000000000,122.875000000000000,1
168,12479,28576,-18.625000000000000,123.125000000000000,1
169,12480,28577,-20.625000000000000,123.125000000000000,1
170,12481,28578,-22.625000000000000,123.125000000000000,1
171,12482,28579,-24.625000000000000,123.125000000000000,1
172,12483,28580,-26.625000000000000,123.125000000000000,1
173,12484,28581,-28.625000000000000,123.125000000000000,1
174,12497,28634,-18.625000000000000,123.375000000000000,1
175,12498,28635,-20.625000000000000,123.375000000000000,1
176,12499,28636,-22.625000000000000,123.375000000000000,1
177,12500,28637,-24.625000000000000,123.375000000000000,1
178,12501,28638,-26.625000000000000,123.375000000000000,1
179,12502,28639,-28.625000000000000,123.375000000000000,1
180,12515,28691,-16.625000000000000,123.625000000000000,1
181,12516,28692,-18.625000000000000,123.625000000000000,1
182,12517,28693,-20.625000000000000,123.625000000000000,1
183,12518,28694,-22.625000000000000,123.625000000000000,1
184,12519,28695,-24.625000000000000,123.625000000000000,1
185,12520,28696,-26.625000000000000,123.625000000000000,1
186,12521,28697,-28.625000000000000,123.625000000000000,1
187,12534,28749,-16.625000000000000,123.875000000000000,1
188,12535,28750,-18.625000000000000,123.875000000000000,1
189,12536,28751,-20.625000000000000,123.875000000000000,1
190,12537,28752,-22.625000000000000,123.875000000000000,1
191,12538,28753,-24.625000000000000,123.875000000000000,1
192,12539,28754,-26.625000000000000,123.875000000000000,1
193,12540,28755,-28.625000000000000,123.875000000000000,1
194,12553,28807,-16.625000000000000,124.125000000000000,1
195,12554,28808,-18.625000000000000,124.125000000000000,1
196,12555,28809,-20.625000000000000,124.125000000000000,1
197,12556,28810,-22.625000000000000,124.125000000000000,1
198,12557,28811,-24.625000000000000,124.125000000000000,1
199,12558,28812,-26.625000000000000,124.125000000000000,1
200,12559,28813,-28.625000000000000,124.125000000000000,1
201,12573,28865,-16.625000000000000,124.375000000000000,1
202,12574,28866,-18.625000000000000,124.375000000000000,1
203,12575,28867,-20.625000000000000,124.375000000000000,1
204,12576,28868,-22.625000000000000,124.375000000000000,1
205,12577,28869,-24.625000000000000,124.375000000000000,1
206,12578,28870,-26.625000000000000,124.375000000000000,1
207,12579,28871,-28.625000000000000,124.375000000000000,1
208,12593,28923,-16.625000000000000,124.625000000000000,1
209,12594,28924,-18.625000000000000,124.625000000000000,1
210,12595,28925,-20.625000000000000,124.625000000000000,1
211,12596,28926,-22.625000000000000,124.625000000000000,1
212,12597,28927,-24.625000000000000,124.625000000000000,1
213,12598,28928,-26.625000000000000,124.625000000000000,1
214,12599,28929,-28.625000000000000,124.625000000000000,1
215,12613,28981,-16.625000000000000,124.875000000000000,1
216,12614,28982,-18.625000000000000,124.875000000000000,1
217,12615,28983,-20.625000000000000,124.875000000000000,1
218,12616,28984,-22.625000000000000,124.875000000000000,1
219,12617,28985,-24.625000000000000,124.875000000000000,1
220,12618,28986,-26.625000000000000,124.875000000000000,1
221,12619,28987,-28.625000000000000,124.875000000000000,1
222,12633,29038,-14.625000000000000,125.125000000000000,1
223,12634,29039,-16.625000000000000,125.125000000000000,1
224,12635,29040,-18.625000000000000,125.125000000000000,1
225,12636,29041,-20.625000000000000,125.125000000000000,1
226,12637,29042,-22.625000000000000,125.125000000000000,1
227,12638,29043,-24.625000000000000,125.125000000000000,1
228,12639,29044,-26.625000000000000,125.125000000000000,1
229,12640,29045,-28.625000000000000,125.125000000000000,1
230,12654,29096,-14.625000000000000,125.375000000000000,1
231,12655,29097,-16.625000000000000,125.375000000000000,1
232,12656,29098,-18.625000000000000,125.375000000000000,1
233,12657,29099,-20.625000000000000,125.375000000000000,1
234,12658,29100,-22.625000000000000,125.375000000000000,1
235,12659,29101,-24.625000000000000,125.375000000000000,1
236,12660,29102,-26.625000000000000,125.375000000000000,1
237,12661,29103,-28.625000000000000,125.375000000000000,1
238,12675,29154,-14.625000000000000,125.625000000000000,1
239,12676,29155,-16.625000000000000,125.625000000000000,1
240,12677,29156,-18.625000000000000,125.625000000000000,1
241,12678,29157,-20.625000000000000,125.625000000000000,1
242,12679,29158,-22.625000000000000,125.625000000000000,1
243,12680,29159,-24.625000000000000,125.625000000000000,1
244,12681,29160,-26.625000000000000,125.625000000000000,1
245,12682,29161,-28.625000000000000,125.625000000000000,1
246,12696,29213,-16.625000000000000,125.875000000000000,1
247,12697,29214,-18.625000000000000,125.875000000000000,1
248,12698,29215,-20.625000000000000,125.875000000000000,1
249,12699,29216,-22.625000000000000,125.875000000000000,1
250,12700,29217,-24.625000000000000,125.875000000000000,1
251,12701,29218,-26.625000000000000,125.875000000000000,1
252,12702,29219,-28.625000000000000,125.875000000000000,1
253,12716,29270,-14.625000000000000,126.125000000000000,1
254,12717,29271,-16.625000000000000,126.125000000000000,1
255,12718,29272,-18.625000000000000,126.125000000000000,1
256,12719,29273,-20.625000000000000,126.125000000000000,1
257,12720,29274,-22.625000000000000,126.125000000000000,1
258,12721,29275,-24.625000000000000,126.125000000000000,1
259,12722,29276,-26.625000000000000,126.125000000000000,1
260,12723,29277,-28.625000000000000,126.125000000000000,1
261,12736,29328,-14.625000000000000,126.375000000000000,1
262,12737,29329,-16.625000000000000,126.375000000000000,1
263,12738,29330,-18.625000000000000,126.375000000000000,1
264,12739,29331,-20.625000000000000,126.375000000000000,1
265,12740,29332,-22.625000000000000,126.375000000000000,1
266,12741,29333,-24.625000000000000,126.375000000000000,1
267,12742,29334,-26.625000000000000,126.375000000000000,1
268,12743,29335,-28.625000000000000,126.375000000000000,1
269,12757,29386,-14.625000000000000,126.625000000000000,1
270,12758,29387,-16.625000000000000,126.625000000000000,1
271,12759,29388,-18.625000000000000,126.625000000000000,1
272,12760,29389,-20.625000000000000,126.625000000000000,1
273,12761,29390,-22.625000000000000,126.625000000000000,1
274,12762,29391,-24.625000000000000,126.625000000000000,1
275,12763,29392,-26.625000000000000,126.625000000000000,1
276,12764,29393,-28.625000000000000,126.625000000000000,1
277,12779,29444,-14.625000000000000,126.875000000000000,1
278,12780,29445,-16.625000000000000,126.875000000000000,1
279,12781,29446,-18.625000000000000,126.875000000000000,1
280,12782,29447,-20.625000000000000,126.875000000000000,1
281,12783,29448,-22.625000000000000,126.875000000000000,1
282,12784,29449,-24.625000000000000,126.875000000000000,1
283,12785,29450,-26.625000000000000,126.875000000000000,1
284,12786,29451,-28.625000000000000,126.875000000000000,1
285,12801,29502,-14.625000000000000,127.125000000000000,1
286,12802,29503,-16.625000000000000,127.125000000000000,1
287,12803,29504,-18.625000000000000,127.125000000000000,1
288,12804,29505,-20.625000000000000,127.125000000000000,1
289,12805,29506,-22.625000000000000,127.125000000000000,1
290,12806,29507,-24.625000000000000,127.125000000000000,1
291,12807,29508,-26.625000000000000,127.125000000000000,1
292,12808,29509,-28.625000000000000,127.125000000000000,1
293,12823,29560,-14.625000000000000,127.375000000000000,1
294,12824,29561,-16.625000000000000,127.375000000000000,1
295,12825,29562,-18.625000000000000,127.375000000000000,1
296,12826,29563,-20.625000000000000,127.375000000000000,1
297,12827,29564,-22.625000000000000,127.375000000000000,1
298,12828,29565,-24.625000000000000,127.375000000000000,1
299,12829,29566,-26.625000000000000,127.375000000000000,1
300,12830,29567,-28.625000000000000,127.375000000000000,1
301,12844,29618,-14.625000000000000,127.625000000000000,1
302,12845,29619,-16.625000000000000,127.625000000000000,1
303,12846,29620,-18.625000000000000,127.625000000000000,1
304,12847,29621,-20.625000000000000,127.625000000000000,1
305,12848,29622,-22.625000000000000,127.625000000000000,1
306,12849,29623,-24.625000000000000,127.625000000000000,1
307,12850,29624,-26.625000000000000,127.625000000000000,1
308,12851,29625,-28.625000000000000,127.625000000000000,1
309,12865,29676,-14.625000000000000,127.875000000000000,1
310,12866,29677,-16.625000000000000,127.875000000000000,1
311,12867,29678,-18.625000000000000,127.875000000000000,1
312,12868,29679,-20.625000000000000,127.875000000000000,1
313,12869,29680,-22.625000000000000,127.875000000000000,1
314,12870,29681,-24.625000000000000,127.875000000000000,1
315,12871,29682,-26.625000000000000,127.875000000000000,1
316,12872,29683,-28.625000000000000,127.875000000000000,1
317,12886,29735,-16.625000000000000,128.125000000000000,1
318,12887,29736,-18.625000000000000,128.125000000000000,1
319,12888,29737,-20.625000000000000,128.125000000000000,1
320,12889,29738,-22.625000000000000,128.125000000000000,1
321,12890,29739,-24.625000000000000,128.125000000000000,1
322,12891,29740,-26.625000000000000,128.125000000000000,1
323,12892,29741,-28.625000000000000,128.125000000000000,1
324,12906,29793,-16.625000000000000,128.375000000000000,1
325,12907,29794,-18.625000000000000,128.375000000000000,1
326,12908,29795,-20.625000000000000,128.375000000000000,1
327,12909,29796,-22.625000000000000,128.375000000000000,1
328,12910,29797,-24.625000000000000,128.375000000000000,1
329,12911,29798,-26.625000000000000,128.375000000000000,1
330,12912,29799,-28.625000000000000,128.375000000000000,1
331,12926,29851,-16.625000000000000,128.625000000000000,1
332,12927,29852,-18.625000000000000,128.625000000000000,1
333,12928,29853,-20.625000000000000,128.625000000000000,1
334,12929,29854,-22.625000000000000,128.625000000000000,1
335,12930,29855,-24.625000000000000,128.625000000000000,1
336,12931,29856,-26.625000000000000,128.625000000000000,1
337,12932,29857,-28.625000000000000,128.625000000000000,1
338,12944,29909,-16.625000000000000,128.875000000000000,1
339,12945,29910,-18.625000000000000,128.875000000000000,1
340,12946,29911,-20.625000000000000,128.875000000000000,1
341,12947,29912,-22.625000000000000,128.875000000000000,1
342,12948,29913,-24.625000000000000,128.875000000000000,1
343,12949,29914,-26.625000000000000,128.875000000000000,1
344,12950,29915,-28.625000000000000,128.875000000000000,1
345,12962,29967,-16.625000000000000,129.125000000000000,1
346,12963,29968,-18.625000000000000,129.125000000000000,1
347,12964,29969,-20.625000000000000,129.125000000000000,1
348,12965,29970,-22.625000000000000,129.125000000000000,1
349,12966,29971,-24.625000000000000,129.125000000000000,1
350,12967,29972,-26.625000000000000,129.125000000000000,1
351,12968,29973,-28.625000000000000,129.125000000000000,1
352,12980,30025,-16.625000000000000,129.375000000000000,1
353,12981,30026,-18.625000000000000,129.375000000000000,1
354,12982,30027,-20.625000000000000,129.375000000000000,1
355,12983,30028,-22.625000000000000,129.375000000000000,1
356,12984,30029,-24.625000000000000,129.375000000000000,1
357,12985,30030,-26.625000000000000,129.375000000000000,1
358,12986,30031,-28.625000000000000,129.375000000000000,1
359,12998,30082,-14.625000000000000,129.625000000000000,1
360,12999,30083,-16.625000000000000,129.625000000000000,1
361,13000,30084,-18.625000000000000,129.625000000000000,1
362,13001,30085,-20.625000000000000,129.625000000000000,1
363,13002,30086,-22.625000000000000,129.625000000000000,1
364,13003,30087,-24.625000000000000,129.625000000000000,1
365,13004,30088,-26.625000000000000,129.625000000000000,1
366,13005,30089,-28.625000000000000,129.625000000000000,1
367,13016,30140,-14.625000000000000,129.875000000000000,1
368,13017,30141,-16.625000000000000,129.875000000000000,1
369,13018,30142,-18.625000000000000,129.875000000000000,1
370,13019,30143,-20.625000000000000,129.875000000000000,1
371,13020,30144,-22.625000000000000,129.875000000000000,1
372,13021,30145,-24.625000000000000,129.875000000000000,1
373,13022,30146,-26.625000000000000,129.875000000000000,1
374,13023,30147,-28.625000000000000,129.875000000000000,1
375,13035,30198,-14.625000000000000,130.125000000000000,1
376,13036,30199,-16.625000000000000,130.125000000000000,1
377,13037,30200,-18.625000000000000,130.125000000000000,1
378,13038,30201,-20.625000000000000,130.125000000000000,1
379,13039,30202,-22.625000000000000,130.125000000000000,1
380,13040,30203,-24.625000000000000,130.125000000000000,1
381,13041,30204,-26.625000000000000,130.125000000000000,1
382,13042,30205,-28.625000000000000,130.125000000000000,1
383,13055,30256,-14.625000000000000,130.375000000000000,1
384,13056,30257,-16.625000000000000,130.375000000000000,1
385,13057,30258,-18.625000000000000,130.375000000000000,1
386,13058,30259,-20.625000000000000,130.375000000000000,1
387,13059,30260,-22.625000000000000,130.375000000000000,1
388,13060,30261,-24.625000000000000,130.375000000000000,1
389,13061,30262,-26.625000000000000,130.375000000000000,1
390,13062,30263,-28.625000000000000,130.375000000000000,1
391,13074,30314,-14.625000000000000,130.625000000000000,1
392,13075,30315,-16.625000000000000,130.625000000000000,1
393,13076,30316,-18.625000000000000,130.625000000000000,1
394,13077,30317,-20.625000000000000,130.625000000000000,1
395,13078,30318,-22.625000000000000,130.625000000000000,1
396,13079,30319,-24.625000000000000,130.625000000000000,1
397,13080,30320,-26.625000000000000,130.625000000000000,1
398,13081,30321,-28.625000000000000,130.625000000000000,1
399,13094,30372,-14.625000000000000,130.875000000000000,1
400,13095,30373,-16.625000000000000,130.875000000000000,1
401,13096,30374,-18.625000000000000,130.875000000000000,1
402,13097,30375,-20.625000000000000,130.875000000000000,1
403,13098,30376,-22.625000000000000,130.875000000000000,1
404,13099,30377,-24.625000000000000,130.875000000000000,1
405,13100,30378,-26.625000000000000,130.875000000000000,1
406,13101,30379,-28.625000000000000,130.875000000000000,1
407,13113,30430,-14.625000000000000,131.125000000000000,1
408,13114,30431,-16.625000000000000,131.125000000000000,1
409,13115,30432,-18.625000000000000,131.125000000000000,1
410,13116,30433,-20.625000000000000,131.125000000000000,1
411,13117,30434,-22.625000000000000,131.125000000000000,1
412,13118,30435,-24.625000000000000,131.125000000000000,1
413,13119,30436,-26.625000000000000,131.125000000000000,1
414,13120,30437,-28.625000000000000,131.125000000000000,1
415,13130,30487,-12.625000000000000,131.375000000000000,1
416,13131,30488,-14.625000000000000,131.375000000000000,1
417,13132,30489,-16.625000000000000,131.375000000000000,1
418,13133,30490,-18.625000000000000,131.375000000000000,1
419,13134,30491,-20.625000000000000,131.375000000000000,1
420,13135,30492,-22.625000000000000,131.375000000000000,1
421,13136,30493,-24.625000000000000,131.375000000000000,1
422,13137,30494,-26.625000000000000,131.375000000000000,1
423,13138,30495,-28.625000000000000,131.375000000000000,1
424,13148,30545,-12.625000000000000,131.625000000000000,1
425,13149,30546,-14.625000000000000,131.625000000000000,1
426,13150,30547,-16.625000000000000,131.625000000000000,1
427,13151,30548,-18.625000000000000,131.625000000000000,1
428,13152,30549,-20.625000000000000,131.625000000000000,1
429,13153,30550,-22.625000000000000,131.625000000000000,1
430,13154,30551,-24.625000000000000,131.625000000000000,1
431,13155,30552,-26.625000000000000,131.625000000000000,1
432,13156,30553,-28.625000000000000,131.625000000000000,1
433,13166,30603,-12.625000000000000,131.875000000000000,1
434,13167,30604,-14.625000000000000,131.875000000000000,1
435,13168,30605,-16.625000000000000,131.875000000000000,1
436,13169,30606,-18.625000000000000,131.875000000000000,1
437,13170,30607,-20.625000000000000,131.875000000000000,1
438,13171,30608,-22.625000000000000,131.875000000000000,1
439,13172,30609,-24.625000000000000,131.875000000000000,1
440,13173,30610,-26.625000000000000,131.875000000000000,1
441,13174,30611,-28.625000000000000,131.875000000000000,1
442,13184,30661,-12.625000000000000,132.125000000000000,1
443,13185,30662,-14.625000000000000,132.125000000000000,1
444,13186,30663,-16.625000000000000,132.125000000000000,1
445,13187,30664,-18.625000000000000,132.125000000000000,1
446,13188,30665,-20.625000000000000,132.125000000000000,1
447,13189,30666,-22.625000000000000,132.125000000000000,1
448,13190,30667,-24.625000000000000,132.125000000000000,1
449,13191,30668,-26.625000000000000,132.125000000000000,1
450,13192,30669,-28.625000000000000,132.125000000000000,1
451,13202,30719,-12.625000000000000,132.375000000000000,1
452,13203,30720,-14.625000000000000,132.375000000000000,1
453,13204,30721,-16.625000000000000,132.375000000000000,1
454,13205,30722,-18.625000000000000,132.375000000000000,1
455,13206,30723,-20.625000000000000,132.375000000000000,1
456,13207,30724,-22.625000000000000,132.375000000000000,1
457,13208,30725,-24.625000000000000,132.375000000000000,1
458,13209,30726,-26.625000000000000,132.375000000000000,1
459,13210,30727,-28.625000000000000,132.375000000000000,1
460,13220,30777,-12.625000000000000,132.625000000000000,1
461,13221,30778,-14.625000000000000,132.625000000000000,1
462,13222,30779,-16.625000000000000,132.625000000000000,1
463,13223,30780,-18.625000000000000,132.625000000000000,1
464,13224,30781,-20.625000000000000,132.625000000000000,1
465,13225,30782,-22.625000000000000,132.625000000000000,1
466,13226,30783,-24.625000000000000,132.625000000000000,1
467,13227,30784,-26.625000000000000,132.625000000000000,1
468,13228,30785,-28.625000000000000,132.625000000000000,1
469,13239,30835,-12.625000000000000,132.875000000000000,1
470,13240,30836,-14.625000000000000,132.875000000000000,1
471,13241,30837,-16.625000000000000,132.875000000000000,1
472,13242,30838,-18.625000000000000,132.875000000000000,1
473,13243,30839,-20.625000000000000,132.875000000000000,1
474,13244,30840,-22.625000000000000,132.875000000000000,1
475,13245,30841,-24.625000000000000,132.875000000000000,1
476,13246,30842,-26.625000000000000,132.875000000000000,1
477,13247,30843,-28.625000000000000,132.875000000000000,1
478,13258,30893,-12.625000000000000,133.125000000000000,1
479,13259,30894,-14.625000000000000,133.125000000000000,1
480,13260,30895,-16.625000000000000,133.125000000000000,1
481,13261,30896,-18.625000000000000,133.125000000000000,1
482,13262,30897,-20.625000000000000,133.125000000000000,1
483,13263,30898,-22.625000000000000,133.125000000000000,1
484,13264,30899,-24.625000000000000,133.125000000000000,1
485,13265,30900,-26.625000000000000,133.125000000000000,1
486,13266,30901,-28.625000000000000,133.125000000000000,1
487,13277,30951,-12.625000000000000,133.375000000000000,1
488,13278,30952,-14.625000000000000,133.375000000000000,1
489,13279,30953,-16.625000000000000,133.375000000000000,1
490,13280,30954,-18.625000000000000,133.375000000000000,1
491,13281,30955,-20.625000000000000,133.375000000000000,1
492,13282,30956,-22.625000000000000,133.375000000000000,1
493,13283,30957,-24.625000000000000,133.375000000000000,1
494,13284,30958,-26.625000000000000,133.375000000000000,1
495,13285,30959,-28.625000000000000,133.375000000000000,1
496,13296,31009,-12.625000000000000,133.625000000000000,1
497,13297,31010,-14.625000000000000,133.625000000000000,1
498,13298,31011,-16.625000000000000,133.625000000000000,1
499,13299,31012,-18.625000000000000,133.625000000000000,1
500,13300,31013,-20.625000000000000,133.625000000000000,1
501,13301,31014,-22.625000000000000,133.625000000000000,1
502,13302,31015,-24.625000000000000,133.625000000000000,1
503,13303,31016,-26.625000000000000,133.625000000000000,1
504,13304,31017,-28.625000000000000,133.625000000000000,1
505,13315,31067,-12.625000000000000,133.875000000000000,1
506,13316,31068,-14.625000000000000,133.875000000000000,1
507,13317,31069,-16.625000000000000,133.875000000000000,1
508,13318,31070,-18.625000000000000,133.875000000000000,1
509,13319,31071,-20.625000000000000,133.875000000000000,1
510,13320,31072,-22.625000000000000,133.875000000000000,1
511,13321,31073,-24.625000000000000,133.875000000000000,1
512,13322,31074,-26.625000000000000,133.875000000000000,1
513,13323,31075,-28.625000000000000,133.875000000000000,1
514,13334,31125,-12.625000000000000,134.125000000000000,1
515,13335,31126,-14.625000000000000,134.125000000000000,1
516,13336,31127,-16.625000000000000,134.125000000000000,1
517,13337,31128,-18.625000000000000,134.125000000000000,1
518,13338,31129,-20.625000000000000,134.125000000000000,1
519,13339,31130,-22.625000000000000,134.125000000000000,1
520,13340,31131,-24.625000000000000,134.125000000000000,1
521,13341,31132,-26.625000000000000,134.125000000000000,1
522,13342,31133,-28.625000000000000,134.125000000000000,1
523,13353,31183,-12.625000000000000,134.375000000000000,1
524,13354,31184,-14.625000000000000,134.375000000000000,1
525,13355,31185,-16.625000000000000,134.375000000000000,1
526,13356,31186,-18.625000000000000,134.375000000000000,1
527,13357,31187,-20.625000000000000,134.375000000000000,1
528,13358,31188,-22.625000000000000,134.375000000000000,1
529,13359,31189,-24.625000000000000,134.375000000000000,1
530,13360,31190,-26.625000000000000,134.375000000000000,1
531,13361,31191,-28.625000000000000,134.375000000000000,1
532,13373,31241,-12.625000000000000,134.625000000000000,1
533,13374,31242,-14.625000000000000,134.625000000000000,1
534,13375,31243,-16.625000000000000,134.625000000000000,1
535,13376,31244,-18.625000000000000,134.625000000000000,1
536,13377,31245,-20.625000000000000,134.625000000000000,1
537,13378,31246,-22.625000000000000,134.625000000000000,1
538,13379,31247,-24.625000000000000,134.625000000000000,1
539,13380,31248,-26.625000000000000,134.625000000000000,1
540,13381,31249,-28.625000000000000,134.625000000000000,1
541,13393,31299,-12.625000000000000,134.875000000000000,1
542,13394,31300,-14.625000000000000,134.875000000000000,1
543,13395,31301,-16.625000000000000,134.875000000000000,1
544,13396,31302,-18.625000000000000,134.875000000000000,1
545,13397,31303,-20.625000000000000,134.875000000000000,1
546,13398,31304,-22.625000000000000,134.875000000000000,1
547,13399,31305,-24.625000000000000,134.875000000000000,1
548,13400,31306,-26.625000000000000,134.875000000000000,1
549,13401,31307,-28.625000000000000,134.875000000000000,1
550,13413,31357,-12.625000000000000,135.125000000000000,1
551,13414,31358,-14.625000000000000,135.125000000000000,1
552,13415,31359,-16.625000000000000,135.125000000000000,1
553,13416,31360,-18.625000000000000,135.125000000000000,1
554,13417,31361,-20.625000000000000,135.125000000000000,1
555,13418,31362,-22.625000000000000,135.125000000000000,1
556,13419,31363,-24.625000000000000,135.125000000000000,1
557,13420,31364,-26.625000000000000,135.125000000000000,1
558,13421,31365,-28.625000000000000,135.125000000000000,1
559,13433,31415,-12.625000000000000,135.375000000000000,1
560,13434,31416,-14.625000000000000,135.375000000000000,1
561,13435,31417,-16.625000000000000,135.375000000000000,1
562,13436,31418,-18.625000000000000,135.375000000000000,1
563,13437,31419,-20.625000000000000,135.375000000000000,1
564,13438,31420,-22.625000000000000,135.375000000000000,1
565,13439,31421,-24.625000000000000,135.375000000000000,1
566,13440,31422,-26.625000000000000,135.375000000000000,1
567,13441,31423,-28.625000000000000,135.375000000000000,1
568,13453,31473,-12.625000000000000,135.625000000000000,1
569,13454,31475,-16.625000000000000,135.625000000000000,1
570,13455,31476,-18.625000000000000,135.625000000000000,1
571,13456,31477,-20.625000000000000,135.625000000000000,1
572,13457,31478,-22.625000000000000,135.625000000000000,1
573,13458,31479,-24.625000000000000,135.625000000000000,1
574,13459,31480,-26.625000000000000,135.625000000000000,1
575,13460,31481,-28.625000000000000,135.625000000000000,1
576,13472,31531,-12.625000000000000,135.875000000000000,1
577,13473,31533,-16.625000000000000,135.875000000000000,1
578,13474,31534,-18.625000000000000,135.875000000000000,1
579,13475,31535,-20.625000000000000,135.875000000000000,1
580,13476,31536,-22.625000000000000,135.875000000000000,1
581,13477,31537,-24.625000000000000,135.875000000000000,1
582,13478,31538,-26.625000000000000,135.875000000000000,1
583,13479,31539,-28.625000000000000,135.875000000000000,1
584,13491,31589,-12.625000000000000,136.125000000000000,1
585,13492,31591,-16.625000000000000,136.125000000000000,1
586,13493,31592,-18.625000000000000,136.125000000000000,1
587,13494,31593,-20.625000000000000,136.125000000000000,1
588,13495,31594,-22.625000000000000,136.125000000000000,1
589,13496,31595,-24.625000000000000,136.125000000000000,1
590,13497,31596,-26.625000000000000,136.125000000000000,1
591,13498,31597,-28.625000000000000,136.125000000000000,1
592,13509,31649,-16.625000000000000,136.375000000000000,1
593,13510,31650,-18.625000000000000,136.375000000000000,1
594,13511,31651,-20.625000000000000,136.375000000000000,1
595,13512,31652,-22.625000000000000,136.375000000000000,1
596,13513,31653,-24.625000000000000,136.375000000000000,1
597,13514,31654,-26.625000000000000,136.375000000000000,1
598,13515,31655,-28.625000000000000,136.375000000000000,1
599,13526,31707,-16.625000000000000,136.625000000000000,1
600,13527,31708,-18.625000000000000,136.625000000000000,1
601,13528,31709,-20.625000000000000,136.625000000000000,1
602,13529,31710,-22.625000000000000,136.625000000000000,1
603,13530,31711,-24.625000000000000,136.625000000000000,1
604,13531,31712,-26.625000000000000,136.625000000000000,1
605,13532,31713,-28.625000000000000,136.625000000000000,1
606,13543,31765,-16.625000000000000,136.875000000000000,1
607,13544,31766,-18.625000000000000,136.875000000000000,1
608,13545,31767,-20.625000000000000,136.875000000000000,1
609,13546,31768,-22.625000000000000,136.875000000000000,1
610,13547,31769,-24.625000000000000,136.875000000000000,1
611,13548,31770,-26.625000000000000,136.875000000000000,1
612,13549,31771,-28.625000000000000,136.875000000000000,1
613,13560,31823,-16.625000000000000,137.125000000000000,1
614,13561,31824,-18.625000000000000,137.125000000000000,1
615,13562,31825,-20.625000000000000,137.125000000000000,1
616,13563,31826,-22.625000000000000,137.125000000000000,1
617,13564,31827,-24.625000000000000,137.125000000000000,1
618,13565,31828,-26.625000000000000,137.125000000000000,1
619,13566,31829,-28.625000000000000,137.125000000000000,1
620,13577,31881,-16.625000000000000,137.375000000000000,1
621,13578,31882,-18.625000000000000,137.375000000000000,1
622,13579,31883,-20.625000000000000,137.375000000000000,1
623,13580,31884,-22.625000000000000,137.375000000000000,1
624,13581,31885,-24.625000000000000,137.375000000000000,1
625,13582,31886,-26.625000000000000,137.375000000000000,1
626,13583,31887,-28.625000000000000,137.375000000000000,1
627,13594,31939,-16.625000000000000,137.625000000000000,1
628,13595,31940,-18.625000000000000,137.625000000000000,1
629,13596,31941,-20.625000000000000,137.625000000000000,1
630,13597,31942,-22.625000000000000,137.625000000000000,1
631,13598,31943,-24.625000000000000,137.625000000000000,1
632,13599,31944,-26.625000000000000,137.625000000000000,1
633,13600,31945,-28.625000000000000,137.625000000000000,1
634,13611,31997,-16.625000000000000,137.875000000000000,1
635,13612,31998,-18.625000000000000,137.875000000000000,1
636,13613,31999,-20.625000000000000,137.875000000000000,1
637,13614,32000,-22.625000000000000,137.875000000000000,1
638,13615,32001,-24.625000000000000,137.875000000000000,1
639,13616,32002,-26.625000000000000,137.875000000000000,1
640,13617,32003,-28.625000000000000,137.875000000000000,1
641,13628,32056,-18.625000000000000,138.125000000000000,1
642,13629,32057,-20.625000000000000,138.125000000000000,1
643,13630,32058,-22.625000000000000,138.125000000000000,1
644,13631,32059,-24.625000000000000,138.125000000000000,1
645,13632,32060,-26.625000000000000,138.125000000000000,1
646,13633,32061,-28.625000000000000,138.125000000000000,1
647,13644,32114,-18.625000000000000,138.375000000000000,1
648,13645,32115,-20.625000000000000,138.375000000000000,1
649,13646,32116,-22.625000000000000,138.375000000000000,1
650,13647,32117,-24.625000000000000,138.375000000000000,1
651,13648,32118,-26.625000000000000,138.375000000000000,1
652,13649,32119,-28.625000000000000,138.375000000000000,1
653,13660,32172,-18.625000000000000,138.625000000000000,1
654,13661,32173,-20.625000000000000,138.625000000000000,1
655,13662,32174,-22.625000000000000,138.625000000000000,1
656,13663,32175,-24.625000000000000,138.625000000000000,1
657,13664,32176,-26.625000000000000,138.625000000000000,1
658,13665,32177,-28.625000000000000,138.625000000000000,1
659,13676,32231,-20.625000000000000,138.875000000000000,1
660,13677,32232,-22.625000000000000,138.875000000000000,1
661,13678,32233,-24.625000000000000,138.875000000000000,1
662,13679,32234,-26.625000000000000,138.875000000000000,1
663,13680,32235,-28.625000000000000,138.875000000000000,1
664,13692,32289,-20.625000000000000,139.125000000000000,1
665,13693,32290,-22.625000000000000,139.125000000000000,1
666,13694,32291,-24.625000000000000,139.125000000000000,1
667,13695,32292,-26.625000000000000,139.125000000000000,1
668,13696,32293,-28.625000000000000,139.125000000000000,1
669,13708,32347,-20.625000000000000,139.375000000000000,1
670,13709,32348,-22.625000000000000,139.375000000000000,1
671,13710,32349,-24.625000000000000,139.375000000000000,1
672,13711,32350,-26.625000000000000,139.375000000000000,1
673,13712,32351,-28.625000000000000,139.375000000000000,1
674,13724,32405,-20.625000000000000,139.625000000000000,1
675,13725,32406,-22.625000000000000,139.625000000000000,1
676,13726,32407,-24.625000000000000,139.625000000000000,1
677,13727,32408,-26.625000000000000,139.625000000000000,1
678,13728,32409,-28.625000000000000,139.625000000000000,1
679,13740,32463,-20.625000000000000,139.875000000000000,1
680,13741,32464,-22.625000000000000,139.875000000000000,1
681,13742,32465,-24.625000000000000,139.875000000000000,1
682,13743,32466,-26.625000000000000,139.875000000000000,1
683,13744,32467,-28.625000000000000,139.875000000000000,1
684,13756,32521,-20.625000000000000,140.125000000000000,1
685,13757,32522,-22.625000000000000,140.125000000000000,1
686,13758,32523,-24.625000000000000,140.125000000000000,1
687,13759,32524,-26.625000000000000,140.125000000000000,1
688,13760,32525,-28.625000000000000,140.125000000000000,1
689,13772,32579,-20.625000000000000,140.375000000000000,1
690,13773,32580,-22.625000000000000,140.375000000000000,1
691,13774,32581,-24.625000000000000,140.375000000000000,1
692,13775,32582,-26.625000000000000,140.375000000000000,1
693,13776,32583,-28.625000000000000,140.375000000000000,1
694,13788,32637,-20.625000000000000,140.625000000000000,1
695,13789,32638,-22.625000000000000,140.625000000000000,1
696,13790,32639,-24.625000000000000,140.625000000000000,1
697,13791,32640,-26.625000000000000,140.625000000000000,1
698,13792,32641,-28.625000000000000,140.625000000000000,1
699,13803,32695,-20.625000000000000,140.875000000000000,1
700,13804,32696,-22.625000000000000,140.875000000000000,1
701,13805,32697,-24.625000000000000,140.875000000000000,1
702,13806,32698,-26.625000000000000,140.875000000000000,1
703,13807,32699,-28.625000000000000,140.875000000000000,1
704,13816,32753,-20.625000000000000,141.125000000000000,1
705,13817,32754,-22.625000000000000,141.125000000000000,1
706,13818,32755,-24.625000000000000,141.125000000000000,1
707,13819,32756,-26.625000000000000,141.125000000000000,1
708,13820,32757,-28.625000000000000,141.125000000000000,1
709,13828,32809,-16.625000000000000,141.375000000000000,1
710,13829,32810,-18.625000000000000,141.375000000000000,1
711,13830,32811,-20.625000000000000,141.375000000000000,1
712,13831,32812,-22.625000000000000,141.375000000000000,1
713,13832,32813,-24.625000000000000,141.375000000000000,1
714,13833,32814,-26.625000000000000,141.375000000000000,1
715,13834,32815,-28.625000000000000,141.375000000000000,1
716,13843,32866,-14.625000000000000,141.625000000000000,1
717,13844,32867,-16.625000000000000,141.625000000000000,1
718,13845,32868,-18.625000000000000,141.625000000000000,1
719,13846,32869,-20.625000000000000,141.625000000000000,1
720,13847,32870,-22.625000000000000,141.625000000000000,1
721,13848,32871,-24.625000000000000,141.625000000000000,1
722,13849,32872,-26.625000000000000,141.625000000000000,1
723,13850,32873,-28.625000000000000,141.625000000000000,1
724,13861,32923,-12.625000000000000,141.875000000000000,1
725,13862,32924,-14.625000000000000,141.875000000000000,1
726,13863,32925,-16.625000000000000,141.875000000000000,1
727,13864,32926,-18.625000000000000,141.875000000000000,1
728,13865,32927,-20.625000000000000,141.875000000000000,1
729,13866,32928,-22.625000000000000,141.875000000000000,1
730,13867,32929,-24.625000000000000,141.875000000000000,1
731,13868,32930,-26.625000000000000,141.875000000000000,1
732,13869,32931,-28.625000000000000,141.875000000000000,1
733,13882,32981,-12.625000000000000,142.125000000000000,1
734,13883,32982,-14.625000000000000,142.125000000000000,1
735,13884,32983,-16.625000000000000,142.125000000000000,1
736,13885,32984,-18.625000000000000,142.125000000000000,1
737,13886,32985,-20.625000000000000,142.125000000000000,1
738,13887,32986,-22.625000000000000,142.125000000000000,1
739,13888,32987,-24.625000000000000,142.125000000000000,1
740,13889,32988,-26.625000000000000,142.125000000000000,1
741,13890,32989,-28.625000000000000,142.125000000000000,1
742,13902,33039,-12.625000000000000,142.375000000000000,1
743,13903,33040,-14.625000000000000,142.375000000000000,1
744,13904,33041,-16.625000000000000,142.375000000000000,1
745,13905,33042,-18.625000000000000,142.375000000000000,1
746,13906,33043,-20.625000000000000,142.375000000000000,1
747,13907,33044,-22.625000000000000,142.375000000000000,1
748,13908,33045,-24.625000000000000,142.375000000000000,1
749,13909,33046,-26.625000000000000,142.375000000000000,1
750,13910,33047,-28.625000000000000,142.375000000000000,1
751,13923,33097,-12.625000000000000,142.625000000000000,1
752,13924,33098,-14.625000000000000,142.625000000000000,1
753,13925,33099,-16.625000000000000,142.625000000000000,1
754,13926,33100,-18.625000000000000,142.625000000000000,1
755,13927,33101,-20.625000000000000,142.625000000000000,1
756,13928,33102,-22.625000000000000,142.625000000000000,1
757,13929,33103,-24.625000000000000,142.625000000000000,1
758,13930,33104,-26.625000000000000,142.625000000000000,1
759,13931,33105,-28.625000000000000,142.625000000000000,1
760,13944,33155,-12.625000000000000,142.875000000000000,1
761,13945,33156,-14.625000000000000,142.875000000000000,1
762,13946,33157,-16.625000000000000,142.875000000000000,1
763,13947,33158,-18.625000000000000,142.875000000000000,1
764,13948,33159,-20.625000000000000,142.875000000000000,1
765,13949,33160,-22.625000000000000,142.875000000000000,1
766,13950,33161,-24.625000000000000,142.875000000000000,1
767,13951,33162,-26.625000000000000,142.875000000000000,1
768,13952,33163,-28.625000000000000,142.875000000000000,1
769,13964,33213,-12.625000000000000,143.125000000000000,1
770,13965,33214,-14.625000000000000,143.125000000000000,1
771,13966,33215,-16.625000000000000,143.125000000000000,1
772,13967,33216,-18.625000000000000,143.125000000000000,1
773,13968,33217,-20.625000000000000,143.125000000000000,1
774,13969,33218,-22.625000000000000,143.125000000000000,1
775,13970,33219,-24.625000000000000,143.125000000000000,1
776,13971,33220,-26.625000000000000,143.125000000000000,1
777,13972,33221,-28.625000000000000,143.125000000000000,1
778,13982,33271,-12.625000000000000,143.375000000000000,1
779,13983,33272,-14.625000000000000,143.375000000000000,1
780,13984,33273,-16.625000000000000,143.375000000000000,1
781,13985,33274,-18.625000000000000,143.375000000000000,1
782,13986,33275,-20.625000000000000,143.375000000000000,1
783,13987,33276,-22.625000000000000,143.375000000000000,1
784,13988,33277,-24.625000000000000,143.375000000000000,1
785,13989,33278,-26.625000000000000,143.375000000000000,1
786,13990,33279,-28.625000000000000,143.375000000000000,1
787,14000,33330,-14.625000000000000,143.625000000000000,1
788,14001,33331,-16.625000000000000,143.625000000000000,1
789,14002,33332,-18.625000000000000,143.625000000000000,1
790,14003,33333,-20.625000000000000,143.625000000000000,1
791,14004,33334,-22.625000000000000,143.625000000000000,1
792,14005,33335,-24.625000000000000,143.625000000000000,1
793,14006,33336,-26.625000000000000,143.625000000000000,1
794,14007,33337,-28.625000000000000,143.625000000000000,1
795,14015,33389,-16.625000000000000,143.875000000000000,1
796,14016,33390,-18.625000000000000,143.875000000000000,1
797,14017,33391,-20.625000000000000,143.875000000000000,1
798,14018,33392,-22.625000000000000,143.875000000000000,1
799,14019,33393,-24.625000000000000,143.875000000000000,1
800,14020,33394,-26.625000000000000,143.875000000000000,1
801,14021,33395,-28.625000000000000,143.875000000000000,1
802,14029,33447,-16.625000000000000,144.125000000000000,1
803,14030,33448,-18.625000000000000,144.125000000000000,1
804,14031,33449,-20.625000000000000,144.125000000000000,1
805,14032,33450,-22.625000000000000,144.125000000000000,1
806,14033,33451,-24.625000000000000,144.125000000000000,1
807,14034,33452,-26.625000000000000,144.125000000000000,1
808,14035,33453,-28.625000000000000,144.125000000000000,1
809,14042,33505,-16.625000000000000,144.375000000000000,1
810,14043,33506,-18.625000000000000,144.375000000000000,1
811,14044,33507,-20.625000000000000,144.375000000000000,1
812,14045,33508,-22.625000000000000,144.375000000000000,1
813,14046,33509,-24.625000000000000,144.375000000000000,1
814,14047,33510,-26.625000000000000,144.375000000000000,1
815,14048,33511,-28.625000000000000,144.375000000000000,1
816,14056,33563,-16.625000000000000,144.625000000000000,1
817,14057,33564,-18.625000000000000,144.625000000000000,1
818,14058,33565,-20.625000000000000,144.625000000000000,1
819,14059,33566,-22.625000000000000,144.625000000000000,1
820,14060,33567,-24.625000000000000,144.625000000000000,1
821,14061,33568,-26.625000000000000,144.625000000000000,1
822,14062,33569,-28.625000000000000,144.625000000000000,1
823,14069,33621,-16.625000000000000,144.875000000000000,1
824,14070,33622,-18.625000000000000,144.875000000000000,1
825,14071,33623,-20.625000000000000,144.875000000000000,1
826,14072,33624,-22.625000000000000,144.875000000000000,1
827,14073,33625,-24.625000000000000,144.875000000000000,1
828,14074,33626,-26.625000000000000,144.875000000000000,1
829,14075,33627,-28.625000000000000,144.875000000000000,1
830,14082,33679,-16.625000000000000,145.125000000000000,1
831,14083,33680,-18.625000000000000,145.125000000000000,1
832,14084,33681,-20.625000000000000,145.125000000000000,1
833,14085,33682,-22.625000000000000,145.125000000000000,1
834,14086,33683,-24.625000000000000,145.125000000000000,1
835,14087,33684,-26.625000000000000,145.125000000000000,1
836,14088,33685,-28.625000000000000,145.125000000000000,1
837,14095,33737,-16.625000000000000,145.375000000000000,1
838,14096,33738,-18.625000000000000,145.375000000000000,1
839,14097,33739,-20.625000000000000,145.375000000000000,1
840,14098,33740,-22.625000000000000,145.375000000000000,1
841,14099,33741,-24.625000000000000,145.375000000000000,1
842,14100,33742,-26.625000000000000,145.375000000000000,1
843,14101,33743,-28.625000000000000,145.375000000000000,1
844,14107,33796,-18.625000000000000,145.625000000000000,1
845,14108,33797,-20.625000000000000,145.625000000000000,1
846,14109,33798,-22.625000000000000,145.625000000000000,1
847,14110,33799,-24.625000000000000,145.625000000000000,1
848,14111,33800,-26.625000000000000,145.625000000000000,1
849,14112,33801,-28.625000000000000,145.625000000000000,1
850,14119,33854,-18.625000000000000,145.875000000000000,1
851,14120,33855,-20.625000000000000,145.875000000000000,1
852,14121,33856,-22.625000000000000,145.875000000000000,1
853,14122,33857,-24.625000000000000,145.875000000000000,1
854,14123,33858,-26.625000000000000,145.875000000000000,1
855,14124,33859,-28.625000000000000,145.875000000000000,1
856,14132,33912,-18.625000000000000,146.125000000000000,1
857,14133,33913,-20.625000000000000,146.125000000000000,1
858,14134,33914,-22.625000000000000,146.125000000000000,1
859,14135,33915,-24.625000000000000,146.125000000000000,1
860,14136,33916,-26.625000000000000,146.125000000000000,1
861,14137,33917,-28.625000000000000,146.125000000000000,1
862,14143,33971,-20.625000000000000,146.375000000000000,1
863,14144,33972,-22.625000000000000,146.375000000000000,1
864,14145,33973,-24.625000000000000,146.375000000000000,1
865,14146,33974,-26.625000000000000,146.375000000000000,1
866,14147,33975,-28.625000000000000,146.375000000000000,1
867,14154,34029,-20.625000000000000,146.625000000000000,1
868,14155,34030,-22.625000000000000,146.625000000000000,1
869,14156,34031,-24.625000000000000,146.625000000000000,1
870,14157,34032,-26.625000000000000,146.625000000000000,1
871,14158,34033,-28.625000000000000,146.625000000000000,1
872,14166,34087,-20.625000000000000,146.875000000000000,1
873,14167,34088,-22.625000000000000,146.875000000000000,1
874,14168,34089,-24.625000000000000,146.875000000000000,1
875,14169,34090,-26.625000000000000,146.875000000000000,1
876,14170,34091,-28.625000000000000,146.875000000000000,1
877,14178,34145,-20.625000000000000,147.125000000000000,1
878,14179,34146,-22.625000000000000,147.125000000000000,1
879,14180,34147,-24.625000000000000,147.125000000000000,1
880,14181,34148,-26.625000000000000,147.125000000000000,1
881,14182,34149,-28.625000000000000,147.125000000000000,1
882,14189,34203,-20.625000000000000,147.375000000000000,1
883,14190,34204,-22.625000000000000,147.375000000000000,1
884,14191,34205,-24.625000000000000,147.375000000000000,1
885,14192,34206,-26.625000000000000,147.375000000000000,1
886,14193,34207,-28.625000000000000,147.375000000000000,1
887,14200,34261,-20.625000000000000,147.625000000000000,1
888,14201,34262,-22.625000000000000,147.625000000000000,1
889,14202,34263,-24.625000000000000,147.625000000000000,1
890,14203,34264,-26.625000000000000,147.625000000000000,1
891,14204,34265,-28.625000000000000,147.625000000000000,1
892,14210,34319,-20.625000000000000,147.875000000000000,1
893,14211,34320,-22.625000000000000,147.875000000000000,1
894,14212,34321,-24.625000000000000,147.875000000000000,1
895,14213,34322,-26.625000000000000,147.875000000000000,1
896,14214,34323,-28.625000000000000,147.875000000000000,1
897,14220,34377,-20.625000000000000,148.125000000000000,1
898,14221,34378,-22.625000000000000,148.125000000000000,1
899,14222,34379,-24.625000000000000,148.125000000000000,1
900,14223,34380,-26.625000000000000,148.125000000000000,1
901,14224,34381,-28.625000000000000,148.125000000000000,1
902,14230,34435,-20.625000000000000,148.375000000000000,1
903,14231,34436,-22.625000000000000,148.375000000000000,1
904,14232,34437,-24.625000000000000,148.375000000000000,1
905,14233,34438,-26.625000000000000,148.375000000000000,1
906,14234,34439,-28.625000000000000,148.375000000000000,1
907,14240,34493,-20.625000000000000,148.625000000000000,1
908,14241,34494,-22.625000000000000,148.625000000000000,1
909,14242,34495,-24.625000000000000,148.625000000000000,1
910,14243,34496,-26.625000000000000,148.625000000000000,1
911,14244,34497,-28.625000000000000,148.625000000000000,1
912,14250,34553,-24.625000000000000,148.875000000000000,1
913,14251,34554,-26.625000000000000,148.875000000000000,1
914,14252,34555,-28.625000000000000,148.875000000000000,1
915,14256,34611,-24.625000000000000,149.125000000000000,1
916,14257,34612,-26.625000000000000,149.125000000000000,1
917,14258,34613,-28.625000000000000,149.125000000000000,1
918,14262,34669,-24.625000000000000,149.375000000000000,1
919,14263,34670,-26.625000000000000,149.375000000000000,1
920,14264,34671,-28.625000000000000,149.375000000000000,1
921,14268,34727,-24.625000000000000,149.625000000000000,1
922,14269,34728,-26.625000000000000,149.625000000000000,1
923,14270,34729,-28.625000000000000,149.625000000000000,1
924,14274,34785,-24.625000000000000,149.875000000000000,1
925,14275,34786,-26.625000000000000,149.875000000000000,1
926,14276,34787,-28.625000000000000,149.875000000000000,1
927,14280,34843,-24.625000000000000,150.125000000000000,1
928,14281,34844,-26.625000000000000,150.125000000000000,1
929,14282,34845,-28.625000000000000,150.125000000000000,1
930,14286,34901,-24.625000000000000,150.375000000000000,1
931,14287,34902,-26.625000000000000,150.375000000000000,1
932,14288,34903,-28.625000000000000,150.375000000000000,1
933,14292,34959,-24.625000000000000,150.625000000000000,1
934,14293,34960,-26.625000000000000,150.625000000000000,1
935,14294,34961,-28.625000000000000,150.625000000000000,1
936,14298,35017,-24.625000000000000,150.875000000000000,1
937,14299,35018,-26.625000000000000,150.875000000000000,1
938,14300,35019,-28.625000000000000,150.875000000000000,1
939,14304,35075,-24.625000000000000,151.125000000000000,1
940,14305,35076,-26.625000000000000,151.125000000000000,1
941,14306,35077,-28.625000000000000,151.125000000000000,1
942,14309,35134,-26.625000000000000,151.375000000000000,1
943,14310,35135,-28.625000000000000,151.375000000000000,1
944,14312,35192,-26.625000000000000,151.625000000000000,1
945,14313,35193,-28.625000000000000,151.625000000000000,1
946,14316,35250,-26.625000000000000,151.875000000000000,1
947,14317,35251,-28.625000000000000,151.875000000000000,1
948,14320,35308,-26.625000000000000,152.125000000000000,1
949,14321,35309,-28.625000000000000,152.125000000000000,1
950,14324,35366,-26.625000000000000,152.375000000000000,1
951,14325,35367,-28.625000000000000,152.375000000000000,1
952,14328,35424,-26.625000000000000,152.625000000000000,1
953,14329,35425,-28.625000000000000,152.625000000000000,1
954,14332,35482,-26.625000000000000,152.875000000000000,1
955,14333,35483,-28.625000000000000,152.875000000000000,1
956,14336,35541,-28.625000000000000,153.125000000000000,1
957,14338,35599,-28.625000000000000,153.375000000000000,1