FID,OBJECTID,field,Var1,Var2,value
0,1036,2765,-16.625000000000000,11.875000000000000,1
1,1065,2823,-16.625000000000000,12.125000000000000,1
2,1093,2880,-14.625000000000000,12.375000000000000,1
3,1094,2881,-16.625000000000000,12.375000000000000,1
4,1095,2882,-18.625000000000000,12.375000000000000,1
5,1122,2938,-14.625000000000000,12.625000000000000,1
6,1123,2939,-16.625000000000000,12.625000000000000,1
7,1124,2940,-18.625000000000000,12.625000000000000,1
8,1151,2996,-14.625000000000000,12.875000000000000,1
9,1152,2997,-16.625000000000000,12.875000000000000,1
10,1153,2998,-18.625000000000000,12.875000000000000,1
11,1182,3054,-14.625000000000000,13.125000000000000,1
12,1183,3055,-16.625000000000000,13.125000000000000,1
13,1184,3056,-18.625000000000000,13.125000000000000,1
14,1213,3112,-14.625000000000000,13.375000000000000,1
15,1214,3113,-16.625000000000000,13.375000000000000,1
16,1215,3114,-18.625000000000000,13.375000000000000,1
17,1244,3170,-14.625000000000000,13.625000000000000,1
18,1245,3171,-16.625000000000000,13.625000000000000,1
19,1246,3172,-18.625000000000000,13.625000000000000,1
20,1277,3227,-12.625000000000000,13.875000000000000,1
21,1278,3228,-14.625000000000000,13.875000000000000,1
22,1279,3229,-16.625000000000000,13.875000000000000,1
23,1280,3230,-18.625000000000000,13.875000000000000,1
24,1281,3231,-20.625000000000000,13.875000000000000,1
25,1312,3285,-12.625000000000000,14.125000000000000,1
26,1313,3286,-14.625000000000000,14.125000000000000,1
27,1314,3287,-16.625000000000000,14.125000000000000,1
28,1315,3288,-18.625000000000000,14.125000000000000,1
29,1316,3289,-20.625000000000000,14.125000000000000,1
30,1347,3343,-12.625000000000000,14.375000000000000,1
31,1348,3344,-14.625000000000000,14.375000000000000,1
32,1349,3345,-16.625000000000000,14.375000000000000,1
33,1350,3346,-18.625000000000000,14.375000000000000,1
34,1351,3347,-20.625000000000000,14.375000000000000,1
35,1382,3401,-12.625000000000000,14.625000000000000,1
36,1383,3402,-14.625000000000000,14.625000000000000,1
37,1384,3403,-16.625000000000000,14.625000000000000,1
38,1385,3404,-18.625000000000000,14.625000000000000,1
39,1386,3405,-20.625000000000000,14.625000000000000,1
40,1387,3406,-22.625000000000000,14.625000000000000,1
41,1418,3459,-12.625000000000000,14.875000000000000,1
42,1419,3460,-14.625000000000000,14.875000000000000,1
43,1420,3461,-16.625000000000000,14.875000000000000,1
44,1421,3462,-18.625000000000000,14.875000000000000,1
45,1422,3463,-20.625000000000000,14.875000000000000,1
46,1423,3464,-22.625000000000000,14.875000000000000,1
47,1424,3465,-24.625000000000000,14.875000000000000,1
48,1454,3517,-12.625000000000000,15.125000000000000,1
49,1455,3518,-14.625000000000000,15.125000000000000,1
50,1456,3519,-16.625000000000000,15.125000000000000,1
51,1457,3520,-18.625000000000000,15.125000000000000,1
52,1458,3521,-20.625000000000000,15.125000000000000,1
53,1459,3522,-22.625000000000000,15.125000000000000,1
54,1460,3523,-24.625000000000000,15.125000000000000,1
55,1490,3575,-12.625000000000000,15.375000000000000,1
56,1491,3576,-14.625000000000000,15.375000000000000,1
57,1492,3577,-16.625000000000000,15.375000000000000,1
58,1493,3578,-18.625000000000000,15.375000000000000,1
59,1494,3579,-20.625000000000000,15.375000000000000,1
60,1495,3580,-22.625000000000000,15.375000000000000,1
61,1496,3581,-24.625000000000000,15.375000000000000,1
62,1526,3633,-12.625000000000000,15.625000000000000,1
63,1527,3634,-14.625000000000000,15.625000000000000,1
64,1528,3635,-16.625000000000000,15.625000000000000,1
65,1529,3636,-18.625000000000000,15.625000000000000,1
66,1530,3637,-20.625000000000000,15.625000000000000,1
67,1531,3638,-22.625000000000000,15.625000000000000,1
68,1532,3639,-24.625000000000000,15.625000000000000,1
69,1562,3691,-12.625000000000000,15.875000000000000,1
70,1563,3692,-14.625000000000000,15.875000000000000,1
71,1564,3693,-16.625000000000000,15.875000000000000,1
72,1565,3694,-18.625000000000000,15.875000000000000,1
73,1566,3695,-20.625000000000000,15.875000000000000,1
74,1567,3696,-22.625000000000000,15.875000000000000,1
75,1568,3697,-24.625000000000000,15.875000000000000,1
76,1598,3749,-12.625000000000000,16.125000000000000,1
77,1599,3750,-14.625000000000000,16.125000000000000,1
78,1600,3751,-16.625000000000000,16.125000000000000,1
79,1601,3752,-18.625000000000000,16.125000000000000,1
80,1602,3753,-20.625000000000000,16.125000000000000,1
81,1603,3754,-22.625000000000000,16.125000000000000,1
82,1604,3755,-24.625000000000000,16.125000000000000,1
83,1632,3807,-12.625000000000000,16.375000000000000,1
84,1633,3808,-14.625000000000000,16.375000000000000,1
85,1634,3809,-16.625000000000000,16.375000000000000,1
86,1635,3810,-18.625000000000000,16.375000000000000,1
87,1636,3811,-20.625000000000000,16.375000000000000,1
88,1637,3812,-22.625000000000000,16.375000000000000,1
89,1638,3813,-24.625000000000000,16.375000000000000,1
90,1639,3814,-26.625000000000000,16.375000000000000,1
91,1667,3865,-12.625000000000000,16.625000000000000,1
92,1668,3866,-14.625000000000000,16.625000000000000,1
93,1669,3867,-16.625000000000000,16.625000000000000,1
94,1670,3868,-18.625000000000000,16.625000000000000,1
95,1671,3869,-20.625000000000000,16.625000000000000,1
96,1672,3870,-22.625000000000000,16.625000000000000,1
97,1673,3871,-24.625000000000000,16.625000000000000,1
98,1674,3872,-26.625000000000000,16.625000000000000,1
99,1675,3873,-28.625000000000000,16.625000000000000,1
100,1703,3923,-12.625000000000000,16.875000000000000,1
101,1704,3924,-14.625000000000000,16.875000000000000,1
102,1705,3925,-16.625000000000000,16.875000000000000,1
103,1706,3926,-18.625000000000000,16.875000000000000,1
104,1707,3927,-20.625000000000000,16.875000000000000,1
105,1708,3928,-22.625000000000000,16.875000000000000,1
106,1709,3929,-24.625000000000000,16.875000000000000,1
107,1710,3930,-26.625000000000000,16.875000000000000,1
108,1711,3931,-28.625000000000000,16.875000000000000,1
109,1738,3981,-12.625000000000000,17.125000000000000,1
110,1739,3982,-14.625000000000000,17.125000000000000,1
111,1740,3983,-16.625000000000000,17.125000000000000,1
112,1741,3984,-18.625000000000000,17.125000000000000,1
113,1742,3985,-20.625000000000000,17.125000000000000,1
114,1743,3986,-22.625000000000000,17.125000000000000,1
115,1744,3987,-24.625000000000000,17.125000000000000,1
116,1745,3988,-26.625000000000000,17.125000000000000,1
117,1746,3989,-28.625000000000000,17.125000000000000,1
118,1773,4039,-12.625000000000000,17.375000000000000,1
119,1774,4040,-14.625000000000000,17.375000000000000,1
120,1775,4041,-16.625000000000000,17.375000000000000,1
121,1776,4042,-18.625000000000000,17.375000000000000,1
122,1777,4043,-20.625000000000000,17.375000000000000,1
123,1778,4044,-22.625000000000000,17.375000000000000,1
124,1779,4045,-24.625000000000000,17.375000000000000,1
125,1780,4046,-26.625000000000000,17.375000000000000,1
126,1781,4047,-28.625000000000000,17.375000000000000,1
127,1808,4097,-12.625000000000000,17.625000000000000,1
128,1809,4098,-14.625000000000000,17.625000000000000,1
129,1810,4099,-16.625000000000000,17.625000000000000,1
130,1811,4100,-18.625000000000000,17.625000000000000,1
131,1812,4101,-20.625000000000000,17.625000000000000,1
132,1813,4102,-22.625000000000000,17.625000000000000,1
133,1814,4103,-24.625000000000000,17.625000000000000,1
134,1815,4104,-26.625000000000000,17.625000000000000,1
135,1816,4105,-28.625000000000000,17.625000000000000,1
136,1817,4106,-30.625000000000000,17.625000000000000,1
137,1845,4155,-12.625000000000000,17.875000000000000,1
138,1846,4156,-14.625000000000000,17.875000000000000,1
139,1847,4157,-16.625000000000000,17.875000000000000,1
140,1848,4158,-18.625000000000000,17.875000000000000,1
141,1849,4159,-20.625000000000000,17.875000000000000,1
142,1850,4160,-22.625000000000000,17.875000000000000,1
143,1851,4161,-24.625000000000000,17.875000000000000,1
144,1852,4162,-26.625000000000000,17.875000000000000,1
145,1853,4163,-28.625000000000000,17.875000000000000,1
146,1854,4164,-30.625000000000000,17.875000000000000,1
147,1881,4213,-12.625000000000000,18.125000000000000,1
148,1882,4214,-14.625000000000000,18.125000000000000,1
149,1883,4215,-16.625000000000000,18.125000000000000,1
150,1884,4216,-18.625000000000000,18.125000000000000,1
151,1885,4217,-20.625000000000000,18.125000000000000,1
152,1886,4218,-22.625000000000000,18.125000000000000,1
153,1887,4219,-24.625000000000000,18.125000000000000,1
154,1888,4220,-26.625000000000000,18.125000000000000,1
155,1889,4221,-28.625000000000000,18.125000000000000,1
156,1890,4222,-30.625000000000000,18.125000000000000,1
157,1917,4271,-12.625000000000000,18.375000000000000,1
158,1918,4272,-14.625000000000000,18.375000000000000,1
159,1919,4273,-16.625000000000000,18.375000000000000,1
160,1920,4274,-18.625000000000000,18.375000000000000,1
161,1921,4275,-20.625000000000000,18.375000000000000,1
162,1922,4276,-22.625000000000000,18.375000000000000,1
163,1923,4277,-24.625000000000000,18.375000000000000,1
164,1924,4278,-26.625000000000000,18.375000000000000,1
165,1925,4279,-28.625000000000000,18.375000000000000,1
166,1926,4280,-30.625000000000000,18.375000000000000,1
167,1953,4329,-12.625000000000000,18.625000000000000,1
168,1954,4330,-14.625000000000000,18.625000000000000,1
169,1955,4331,-16.625000000000000,18.625000000000000,1
170,1956,4332,-18.625000000000000,18.625000000000000,1
171,1957,4333,-20.625000000000000,18.625000000000000,1
172,1958,4334,-22.625000000000000,18.625000000000000,1
173,1959,4335,-24.625000000000000,18.625000000000000,1
174,1960,4336,-26.625000000000000,18.625000000000000,1
175,1961,4337,-28.625000000000000,18.625000000000000,1
176,1962,4338,-30.625000000000000,18.625000000000000,1
177,1988,4387,-12.625000000000000,18.875000000000000,1
178,1989,4388,-14.625000000000000,18.875000000000000,1
179,1990,4389,-16.625000000000000,18.875000000000000,1
180,1991,4390,-18.625000000000000,18.875000000000000,1
181,1992,4391,-20.625000000000000,18.875000000000000,1
182,1993,4392,-22.625000000000000,18.875000000000000,1
183,1994,4393,-24.625000000000000,18.875000000000000,1
184,1995,4394,-26.625000000000000,18.875000000000000,1
185,1996,4395,-28.625000000000000,18.875000000000000,1
186,1997,4396,-30.625000000000000,18.875000000000000,1
187,1998,4397,-32.625000000000000,18.875000000000000,1
188,2024,4445,-12.625000000000000,19.125000000000000,1
189,2025,4446,-14.625000000000000,19.125000000000000,1
190,2026,4447,-16.625000000000000,19.125000000000000,1
191,2027,4448,-18.625000000000000,19.125000000000000,1
192,2028,4449,-20.625000000000000,19.125000000000000,1
193,2029,4450,-22.625000000000000,19.125000000000000,1
194,2030,4451,-24.625000000000000,19.125000000000000,1
195,2031,4452,-26.625000000000000,19.125000000000000,1
196,2032,4453,-28.625000000000000,19.125000000000000,1
197,2033,4454,-30.625000000000000,19.125000000000000,1
198,2034,4455,-32.625000000000000,19.125000000000000,1
199,2060,4503,-12.625000000000000,19.375000000000000,1
200,2061,4504,-14.625000000000000,19.375000000000000,1
201,2062,4505,-16.625000000000000,19.375000000000000,1
202,2063,4506,-18.625000000000000,19.375000000000000,1
203,2064,4507,-20.625000000000000,19.375000000000000,1
204,2065,4508,-22.625000000000000,19.375000000000000,1
205,2066,4509,-24.625000000000000,19.375000000000000,1
206,2067,4510,-26.625000000000000,19.375000000000000,1
207,2068,4511,-28.625000000000000,19.375000000000000,1
208,2069,4512,-30.625000000000000,19.375000000000000,1
209,2070,4513,-32.625000000000000,19.375000000000000,1
210,2097,4561,-12.625000000000000,19.625000000000000,1
211,2098,4562,-14.625000000000000,19.625000000000000,1
212,2099,4563,-16.625000000000000,19.625000000000000,1
213,2100,4564,-18.625000000000000,19.625000000000000,1
214,2101,4565,-20.625000000000000,19.625000000000000,1
215,2102,4566,-22.625000000000000,19.625000000000000,1
216,2103,4567,-24.625000000000000,19.625000000000000,1
217,2104,4568,-26.625000000000000,19.625000000000000,1
218,2105,4569,-28.625000000000000,19.625000000000000,1
219,2106,4570,-30.625000000000000,19.625000000000000,1
220,2107,4571,-32.625000000000000,19.625000000000000,1
221,2134,4619,-12.625000000000000,19.875000000000000,1
222,2135,4620,-14.625000000000000,19.875000000000000,1
223,2136,4621,-16.625000000000000,19.875000000000000,1
224,2137,4622,-18.625000000000000,19.875000000000000,1
225,2138,4623,-20.625000000000000,19.875000000000000,1
226,2139,4624,-22.625000000000000,19.875000000000000,1
227,2140,4625,-24.625000000000000,19.875000000000000,1
228,2141,4626,-26.625000000000000,19.875000000000000,1
229,2142,4627,-28.625000000000000,19.875000000000000,1
230,2143,4628,-30.625000000000000,19.875000000000000,1
231,2144,4629,-32.625000000000000,19.875000000000000,1
232,2171,4677,-12.625000000000000,20.125000000000000,1
233,2172,4678,-14.625000000000000,20.125000000000000,1
234,2173,4679,-16.625000000000000,20.125000000000000,1
235,2174,4680,-18.625000000000000,20.125000000000000,1
236,2175,4681,-20.625000000000000,20.125000000000000,1
237,2176,4682,-22.625000000000000,20.125000000000000,1
238,2177,4683,-24.625000000000000,20.125000000000000,1
239,2178,4684,-26.625000000000000,20.125000000000000,1
240,2179,4685,-28.625000000000000,20.125000000000000,1
241,2180,4686,-30.625000000000000,20.125000000000000,1
242,2181,4687,-32.625000000000000,20.125000000000000,1
243,2209,4735,-12.625000000000000,20.375000000000000,1
244,2210,4736,-14.625000000000000,20.375000000000000,1
245,2211,4737,-16.625000000000000,20.375000000000000,1
246,2212,4738,-18.625000000000000,20.375000000000000,1
247,2213,4739,-20.625000000000000,20.375000000000000,1
248,2214,4740,-22.625000000000000,20.375000000000000,1
249,2215,4741,-24.625000000000000,20.375000000000000,1
250,2216,4742,-26.625000000000000,20.375000000000000,1
251,2217,4743,-28.625000000000000,20.375000000000000,1
252,2218,4744,-30.625000000000000,20.375000000000000,1
253,2219,4745,-32.625000000000000,20.375000000000000,1
254,2247,4793,-12.625000000000000,20.625000000000000,1
255,2248,4794,-14.625000000000000,20.625000000000000,1
256,2249,4795,-16.625000000000000,20.625000000000000,1
257,2250,4796,-18.625000000000000,20.625000000000000,1
258,2251,4797,-20.625000000000000,20.625000000000000,1
259,2252,4798,-22.625000000000000,20.625000000000000,1
260,2253,4799,-24.625000000000000,20.625000000000000,1
261,2254,4800,-26.625000000000000,20.625000000000000,1
262,2255,4801,-28.625000000000000,20.625000000000000,1
263,2256,4802,-30.625000000000000,20.625000000000000,1
264,2257,4803,-32.625000000000000,20.625000000000000,1
265,2285,4851,-12.625000000000000,20.875000000000000,1
266,2286,4852,-14.625000000000000,20.875000000000000,1
267,2287,4853,-16.625000000000000,20.875000000000000,1
268,2288,4854,-18.625000000000000,20.875000000000000,1
269,2289,4855,-20.625000000000000,20.875000000000000,1
270,2290,4856,-22.625000000000000,20.875000000000000,1
271,2291,4857,-24.625000000000000,20.875000000000000,1
272,2292,4858,-26.625000000000000,20.875000000000000,1
273,2293,4859,-28.625000000000000,20.875000000000000,1
274,2294,4860,-30.625000000000000,20.875000000000000,1
275,2295,4861,-32.625000000000000,20.875000000000000,1
276,2323,4909,-12.625000000000000,21.125000000000000,1
277,2324,4910,-14.625000000000000,21.125000000000000,1
278,2325,4911,-16.625000000000000,21.125000000000000,1
279,2326,4912,-18.625000000000000,21.125000000000000,1
280,2327,4913,-20.625000000000000,21.125000000000000,1
281,2328,4914,-22.625000000000000,21.125000000000000,1
282,2329,4915,-24.625000000000000,21.125000000000000,1
283,2330,4916,-26.625000000000000,21.125000000000000,1
284,2331,4917,-28.625000000000000,21.125000000000000,1
285,2332,4918,-30.625000000000000,21.125000000000000,1
286,2333,4919,-32.625000000000000,21.125000000000000,1
287,2365,4967,-12.625000000000000,21.375000000000000,1
288,2366,4968,-14.625000000000000,21.375000000000000,1
289,2367,4969,-16.625000000000000,21.375000000000000,1
290,2368,4970,-18.625000000000000,21.375000000000000,1
291,2369,4971,-20.625000000000000,21.375000000000000,1
292,2370,4972,-22.625000000000000,21.375000000000000,1
293,2371,4973,-24.625000000000000,21.375000000000000,1
294,2372,4974,-26.625000000000000,21.375000000000000,1
295,2373,4975,-28.625000000000000,21.375000000000000,1
296,2374,4976,-30.625000000000000,21.375000000000000,1
297,2375,4977,-32.625000000000000,21.375000000000000,1
298,2408,5025,-12.625000000000000,21.625000000000000,1
299,2409,5026,-14.625000000000000,21.625000000000000,1
300,2410,5027,-16.625000000000000,21.625000000000000,1
301,2411,5028,-18.625000000000000,21.625000000000000,1
302,2412,5029,-20.625000000000000,21.625000000000000,1
303,2413,5030,-22.625000000000000,21.625000000000000,1
304,2414,5031,-24.625000000000000,21.625000000000000,1
305,2415,5032,-26.625000000000000,21.625000000000000,1
306,2416,5033,-28.625000000000000,21.625000000000000,1
307,2417,5034,-30.625000000000000,21.625000000000000,1
308,2418,5035,-32.625000000000000,21.625000000000000,1
309,2452,5083,-12.625000000000000,21.875000000000000,1
310,2453,5084,-14.625000000000000,21.875000000000000,1
311,2454,5085,-16.625000000000000,21.875000000000000,1
312,2455,5086,-18.625000000000000,21.875000000000000,1
313,2456,5087,-20.625000000000000,21.875000000000000,1
314,2457,5088,-22.625000000000000,21.875000000000000,1
315,2458,5089,-24.625000000000000,21.875000000000000,1
316,2459,5090,-26.625000000000000,21.875000000000000,1
317,2460,5091,-28.625000000000000,21.875000000000000,1
318,2461,5092,-30.625000000000000,21.875000000000000,1
319,2462,5093,-32.625000000000000,21.875000000000000,1
320,2496,5141,-12.625000000000000,22.125000000000000,1
321,2497,5142,-14.625000000000000,22.125000000000000,1
322,2498,5143,-16.625000000000000,22.125000000000000,1
323,2499,5144,-18.625000000000000,22.125000000000000,1
324,2500,5145,-20.625000000000000,22.125000000000000,1
325,2501,5146,-22.625000000000000,22.125000000000000,1
326,2502,5147,-24.625000000000000,22.125000000000000,1
327,2503,5148,-26.625000000000000,22.125000000000000,1
328,2504,5149,-28.625000000000000,22.125000000000000,1
329,2505,5150,-30.625000000000000,22.125000000000000,1
330,2506,5151,-32.625000000000000,22.125000000000000,1
331,2540,5199,-12.625000000000000,22.375000000000000,1
332,2541,5200,-14.625000000000000,22.375000000000000,1
333,2542,5201,-16.625000000000000,22.375000000000000,1
334,2543,5202,-18.625000000000000,22.375000000000000,1
335,2544,5203,-20.625000000000000,22.375000000000000,1
336,2545,5204,-22.625000000000000,22.375000000000000,1
337,2546,5205,-24.625000000000000,22.375000000000000,1
338,2547,5206,-26.625000000000000,22.375000000000000,1
339,2548,5207,-28.625000000000000,22.375000000000000,1
340,2549,5208,-30.625000000000000,22.375000000000000,1
341,2550,5209,-32.625000000000000,22.375000000000000,1
342,2584,5257,-12.625000000000000,22.625000000000000,1
343,2585,5258,-14.625000000000000,22.625000000000000,1
344,2586,5259,-16.625000000000000,22.625000000000000,1
345,2587,5260,-18.625000000000000,22.625000000000000,1
346,2588,5261,-20.625000000000000,22.625000000000000,1
347,2589,5262,-22.625000000000000,22.625000000000000,1
348,2590,5263,-24.625000000000000,22.625000000000000,1
349,2591,5264,-26.625000000000000,22.625000000000000,1
350,2592,5265,-28.625000000000000,22.625000000000000,1
351,2593,5266,-30.625000000000000,22.625000000000000,1
352,2594,5267,-32.625000000000000,22.625000000000000,1
353,2627,5315,-12.625000000000000,22.875000000000000,1
354,2628,5316,-14.625000000000000,22.875000000000000,1
355,2629,5317,-16.625000000000000,22.875000000000000,1
356,2630,5318,-18.625000000000000,22.875000000000000,1
357,2631,5319,-20.625000000000000,22.875000000000000,1
358,2632,5320,-22.625000000000000,22.875000000000000,1
359,2633,5321,-24.625000000000000,22.875000000000000,1
360,2634,5322,-26.625000000000000,22.875000000000000,1
361,2635,5323,-28.625000000000000,22.875000000000000,1
362,2636,5324,-30.625000000000000,22.875000000000000,1
363,2637,5325,-32.625000000000000,22.875000000000000,1
364,2670,5373,-12.625000000000000,23.125000000000000,1
365,2671,5374,-14.625000000000000,23.125000000000000,1
366,2672,5375,-16.625000000000000,23.125000000000000,1
367,2673,5376,-18.625000000000000,23.125000000000000,1
368,2674,5377,-20.625000000000000,23.125000000000000,1
369,2675,5378,-22.625000000000000,23.125000000000000,1
370,2676,5379,-24.625000000000000,23.125000000000000,1
371,2677,5380,-26.625000000000000,23.125000000000000,1
372,2678,5381,-28.625000000000000,23.125000000000000,1
373,2679,5382,-30.625000000000000,23.125000000000000,1
374,2680,5383,-32.625000000000000,23.125000000000000,1
375,2711,5431,-12.625000000000000,23.375000000000000,1
376,2712,5432,-14.625000000000000,23.375000000000000,1
377,2713,5433,-16.625000000000000,23.375000000000000,1
378,2714,5434,-18.625000000000000,23.375000000000000,1
379,2715,5435,-20.625000000000000,23.375000000000000,1
380,2716,5436,-22.625000000000000,23.375000000000000,1
381,2717,5437,-24.625000000000000,23.375000000000000,1
382,2718,5438,-26.625000000000000,23.375000000000000,1
383,2719,5439,-28.625000000000000,23.375000000000000,1
384,2720,5440,-30.625000000000000,23.375000000000000,1
385,2721,5441,-32.625000000000000,23.375000000000000,1
386,2752,5489,-12.625000000000000,23.625000000000000,1
387,2753,5490,-14.625000000000000,23.625000000000000,1
388,2754,5491,-16.625000000000000,23.625000000000000,1
389,2755,5492,-18.625000000000000,23.625000000000000,1
390,2756,5493,-20.625000000000000,23.625000000000000,1
391,2757,5494,-22.625000000000000,23.625000000000000,1
392,2758,5495,-24.625000000000000,23.625000000000000,1
393,2759,5496,-26.625000000000000,23.625000000000000,1
394,2760,5497,-28.625000000000000,23.625000000000000,1
395,2761,5498,-30.625000000000000,23.625000000000000,1
396,2762,5499,-32.625000000000000,23.625000000000000,1
397,2792,5547,-12.625000000000000,23.875000000000000,1
398,2793,5548,-14.625000000000000,23.875000000000000,1
399,2794,5549,-16.625000000000000,23.875000000000000,1
400,2795,5550,-18.625000000000000,23.875000000000000,1
401,2796,5551,-20.625000000000000,23.875000000000000,1
402,2797,5552,-22.625000000000000,23.875000000000000,1
403,2798,5553,-24.625000000000000,23.875000000000000,1
404,2799,5554,-26.625000000000000,23.875000000000000,1
405,2800,5555,-28.625000000000000,23.875000000000000,1
406,2801,5556,-30.625000000000000,23.875000000000000,1
407,2802,5557,-32.625000000000000,23.875000000000000,1
408,2832,5605,-12.625000000000000,24.125000000000000,1
409,2833,5606,-14.625000000000000,24.125000000000000,1
410,2834,5607,-16.625000000000000,24.125000000000000,1
411,2835,5608,-18.625000000000000,24.125000000000000,1
412,2836,5609,-20.625000000000000,24.125000000000000,1
413,2837,5610,-22.625000000000000,24.125000000000000,1
414,2838,5611,-24.625000000000000,24.125000000000000,1
415,2839,5612,-26.625000000000000,24.125000000000000,1
416,2840,5613,-28.625000000000000,24.125000000000000,1
417,2841,5614,-30.625000000000000,24.125000000000000,1
418,2842,5615,-32.625000000000000,24.125000000000000,1
419,2872,5663,-12.625000000000000,24.375000000000000,1
420,2873,5664,-14.625000000000000,24.375000000000000,1
421,2874,5665,-16.625000000000000,24.375000000000000,1
422,2875,5666,-18.625000000000000,24.375000000000000,1
423,2876,5667,-20.625000000000000,24.375000000000000,1
424,2877,5668,-22.625000000000000,24.375000000000000,1
425,2878,5669,-24.625000000000000,24.375000000000000,1
426,2879,5670,-26.625000000000000,24.375000000000000,1
427,2880,5671,-28.625000000000000,24.375000000000000,1
428,2881,5672,-30.625000000000000,24.375000000000000,1
429,2882,5673,-32.625000000000000,24.375000000000000,1
430,2913,5721,-12.625000000000000,24.625000000000000,1
431,2914,5722,-14.625000000000000,24.625000000000000,1
432,2915,5723,-16.625000000000000,24.625000000000000,1
433,2916,5724,-18.625000000000000,24.625000000000000,1
434,2917,5725,-20.625000000000000,24.625000000000000,1
435,2918,5726,-22.625000000000000,24.625000000000000,1
436,2919,5727,-24.625000000000000,24.625000000000000,1
437,2920,5728,-26.625000000000000,24.625000000000000,1
438,2921,5729,-28.625000000000000,24.625000000000000,1
439,2922,5730,-30.625000000000000,24.625000000000000,1
440,2923,5731,-32.625000000000000,24.625000000000000,1
441,2954,5779,-12.625000000000000,24.875000000000000,1
442,2955,5780,-14.625000000000000,24.875000000000000,1
443,2956,5781,-16.625000000000000,24.875000000000000,1
444,2957,5782,-18.625000000000000,24.875000000000000,1
445,2958,5783,-20.625000000000000,24.875000000000000,1
446,2959,5784,-22.625000000000000,24.875000000000000,1
447,2960,5785,-24.625000000000000,24.875000000000000,1
448,2961,5786,-26.625000000000000,24.875000000000000,1
449,2962,5787,-28.625000000000000,24.875000000000000,1
450,2963,5788,-30.625000000000000,24.875000000000000,1
451,2964,5789,-32.625000000000000,24.875000000000000,1
452,2995,5837,-12.625000000000000,25.125000000000000,1
453,2996,5838,-14.625000000000000,25.125000000000000,1
454,2997,5839,-16.625000000000000,25.125000000000000,1
455,2998,5840,-18.625000000000000,25.125000000000000,1
456,2999,5841,-20.625000000000000,25.125000000000000,1
457,3000,5842,-22.625000000000000,25.125000000000000,1
458,3001,5843,-24.625000000000000,25.125000000000000,1
459,3002,5844,-26.625000000000000,25.125000000000000,1
460,3003,5845,-28.625000000000000,25.125000000000000,1
461,3004,5846,-30.625000000000000,25.125000000000000,1
462,3005,5847,-32.625000000000000,25.125000000000000,1
463,3036,5895,-12.625000000000000,25.375000000000000,1
464,3037,5896,-14.625000000000000,25.375000000000000,1
465,3038,5897,-16.625000000000000,25.375000000000000,1
466,3039,5898,-18.625000000000000,25.375000000000000,1
467,3040,5899,-20.625000000000000,25.375000000000000,1
468,3041,5900,-22.625000000000000,25.375000000000000,1
469,3042,5901,-24.625000000000000,25.375000000000000,1
470,3043,5902,-26.625000000000000,25.375000000000000,1
471,3044,5903,-28.625000000000000,25.375000000000000,1
472,3045,5904,-30.625000000000000,25.375000000000000,1
473,3046,5905,-32.625000000000000,25.375000000000000,1
474,3077,5953,-12.625000000000000,25.625000000000000,1
475,3078,5954,-14.625000000000000,25.625000000000000,1
476,3079,5955,-16.625000000000000,25.625000000000000,1
477,3080,5956,-18.625000000000000,25.625000000000000,1
478,3081,5957,-20.625000000000000,25.625000000000000,1
479,3082,5958,-22.625000000000000,25.625000000000000,1
480,3083,5959,-24.625000000000000,25.625000000000000,1
481,3084,5960,-26.625000000000000,25.625000000000000,1
482,3085,5961,-28.625000000000000,25.625000000000000,1
483,3086,5962,-30.625000000000000,25.625000000000000,1
484,3087,5963,-32.625000000000000,25.625000000000000,1
485,3118,6011,-12.625000000000000,25.875000000000000,1
486,3119,6012,-14.625000000000000,25.875000000000000,1
487,3120,6013,-16.625000000000000,25.875000000000000,1
488,3121,6014,-18.625000000000000,25.875000000000000,1
489,3122,6015,-20.625000000000000,25.875000000000000,1
490,3123,6016,-22.625000000000000,25.875000000000000,1
491,3124,6017,-24.625000000000000,25.875000000000000,1
492,3125,6018,-26.625000000000000,25.875000000000000,1
493,3126,6019,-28.625000000000000,25.875000000000000,1
494,3127,6020,-30.625000000000000,25.875000000000000,1
495,3128,6021,-32.625000000000000,25.875000000000000,1
496,3159,6069,-12.625000000000000,26.125000000000000,1
497,3160,6070,-14.625000000000000,26.125000000000000,1
498,3161,6071,-16.625000000000000,26.125000000000000,1
499,3162,6072,-18.625000000000000,26.125000000000000,1
500,3163,6073,-20.625000000000000,26.125000000000000,1
501,3164,6074,-22.625000000000000,26.125000000000000,1
502,3165,6075,-24.625000000000000,26.125000000000000,1
503,3166,6076,-26.625000000000000,26.125000000000000,1
504,3167,6077,-28.625000000000000,26.125000000000000,1
505,3168,6078,-30.625000000000000,26.125000000000000,1
506,3169,6079,-32.625000000000000,26.125000000000000,1
507,3200,6127,-12.625000000000000,26.375000000000000,1
508,3201,6128,-14.625000000000000,26.375000000000000,1
509,3202,6129,-16.625000000000000,26.375000000000000,1
510,3203,6130,-18.625000000000000,26.375000000000000,1
511,3204,6131,-20.625000000000000,26.375000000000000,1
512,3205,6132,-22.625000000000000,26.375000000000000,1
513,3206,6133,-24.625000000000000,26.375000000000000,1
514,3207,6134,-26.625000000000000,26.375000000000000,1
515,3208,6135,-28.625000000000000,26.375000000000000,1
516,3209,6136,-30.625000000000000,26.375000000000000,1
517,3210,6137,-32.625000000000000,26.375000000000000,1
518,3241,6185,-12.625000000000000,26.625000000000000,1
519,3242,6186,-14.625000000000000,26.625000000000000,1
520,3243,6187,-16.625000000000000,26.625000000000000,1
521,3244,6188,-18.625000000000000,26.625000000000000,1
522,3245,6189,-20.625000000000000,26.625000000000000,1
523,3246,6190,-22.625000000000000,26.625000000000000,1
524,3247,6191,-24.625000000000000,26.625000000000000,1
525,3248,6192,-26.625000000000000,26.625000000000000,1
526,3249,6193,-28.625000000000000,26.625000000000000,1
527,3250,6194,-30.625000000000000,26.625000000000000,1
528,3251,6195,-32.625000000000000,26.625000000000000,1
529,3283,6243,-12.625000000000000,26.875000000000000,1
530,3284,6244,-14.625000000000000,26.875000000000000,1
531,3285,6245,-16.625000000000000,26.875000000000000,1
532,3286,6246,-18.625000000000000,26.875000000000000,1
533,3287,6247,-20.625000000000000,26.875000000000000,1
534,3288,6248,-22.625000000000000,26.875000000000000,1
535,3289,6249,-24.625000000000000,26.875000000000000,1
536,3290,6250,-26.625000000000000,26.875000000000000,1
537,3291,6251,-28.625000000000000,26.875000000000000,1
538,3292,6252,-30.625000000000000,26.875000000000000,1
539,3293,6253,-32.625000000000000,26.875000000000000,1
540,3325,6301,-12.625000000000000,27.125000000000000,1
541,3326,6302,-14.625000000000000,27.125000000000000,1
542,3327,6303,-16.625000000000000,27.125000000000000,1
543,3328,6304,-18.625000000000000,27.125000000000000,1
544,3329,6305,-20.625000000000000,27.125000000000000,1
545,3330,6306,-22.625000000000000,27.125000000000000,1
546,3331,6307,-24.625000000000000,27.125000000000000,1
547,3332,6308,-26.625000000000000,27.125000000000000,1
548,3333,6309,-28.625000000000000,27.125000000000000,1
549,3334,6310,-30.625000000000000,27.125000000000000,1
550,3335,6311,-32.625000000000000,27.125000000000000,1
551,3367,6359,-12.625000000000000,27.375000000000000,1
552,3368,6360,-14.625000000000000,27.375000000000000,1
553,3369,6361,-16.625000000000000,27.375000000000000,1
554,3370,6362,-18.625000000000000,27.375000000000000,1
555,3371,6363,-20.625000000000000,27.375000000000000,1
556,3372,6364,-22.625000000000000,27.375000000000000,1
557,3373,6365,-24.625000000000000,27.375000000000000,1
558,3374,6366,-26.625000000000000,27.375000000000000,1
559,3375,6367,-28.625000000000000,27.375000000000000,1
560,3376,6368,-30.625000000000000,27.375000000000000,1
561,3377,6369,-32.625000000000000,27.375000000000000,1
562,3409,6417,-12.625000000000000,27.625000000000000,1
563,3410,6418,-14.625000000000000,27.625000000000000,1
564,3411,6419,-16.625000000000000,27.625000000000000,1
565,3412,6420,-18.625000000000000,27.625000000000000,1
566,3413,6421,-20.625000000000000,27.625000000000000,1
567,3414,6422,-22.625000000000000,27.625000000000000,1
568,3415,6423,-24.625000000000000,27.625000000000000,1
569,3416,6424,-26.625000000000000,27.625000000000000,1
570,3417,6425,-28.625000000000000,27.625000000000000,1
571,3418,6426,-30.625000000000000,27.625000000000000,1
572,3419,6427,-32.625000000000000,27.625000000000000,1
573,3451,6475,-12.625000000000000,27.875000000000000,1
574,3452,6476,-14.625000000000000,27.875000000000000,1
575,3453,6477,-16.625000000000000,27.875000000000000,1
576,3454,6478,-18.625000000000000,27.875000000000000,1
577,3455,6479,-20.625000000000000,27.875000000000000,1
578,3456,6480,-22.625000000000000,27.875000000000000,1
579,3457,6481,-24.625000000000000,27.875000000000000,1
580,3458,6482,-26.625000000000000,27.875000000000000,1
581,3459,6483,-28.625000000000000,27.875000000000000,1
582,3460,6484,-30.625000000000000,27.875000000000000,1
583,3461,6485,-32.625000000000000,27.875000000000000,1
584,3492,6533,-12.625000000000000,28.125000000000000,1
585,3493,6534,-14.625000000000000,28.125000000000000,1
586,3494,6535,-16.625000000000000,28.125000000000000,1
587,3495,6536,-18.625000000000000,28.125000000000000,1
588,3496,6537,-20.625000000000000,28.125000000000000,1
589,3497,6538,-22.625000000000000,28.125000000000000,1
590,3498,6539,-24.625000000000000,28.125000000000000,1
591,3499,6540,-26.625000000000000,28.125000000000000,1
592,3500,6541,-28.625000000000000,28.125000000000000,1
593,3501,6542,-30.625000000000000,28.125000000000000,1
594,3502,6543,-32.625000000000000,28.125000000000000,1
595,3533,6591,-12.625000000000000,28.375000000000000,1
596,3534,6592,-14.625000000000000,28.375000000000000,1
597,3535,6593,-16.625000000000000,28.375000000000000,1
598,3536,6594,-18.625000000000000,28.375000000000000,1
599,3537,6595,-20.625000000000000,28.375000000000000,1
600,3538,6596,-22.625000000000000,28.375000000000000,1
601,3539,6597,-24.625000000000000,28.375000000000000,1
602,3540,6598,-26.625000000000000,28.375000000000000,1
603,3541,6599,-28.625000000000000,28.375000000000000,1
604,3542,6600,-30.625000000000000,28.375000000000000,1
605,3543,6601,-32.625000000000000,28.375000000000000,1
606,3573,6649,-12.625000000000000,28.625000000000000,1
607,3574,6650,-14.625000000000000,28.625000000000000,1
608,3575,6651,-16.625000000000000,28.625000000000000,1
609,3576,6652,-18.625000000000000,28.625000000000000,1
610,3577,6653,-20.625000000000000,28.625000000000000,1
611,3578,6654,-22.625000000000000,28.625000000000000,1
612,3579,6655,-24.625000000000000,28.625000000000000,1
613,3580,6656,-26.625000000000000,28.625000000000000,1
614,3581,6657,-28.625000000000000,28.625000000000000,1
615,3582,6658,-30.625000000000000,28.625000000000000,1
616,3611,6707,-12.625000000000000,28.875000000000000,1
617,3612,6708,-14.625000000000000,28.875000000000000,1
618,3613,6709,-16.625000000000000,28.875000000000000,1
619,3614,6710,-18.625000000000000,28.875000000000000,1
620,3615,6711,-20.625000000000000,28.875000000000000,1
621,3616,6712,-22.625000000000000,28.875000000000000,1
622,3617,6713,-24.625000000000000,28.875000000000000,1
623,3618,6714,-26.625000000000000,28.875000000000000,1
624,3619,6715,-28.625000000000000,28.875000000000000,1
625,3620,6716,-30.625000000000000,28.875000000000000,1
626,3649,6765,-12.625000000000000,29.125000000000000,1
627,3650,6766,-14.625000000000000,29.125000000000000,1
628,3651,6767,-16.625000000000000,29.125000000000000,1
629,3652,6768,-18.625000000000000,29.125000000000000,1
630,3653,6769,-20.625000000000000,29.125000000000000,1
631,3654,6770,-22.625000000000000,29.125000000000000,1
632,3655,6771,-24.625000000000000,29.125000000000000,1
633,3656,6772,-26.625000000000000,29.125000000000000,1
634,3657,6773,-28.625000000000000,29.125000000000000,1
635,3658,6774,-30.625000000000000,29.125000000000000,1
636,3687,6823,-12.625000000000000,29.375000000000000,1
637,3688,6824,-14.625000000000000,29.375000000000000,1
638,3689,6825,-16.625000000000000,29.375000000000000,1
639,3690,6826,-18.625000000000000,29.375000000000000,1
640,3691,6827,-20.625000000000000,29.375000000000000,1
641,3692,6828,-22.625000000000000,29.375000000000000,1
642,3693,6829,-24.625000000000000,29.375000000000000,1
643,3694,6830,-26.625000000000000,29.375000000000000,1
644,3695,6831,-28.625000000000000,29.375000000000000,1
645,3696,6832,-30.625000000000000,29.375000000000000,1
646,3725,6881,-12.625000000000000,29.625000000000000,1
647,3726,6882,-14.625000000000000,29.625000000000000,1
648,3727,6883,-16.625000000000000,29.625000000000000,1
649,3728,6884,-18.625000000000000,29.625000000000000,1
650,3729,6885,-20.625000000000000,29.625000000000000,1
651,3730,6886,-22.625000000000000,29.625000000000000,1
652,3731,6887,-24.625000000000000,29.625000000000000,1
653,3732,6888,-26.625000000000000,29.625000000000000,1
654,3733,6889,-28.625000000000000,29.625000000000000,1
655,3734,6890,-30.625000000000000,29.625000000000000,1
656,3763,6939,-12.625000000000000,29.875000000000000,1
657,3764,6940,-14.625000000000000,29.875000000000000,1
658,3765,6941,-16.625000000000000,29.875000000000000,1
659,3766,6942,-18.625000000000000,29.875000000000000,1
660,3767,6943,-20.625000000000000,29.875000000000000,1
661,3768,6944,-22.625000000000000,29.875000000000000,1
662,3769,6945,-24.625000000000000,29.875000000000000,1
663,3770,6946,-26.625000000000000,29.875000000000000,1
664,3771,6947,-28.625000000000000,29.875000000000000,1
665,3772,6948,-30.625000000000000,29.875000000000000,1
666,3801,6997,-12.625000000000000,30.125000000000000,1
667,3802,6998,-14.625000000000000,30.125000000000000,1
668,3803,6999,-16.625000000000000,30.125000000000000,1
669,3804,7000,-18.625000000000000,30.125000000000000,1
670,3805,7001,-20.625000000000000,30.125000000000000,1
671,3806,7002,-22.625000000000000,30.125000000000000,1
672,3807,7003,-24.625000000000000,30.125000000000000,1
673,3808,7004,-26.625000000000000,30.125000000000000,1
674,3809,7005,-28.625000000000000,30.125000000000000,1
675,3810,7006,-30.625000000000000,30.125000000000000,1
676,3839,7055,-12.625000000000000,30.375000000000000,1
677,3840,7056,-14.625000000000000,30.375000000000000,1
678,3841,7057,-16.625000000000000,30.375000000000000,1
679,3842,7058,-18.625000000000000,30.375000000000000,1
680,3843,7059,-20.625000000000000,30.375000000000000,1
681,3844,7060,-22.625000000000000,30.375000000000000,1
682,3845,7061,-24.625000000000000,30.375000000000000,1
683,3846,7062,-26.625000000000000,30.375000000000000,1
684,3847,7063,-28.625000000000000,30.375000000000000,1
685,3848,7064,-30.625000000000000,30.375000000000000,1
686,3877,7113,-12.625000000000000,30.625000000000000,1
687,3878,7114,-14.625000000000000,30.625000000000000,1
688,3879,7115,-16.625000000000000,30.625000000000000,1
689,3880,7116,-18.625000000000000,30.625000000000000,1
690,3881,7117,-20.625000000000000,30.625000000000000,1
691,3882,7118,-22.625000000000000,30.625000000000000,1
692,3883,7119,-24.625000000000000,30.625000000000000,1
693,3884,7120,-26.625000000000000,30.625000000000000,1
694,3885,7121,-28.625000000000000,30.625000000000000,1
695,3914,7171,-12.625000000000000,30.875000000000000,1
696,3915,7172,-14.625000000000000,30.875000000000000,1
697,3916,7173,-16.625000000000000,30.875000000000000,1
698,3917,7174,-18.625000000000000,30.875000000000000,1
699,3918,7175,-20.625000000000000,30.875000000000000,1
700,3919,7176,-22.625000000000000,30.875000000000000,1
701,3920,7177,-24.625000000000000,30.875000000000000,1
702,3921,7178,-26.625000000000000,30.875000000000000,1
703,3922,7179,-28.625000000000000,30.875000000000000,1
704,3951,7229,-12.625000000000000,31.125000000000000,1
705,3952,7230,-14.625000000000000,31.125000000000000,1
706,3953,7231,-16.625000000000000,31.125000000000000,1
707,3954,7232,-18.625000000000000,31.125000000000000,1
708,3955,7233,-20.625000000000000,31.125000000000000,1
709,3956,7234,-22.625000000000000,31.125000000000000,1
710,3957,7235,-24.625000000000000,31.125000000000000,1
711,3958,7236,-26.625000000000000,31.125000000000000,1
712,3959,7237,-28.625000000000000,31.125000000000000,1
713,3989,7287,-12.625000000000000,31.375000000000000,1
714,3990,7288,-14.625000000000000,31.375000000000000,1
715,3991,7289,-16.625000000000000,31.375000000000000,1
716,3992,7290,-18.625000000000000,31.375000000000000,1
717,3993,7291,-20.625000000000000,31.375000000000000,1
718,3994,7292,-22.625000000000000,31.375000000000000,1
719,3995,7293,-24.625000000000000,31.375000000000000,1
720,4025,7345,-12.625000000000000,31.625000000000000,1
721,4026,7346,-14.625000000000000,31.625000000000000,1
722,4027,7347,-16.625000000000000,31.625000000000000,1
723,4028,7348,-18.625000000000000,31.625000000000000,1
724,4029,7349,-20.625000000000000,31.625000000000000,1
725,4030,7350,-22.625000000000000,31.625000000000000,1
726,4031,7351,-24.625000000000000,31.625000000000000,1
727,4061,7403,-12.625000000000000,31.875000000000000,1
728,4062,7404,-14.625000000000000,31.875000000000000,1
729,4063,7405,-16.625000000000000,31.875000000000000,1
730,4064,7406,-18.625000000000000,31.875000000000000,1
731,4065,7407,-20.625000000000000,31.875000000000000,1
732,4066,7408,-22.625000000000000,31.875000000000000,1
733,4067,7409,-24.625000000000000,31.875000000000000,1
734,4097,7461,-12.625000000000000,32.125000000000000,1
735,4098,7462,-14.625000000000000,32.125000000000000,1
736,4099,7463,-16.625000000000000,32.125000000000000,1
737,4100,7464,-18.625000000000000,32.125000000000000,1
738,4101,7465,-20.625000000000000,32.125000000000000,1
739,4102,7466,-22.625000000000000,32.125000000000000,1
740,4103,7467,-24.625000000000000,32.125000000000000,1
741,4133,7519,-12.625000000000000,32.375000000000000,1
742,4134,7520,-14.625000000000000,32.375000000000000,1
743,4135,7521,-16.625000000000000,32.375000000000000,1
744,4136,7522,-18.625000000000000,32.375000000000000,1
745,4137,7523,-20.625000000000000,32.375000000000000,1
746,4138,7524,-22.625000000000000,32.375000000000000,1
747,4139,7525,-24.625000000000000,32.375000000000000,1
748,4168,7577,-12.625000000000000,32.625000000000000,1
749,4169,7578,-14.625000000000000,32.625000000000000,1
750,4170,7579,-16.625000000000000,32.625000000000000,1
751,4171,7580,-18.625000000000000,32.625000000000000,1
752,4172,7581,-20.625000000000000,32.625000000000000,1
753,4173,7582,-22.625000000000000,32.625000000000000,1
754,4174,7583,-24.625000000000000,32.625000000000000,1
755,4204,7635,-12.625000000000000,32.875000000000000,1
756,4205,7636,-14.625000000000000,32.875000000000000,1
757,4206,7637,-16.625000000000000,32.875000000000000,1
758,4207,7638,-18.625000000000000,32.875000000000000,1
759,4208,7639,-20.625000000000000,32.875000000000000,1
760,4209,7640,-22.625000000000000,32.875000000000000,1
761,4210,7641,-24.625000000000000,32.875000000000000,1
762,4240,7693,-12.625000000000000,33.125000000000000,1
763,4241,7694,-14.625000000000000,33.125000000000000,1
764,4242,7695,-16.625000000000000,33.125000000000000,1
765,4243,7696,-18.625000000000000,33.125000000000000,1
766,4244,7697,-20.625000000000000,33.125000000000000,1
767,4245,7698,-22.625000000000000,33.125000000000000,1
768,4246,7699,-24.625000000000000,33.125000000000000,1
769,4276,7751,-12.625000000000000,33.375000000000000,1
770,4277,7752,-14.625000000000000,33.375000000000000,1
771,4278,7753,-16.625000000000000,33.375000000000000,1
772,4279,7754,-18.625000000000000,33.375000000000000,1
773,4280,7755,-20.625000000000000,33.375000000000000,1
774,4281,7756,-22.625000000000000,33.375000000000000,1
775,4282,7757,-24.625000000000000,33.375000000000000,1
776,4312,7809,-12.625000000000000,33.625000000000000,1
777,4313,7810,-14.625000000000000,33.625000000000000,1
778,4314,7811,-16.625000000000000,33.625000000000000,1
779,4315,7812,-18.625000000000000,33.625000000000000,1
780,4316,7813,-20.625000000000000,33.625000000000000,1
781,4317,7814,-22.625000000000000,33.625000000000000,1
782,4318,7815,-24.625000000000000,33.625000000000000,1
783,4349,7868,-14.625000000000000,33.875000000000000,1
784,4350,7869,-16.625000000000000,33.875000000000000,1
785,4351,7870,-18.625000000000000,33.875000000000000,1
786,4352,7871,-20.625000000000000,33.875000000000000,1
787,4353,7872,-22.625000000000000,33.875000000000000,1
788,4384,7926,-14.625000000000000,34.125000000000000,1
789,4385,7927,-16.625000000000000,34.125000000000000,1
790,4386,7928,-18.625000000000000,34.125000000000000,1
791,4387,7929,-20.625000000000000,34.125000000000000,1
792,4388,7930,-22.625000000000000,34.125000000000000,1
793,4419,7984,-14.625000000000000,34.375000000000000,1
794,4420,7985,-16.625000000000000,34.375000000000000,1
795,4421,7986,-18.625000000000000,34.375000000000000,1
796,4422,7987,-20.625000000000000,34.375000000000000,1
797,4423,7988,-22.625000000000000,34.375000000000000,1
798,4454,8042,-14.625000000000000,34.625000000000000,1
799,4455,8043,-16.625000000000000,34.625000000000000,1
800,4456,8044,-18.625000000000000,34.625000000000000,1
801,4457,8045,-20.625000000000000,34.625000000000000,1
802,4458,8046,-22.625000000000000,34.625000000000000,1
803,4487,8100,-14.625000000000000,34.875000000000000,1
804,4488,8101,-16.625000000000000,34.875000000000000,1
805,4489,8102,-18.625000000000000,34.875000000000000,1
806,4490,8104,-22.625000000000000,34.875000000000000,1
807,4519,8158,-14.625000000000000,35.125000000000000,1
808,4520,8159,-16.625000000000000,35.125000000000000,1
809,4521,8160,-18.625000000000000,35.125000000000000,1
810,4522,8162,-22.625000000000000,35.125000000000000,1
811,4551,8216,-14.625000000000000,35.375000000000000,1
812,4552,8217,-16.625000000000000,35.375000000000000,1
813,4553,8218,-18.625000000000000,35.375000000000000,1
814,4554,8220,-22.625000000000000,35.375000000000000,1
815,4582,8274,-14.625000000000000,35.625000000000000,1
816,4583,8275,-16.625000000000000,35.625000000000000,1
817,4584,8276,-18.625000000000000,35.625000000000000,1
818,4613,8332,-14.625000000000000,35.875000000000000,1
819,4614,8333,-16.625000000000000,35.875000000000000,1
820,4615,8334,-18.625000000000000,35.875000000000000,1
821,4644,8390,-14.625000000000000,36.125000000000000,1
822,4645,8391,-16.625000000000000,36.125000000000000,1
823,4646,8392,-18.625000000000000,36.125000000000000,1
824,4676,8447,-12.625000000000000,36.375000000000000,1
825,4677,8448,-14.625000000000000,36.375000000000000,1
826,4678,8449,-16.625000000000000,36.375000000000000,1
827,4679,8450,-18.625000000000000,36.375000000000000,1
828,4709,8505,-12.625000000000000,36.625000000000000,1
829,4710,8506,-14.625000000000000,36.625000000000000,1
830,4711,8507,-16.625000000000000,36.625000000000000,1
831,4741,8563,-12.625000000000000,36.875000000000000,1
832,4742,8564,-14.625000000000000,36.875000000000000,1
833,4743,8565,-16.625000000000000,36.875000000000000,1
834,4774,8621,-12.625000000000000,37.125000000000000,1
835,4775,8622,-14.625000000000000,37.125000000000000,1
836,4776,8623,-16.625000000000000,37.125000000000000,1
837,4807,8679,-12.625000000000000,37.375000000000000,1
838,4808,8680,-14.625000000000000,37.375000000000000,1
839,4809,8681,-16.625000000000000,37.375000000000000,1
840,4840,8737,-12.625000000000000,37.625000000000000,1
841,4841,8738,-14.625000000000000,37.625000000000000,1
842,4842,8739,-16.625000000000000,37.625000000000000,1
843,4873,8795,-12.625000000000000,37.875000000000000,1
844,4874,8796,-14.625000000000000,37.875000000000000,1
845,4875,8797,-16.625000000000000,37.875000000000000,1
846,4906,8853,-12.625000000000000,38.125000000000000,1
847,4907,8854,-14.625000000000000,38.125000000000000,1
848,4908,8855,-16.625000000000000,38.125000000000000,1
849,4939,8911,-12.625000000000000,38.375000000000000,1
850,4940,8912,-14.625000000000000,38.375000000000000,1
851,4941,8913,-16.625000000000000,38.375000000000000,1
852,4972,8969,-12.625000000000000,38.625000000000000,1
853,4973,8970,-14.625000000000000,38.625000000000000,1
854,4974,8971,-16.625000000000000,38.625000000000000,1
855,5002,9027,-12.625000000000000,38.875000000000000,1
856,5003,9028,-14.625000000000000,38.875000000000000,1
857,5031,9085,-12.625000000000000,39.125000000000000,1
858,5032,9086,-14.625000000000000,39.125000000000000,1
859,5061,9143,-12.625000000000000,39.375000000000000,1
860,5062,9144,-14.625000000000000,39.375000000000000,1
861,5091,9201,-12.625000000000000,39.625000000000000,1
862,5092,9202,-14.625000000000000,39.625000000000000,1
863,5121,9259,-12.625000000000000,39.875000000000000,1
864,5122,9260,-14.625000000000000,39.875000000000000,1
865,5150,9317,-12.625000000000000,40.125000000000000,1
866,5151,9318,-14.625000000000000,40.125000000000000,1
867,5178,9375,-12.625000000000000,40.375000000000000,1
868,5179,9376,-14.625000000000000,40.375000000000000,1
869,5206,9434,-14.625000000000000,40.625000000000000,1
870,5571,10192,-22.625000000000000,43.875000000000000,1
871,5600,10249,-20.625000000000000,44.125000000000000,1
872,5601,10250,-22.625000000000000,44.125000000000000,1
873,5602,10251,-24.625000000000000,44.125000000000000,1
874,5630,10306,-18.625000000000000,44.375000000000000,1
875,5631,10307,-20.625000000000000,44.375000000000000,1
876,5632,10308,-22.625000000000000,44.375000000000000,1
877,5633,10309,-24.625000000000000,44.375000000000000,1
878,5661,10363,-16.625000000000000,44.625000000000000,1
879,5662,10364,-18.625000000000000,44.625000000000000,1
880,5663,10365,-20.625000000000000,44.625000000000000,1
881,5664,10366,-22.625000000000000,44.625000000000000,1
882,5665,10367,-24.625000000000000,44.625000000000000,1
883,5693,10421,-16.625000000000000,44.875000000000000,1
884,5694,10422,-18.625000000000000,44.875000000000000,1
885,5695,10423,-20.625000000000000,44.875000000000000,1
886,5696,10424,-22.625000000000000,44.875000000000000,1
887,5697,10425,-24.625000000000000,44.875000000000000,1
888,5725,10479,-16.625000000000000,45.125000000000000,1
889,5726,10480,-18.625000000000000,45.125000000000000,1
890,5727,10481,-20.625000000000000,45.125000000000000,1
891,5728,10482,-22.625000000000000,45.125000000000000,1
892,5729,10483,-24.625000000000000,45.125000000000000,1
893,5757,10537,-16.625000000000000,45.375000000000000,1
894,5758,10538,-18.625000000000000,45.375000000000000,1
895,5759,10539,-20.625000000000000,45.375000000000000,1
896,5760,10540,-22.625000000000000,45.375000000000000,1
897,5761,10541,-24.625000000000000,45.375000000000000,1
898,5789,10595,-16.625000000000000,45.625000000000000,1
899,5790,10596,-18.625000000000000,45.625000000000000,1
900,5791,10597,-20.625000000000000,45.625000000000000,1
901,5792,10598,-22.625000000000000,45.625000000000000,1
902,5793,10599,-24.625000000000000,45.625000000000000,1
903,5821,10653,-16.625000000000000,45.875000000000000,1
904,5822,10654,-18.625000000000000,45.875000000000000,1
905,5823,10655,-20.625000000000000,45.875000000000000,1
906,5824,10656,-22.625000000000000,45.875000000000000,1
907,5825,10657,-24.625000000000000,45.875000000000000,1
908,5853,10711,-16.625000000000000,46.125000000000000,1
909,5854,10712,-18.625000000000000,46.125000000000000,1
910,5855,10713,-20.625000000000000,46.125000000000000,1
911,5856,10714,-22.625000000000000,46.125000000000000,1
912,5857,10715,-24.625000000000000,46.125000000000000,1
913,5883,10769,-16.625000000000000,46.375000000000000,1
914,5884,10770,-18.625000000000000,46.375000000000000,1
915,5885,10771,-20.625000000000000,46.375000000000000,1
916,5886,10772,-22.625000000000000,46.375000000000000,1
917,5912,10827,-16.625000000000000,46.625000000000000,1
918,5913,10828,-18.625000000000000,46.625000000000000,1
919,5914,10829,-20.625000000000000,46.625000000000000,1
920,5915,10830,-22.625000000000000,46.625000000000000,1
921,5941,10885,-16.625000000000000,46.875000000000000,1
922,5942,10886,-18.625000000000000,46.875000000000000,1
923,5943,10887,-20.625000000000000,46.875000000000000,1
924,5944,10888,-22.625000000000000,46.875000000000000,1
925,5970,10943,-16.625000000000000,47.125000000000000,1
926,5971,10944,-18.625000000000000,47.125000000000000,1
927,5972,10945,-20.625000000000000,47.125000000000000,1
928,5973,10946,-22.625000000000000,47.125000000000000,1
929,5999,11001,-16.625000000000000,47.375000000000000,1
930,6000,11002,-18.625000000000000,47.375000000000000,1
931,6001,11003,-20.625000000000000,47.375000000000000,1
932,6002,11004,-22.625000000000000,47.375000000000000,1
933,6028,11059,-16.625000000000000,47.625000000000000,1
934,6029,11060,-18.625000000000000,47.625000000000000,1
935,6030,11061,-20.625000000000000,47.625000000000000,1
936,6031,11062,-22.625000000000000,47.625000000000000,1
937,6056,11116,-14.625000000000000,47.875000000000000,1
938,6057,11117,-16.625000000000000,47.875000000000000,1
939,6058,11118,-18.625000000000000,47.875000000000000,1
940,6059,11119,-20.625000000000000,47.875000000000000,1
941,6084,11174,-14.625000000000000,48.125000000000000,1
942,6085,11175,-16.625000000000000,48.125000000000000,1
943,6086,11176,-18.625000000000000,48.125000000000000,1
944,6087,11177,-20.625000000000000,48.125000000000000,1
945,6112,11232,-14.625000000000000,48.375000000000000,1
946,6113,11233,-16.625000000000000,48.375000000000000,1
947,6114,11234,-18.625000000000000,48.375000000000000,1
948,6115,11235,-20.625000000000000,48.375000000000000,1
949,6139,11290,-14.625000000000000,48.625000000000000,1
950,6140,11291,-16.625000000000000,48.625000000000000,1
951,6141,11292,-18.625000000000000,48.625000000000000,1
952,6159,11348,-14.625000000000000,48.875000000000000,1
953,6177,11406,-14.625000000000000,49.125000000000000,1
954,6195,11464,-14.625000000000000,49.375000000000000,1
955,6213,11522,-14.625000000000000,49.625000000000000,1
956,6231,11580,-14.625000000000000,49.875000000000000,1
957,6249,11638,-14.625000000000000,50.125000000000000,1