FID,OBJECTID,field,Var1,Var2,value
0,10,16,29.375000000000000,0.125000000000000,1
1,11,17,27.375000000000000,0.125000000000000,1
2,12,18,25.375000000000000,0.125000000000000,1
3,13,19,23.375000000000000,0.125000000000000,1
4,14,20,21.375000000000000,0.125000000000000,1
5,15,21,19.375000000000000,0.125000000000000,1
6,16,22,17.375000000000000,0.125000000000000,1
7,17,23,15.375000000000000,0.125000000000000,1
8,30,74,29.375000000000000,0.375000000000000,1
9,31,75,27.375000000000000,0.375000000000000,1
10,32,76,25.375000000000000,0.375000000000000,1
11,33,77,23.375000000000000,0.375000000000000,1
12,34,78,21.375000000000000,0.375000000000000,1
13,35,79,19.375000000000000,0.375000000000000,1
14,36,80,17.375000000000000,0.375000000000000,1
15,37,81,15.375000000000000,0.375000000000000,1
16,50,132,29.375000000000000,0.625000000000000,1
17,51,133,27.375000000000000,0.625000000000000,1
18,52,134,25.375000000000000,0.625000000000000,1
19,53,135,23.375000000000000,0.625000000000000,1
20,54,136,21.375000000000000,0.625000000000000,1
21,55,137,19.375000000000000,0.625000000000000,1
22,56,138,17.375000000000000,0.625000000000000,1
23,57,139,15.375000000000000,0.625000000000000,1
24,70,190,29.375000000000000,0.875000000000000,1
25,71,191,27.375000000000000,0.875000000000000,1
26,72,192,25.375000000000000,0.875000000000000,1
27,73,193,23.375000000000000,0.875000000000000,1
28,74,194,21.375000000000000,0.875000000000000,1
29,75,195,19.375000000000000,0.875000000000000,1
30,76,196,17.375000000000000,0.875000000000000,1
31,77,197,15.375000000000000,0.875000000000000,1
32,89,248,29.375000000000000,1.125000000000000,1
33,90,249,27.375000000000000,1.125000000000000,1
34,91,250,25.375000000000000,1.125000000000000,1
35,92,251,23.375000000000000,1.125000000000000,1
36,93,252,21.375000000000000,1.125000000000000,1
37,94,253,19.375000000000000,1.125000000000000,1
38,95,254,17.375000000000000,1.125000000000000,1
39,96,255,15.375000000000000,1.125000000000000,1
40,109,306,29.375000000000000,1.375000000000000,1
41,110,307,27.375000000000000,1.375000000000000,1
42,111,308,25.375000000000000,1.375000000000000,1
43,112,309,23.375000000000000,1.375000000000000,1
44,113,310,21.375000000000000,1.375000000000000,1
45,114,311,19.375000000000000,1.375000000000000,1
46,115,312,17.375000000000000,1.375000000000000,1
47,116,313,15.375000000000000,1.375000000000000,1
48,129,364,29.375000000000000,1.625000000000000,1
49,130,365,27.375000000000000,1.625000000000000,1
50,131,366,25.375000000000000,1.625000000000000,1
51,132,367,23.375000000000000,1.625000000000000,1
52,133,368,21.375000000000000,1.625000000000000,1
53,134,369,19.375000000000000,1.625000000000000,1
54,135,370,17.375000000000000,1.625000000000000,1
55,136,371,15.375000000000000,1.625000000000000,1
56,149,422,29.375000000000000,1.875000000000000,1
57,150,423,27.375000000000000,1.875000000000000,1
58,151,424,25.375000000000000,1.875000000000000,1
59,152,425,23.375000000000000,1.875000000000000,1
60,153,426,21.375000000000000,1.875000000000000,1
61,154,427,19.375000000000000,1.875000000000000,1
62,155,428,17.375000000000000,1.875000000000000,1
63,156,429,15.375000000000000,1.875000000000000,1
64,169,480,29.375000000000000,2.125000000000000,1
65,170,481,27.375000000000000,2.125000000000000,1
66,171,482,25.375000000000000,2.125000000000000,1
67,172,483,23.375000000000000,2.125000000000000,1
68,173,484,21.375000000000000,2.125000000000000,1
69,174,485,19.375000000000000,2.125000000000000,1
70,175,486,17.375000000000000,2.125000000000000,1
71,176,487,15.375000000000000,2.125000000000000,1
72,188,538,29.375000000000000,2.375000000000000,1
73,189,539,27.375000000000000,2.375000000000000,1
74,190,540,25.375000000000000,2.375000000000000,1
75,191,541,23.375000000000000,2.375000000000000,1
76,192,542,21.375000000000000,2.375000000000000,1
77,193,543,19.375000000000000,2.375000000000000,1
78,194,544,17.375000000000000,2.375000000000000,1
79,195,545,15.375000000000000,2.375000000000000,1
80,207,596,29.375000000000000,2.625000000000000,1
81,208,597,27.375000000000000,2.625000000000000,1
82,209,598,25.375000000000000,2.625000000000000,1
83,210,599,23.375000000000000,2.625000000000000,1
84,211,600,21.375000000000000,2.625000000000000,1
85,212,601,19.375000000000000,2.625000000000000,1
86,213,602,17.375000000000000,2.625000000000000,1
87,214,603,15.375000000000000,2.625000000000000,1
88,226,654,29.375000000000000,2.875000000000000,1
89,227,655,27.375000000000000,2.875000000000000,1
90,228,656,25.375000000000000,2.875000000000000,1
91,229,657,23.375000000000000,2.875000000000000,1
92,230,658,21.375000000000000,2.875000000000000,1
93,231,659,19.375000000000000,2.875000000000000,1
94,232,660,17.375000000000000,2.875000000000000,1
95,233,661,15.375000000000000,2.875000000000000,1
96,245,712,29.375000000000000,3.125000000000000,1
97,246,713,27.375000000000000,3.125000000000000,1
98,247,714,25.375000000000000,3.125000000000000,1
99,248,715,23.375000000000000,3.125000000000000,1
100,249,716,21.375000000000000,3.125000000000000,1
101,250,717,19.375000000000000,3.125000000000000,1
102,251,718,17.375000000000000,3.125000000000000,1
103,252,719,15.375000000000000,3.125000000000000,1
104,264,770,29.375000000000000,3.375000000000000,1
105,265,771,27.375000000000000,3.375000000000000,1
106,266,772,25.375000000000000,3.375000000000000,1
107,267,773,23.375000000000000,3.375000000000000,1
108,268,774,21.375000000000000,3.375000000000000,1
109,269,775,19.375000000000000,3.375000000000000,1
110,270,776,17.375000000000000,3.375000000000000,1
111,271,777,15.375000000000000,3.375000000000000,1
112,283,828,29.375000000000000,3.625000000000000,1
113,284,829,27.375000000000000,3.625000000000000,1
114,285,830,25.375000000000000,3.625000000000000,1
115,286,831,23.375000000000000,3.625000000000000,1
116,287,832,21.375000000000000,3.625000000000000,1
117,288,833,19.375000000000000,3.625000000000000,1
118,289,834,17.375000000000000,3.625000000000000,1
119,290,835,15.375000000000000,3.625000000000000,1
120,301,886,29.375000000000000,3.875000000000000,1
121,302,887,27.375000000000000,3.875000000000000,1
122,303,888,25.375000000000000,3.875000000000000,1
123,304,889,23.375000000000000,3.875000000000000,1
124,305,890,21.375000000000000,3.875000000000000,1
125,306,891,19.375000000000000,3.875000000000000,1
126,307,892,17.375000000000000,3.875000000000000,1
127,308,893,15.375000000000000,3.875000000000000,1
128,319,944,29.375000000000000,4.125000000000000,1
129,320,945,27.375000000000000,4.125000000000000,1
130,321,946,25.375000000000000,4.125000000000000,1
131,322,947,23.375000000000000,4.125000000000000,1
132,323,948,21.375000000000000,4.125000000000000,1
133,324,949,19.375000000000000,4.125000000000000,1
134,325,950,17.375000000000000,4.125000000000000,1
135,326,951,15.375000000000000,4.125000000000000,1
136,338,1002,29.375000000000000,4.375000000000000,1
137,339,1003,27.375000000000000,4.375000000000000,1
138,340,1004,25.375000000000000,4.375000000000000,1
139,341,1005,23.375000000000000,4.375000000000000,1
140,342,1006,21.375000000000000,4.375000000000000,1
141,343,1007,19.375000000000000,4.375000000000000,1
142,344,1008,17.375000000000000,4.375000000000000,1
143,345,1009,15.375000000000000,4.375000000000000,1
144,357,1060,29.375000000000000,4.625000000000000,1
145,358,1061,27.375000000000000,4.625000000000000,1
146,359,1062,25.375000000000000,4.625000000000000,1
147,360,1063,23.375000000000000,4.625000000000000,1
148,361,1064,21.375000000000000,4.625000000000000,1
149,362,1065,19.375000000000000,4.625000000000000,1
150,363,1066,17.375000000000000,4.625000000000000,1
151,364,1067,15.375000000000000,4.625000000000000,1
152,376,1118,29.375000000000000,4.875000000000000,1
153,377,1119,27.375000000000000,4.875000000000000,1
154,378,1120,25.375000000000000,4.875000000000000,1
155,379,1121,23.375000000000000,4.875000000000000,1
156,380,1122,21.375000000000000,4.875000000000000,1
157,381,1123,19.375000000000000,4.875000000000000,1
158,382,1124,17.375000000000000,4.875000000000000,1
159,383,1125,15.375000000000000,4.875000000000000,1
160,395,1176,29.375000000000000,5.125000000000000,1
161,396,1177,27.375000000000000,5.125000000000000,1
162,397,1178,25.375000000000000,5.125000000000000,1
163,398,1179,23.375000000000000,5.125000000000000,1
164,399,1180,21.375000000000000,5.125000000000000,1
165,400,1181,19.375000000000000,5.125000000000000,1
166,401,1182,17.375000000000000,5.125000000000000,1
167,402,1183,15.375000000000000,5.125000000000000,1
168,414,1234,29.375000000000000,5.375000000000000,1
169,415,1235,27.375000000000000,5.375000000000000,1
170,416,1236,25.375000000000000,5.375000000000000,1
171,417,1237,23.375000000000000,5.375000000000000,1
172,418,1238,21.375000000000000,5.375000000000000,1
173,419,1239,19.375000000000000,5.375000000000000,1
174,420,1240,17.375000000000000,5.375000000000000,1
175,421,1241,15.375000000000000,5.375000000000000,1
176,433,1292,29.375000000000000,5.625000000000000,1
177,434,1293,27.375000000000000,5.625000000000000,1
178,435,1294,25.375000000000000,5.625000000000000,1
179,436,1295,23.375000000000000,5.625000000000000,1
180,437,1296,21.375000000000000,5.625000000000000,1
181,438,1297,19.375000000000000,5.625000000000000,1
182,439,1298,17.375000000000000,5.625000000000000,1
183,440,1299,15.375000000000000,5.625000000000000,1
184,453,1350,29.375000000000000,5.875000000000000,1
185,454,1351,27.375000000000000,5.875000000000000,1
186,455,1352,25.375000000000000,5.875000000000000,1
187,456,1353,23.375000000000000,5.875000000000000,1
188,457,1354,21.375000000000000,5.875000000000000,1
189,458,1355,19.375000000000000,5.875000000000000,1
190,459,1356,17.375000000000000,5.875000000000000,1
191,460,1357,15.375000000000000,5.875000000000000,1
192,473,1408,29.375000000000000,6.125000000000000,1
193,474,1409,27.375000000000000,6.125000000000000,1
194,475,1410,25.375000000000000,6.125000000000000,1
195,476,1411,23.375000000000000,6.125000000000000,1
196,477,1412,21.375000000000000,6.125000000000000,1
197,478,1413,19.375000000000000,6.125000000000000,1
198,479,1414,17.375000000000000,6.125000000000000,1
199,480,1415,15.375000000000000,6.125000000000000,1
200,494,1466,29.375000000000000,6.375000000000000,1
201,495,1467,27.375000000000000,6.375000000000000,1
202,496,1468,25.375000000000000,6.375000000000000,1
203,497,1469,23.375000000000000,6.375000000000000,1
204,498,1470,21.375000000000000,6.375000000000000,1
205,499,1471,19.375000000000000,6.375000000000000,1
206,500,1472,17.375000000000000,6.375000000000000,1
207,501,1473,15.375000000000000,6.375000000000000,1
208,516,1524,29.375000000000000,6.625000000000000,1
209,517,1525,27.375000000000000,6.625000000000000,1
210,518,1526,25.375000000000000,6.625000000000000,1
211,519,1527,23.375000000000000,6.625000000000000,1
212,520,1528,21.375000000000000,6.625000000000000,1
213,521,1529,19.375000000000000,6.625000000000000,1
214,522,1530,17.375000000000000,6.625000000000000,1
215,523,1531,15.375000000000000,6.625000000000000,1
216,538,1582,29.375000000000000,6.875000000000000,1
217,539,1583,27.375000000000000,6.875000000000000,1
218,540,1584,25.375000000000000,6.875000000000000,1
219,541,1585,23.375000000000000,6.875000000000000,1
220,542,1586,21.375000000000000,6.875000000000000,1
221,543,1587,19.375000000000000,6.875000000000000,1
222,544,1588,17.375000000000000,6.875000000000000,1
223,545,1589,15.375000000000000,6.875000000000000,1
224,560,1640,29.375000000000000,7.125000000000000,1
225,561,1641,27.375000000000000,7.125000000000000,1
226,562,1642,25.375000000000000,7.125000000000000,1
227,563,1643,23.375000000000000,7.125000000000000,1
228,564,1644,21.375000000000000,7.125000000000000,1
229,565,1645,19.375000000000000,7.125000000000000,1
230,566,1646,17.375000000000000,7.125000000000000,1
231,567,1647,15.375000000000000,7.125000000000000,1
232,582,1698,29.375000000000000,7.375000000000000,1
233,583,1699,27.375000000000000,7.375000000000000,1
234,584,1700,25.375000000000000,7.375000000000000,1
235,585,1701,23.375000000000000,7.375000000000000,1
236,586,1702,21.375000000000000,7.375000000000000,1
237,587,1703,19.375000000000000,7.375000000000000,1
238,588,1704,17.375000000000000,7.375000000000000,1
239,589,1705,15.375000000000000,7.375000000000000,1
240,604,1756,29.375000000000000,7.625000000000000,1
241,605,1757,27.375000000000000,7.625000000000000,1
242,606,1758,25.375000000000000,7.625000000000000,1
243,607,1759,23.375000000000000,7.625000000000000,1
244,608,1760,21.375000000000000,7.625000000000000,1
245,609,1761,19.375000000000000,7.625000000000000,1
246,610,1762,17.375000000000000,7.625000000000000,1
247,611,1763,15.375000000000000,7.625000000000000,1
248,626,1814,29.375000000000000,7.875000000000000,1
249,627,1815,27.375000000000000,7.875000000000000,1
250,628,1816,25.375000000000000,7.875000000000000,1
251,629,1817,23.375000000000000,7.875000000000000,1
252,630,1818,21.375000000000000,7.875000000000000,1
253,631,1819,19.375000000000000,7.875000000000000,1
254,632,1820,17.375000000000000,7.875000000000000,1
255,633,1821,15.375000000000000,7.875000000000000,1
256,648,1872,29.375000000000000,8.125000000000000,1
257,649,1873,27.375000000000000,8.125000000000000,1
258,650,1874,25.375000000000000,8.125000000000000,1
259,651,1875,23.375000000000000,8.125000000000000,1
260,652,1876,21.375000000000000,8.125000000000000,1
261,653,1877,19.375000000000000,8.125000000000000,1
262,654,1878,17.375000000000000,8.125000000000000,1
263,655,1879,15.375000000000000,8.125000000000000,1
264,670,1930,29.375000000000000,8.375000000000000,1
265,671,1931,27.375000000000000,8.375000000000000,1
266,672,1932,25.375000000000000,8.375000000000000,1
267,673,1933,23.375000000000000,8.375000000000000,1
268,674,1934,21.375000000000000,8.375000000000000,1
269,675,1935,19.375000000000000,8.375000000000000,1
270,676,1936,17.375000000000000,8.375000000000000,1
271,677,1937,15.375000000000000,8.375000000000000,1
272,692,1988,29.375000000000000,8.625000000000000,1
273,693,1989,27.375000000000000,8.625000000000000,1
274,694,1990,25.375000000000000,8.625000000000000,1
275,695,1991,23.375000000000000,8.625000000000000,1
276,696,1992,21.375000000000000,8.625000000000000,1
277,697,1993,19.375000000000000,8.625000000000000,1
278,698,1994,17.375000000000000,8.625000000000000,1
279,699,1995,15.375000000000000,8.625000000000000,1
280,715,2046,29.375000000000000,8.875000000000000,1
281,716,2047,27.375000000000000,8.875000000000000,1
282,717,2048,25.375000000000000,8.875000000000000,1
283,718,2049,23.375000000000000,8.875000000000000,1
284,719,2050,21.375000000000000,8.875000000000000,1
285,720,2051,19.375000000000000,8.875000000000000,1
286,721,2052,17.375000000000000,8.875000000000000,1
287,722,2053,15.375000000000000,8.875000000000000,1
288,738,2104,29.375000000000000,9.125000000000000,1
289,739,2105,27.375000000000000,9.125000000000000,1
290,740,2106,25.375000000000000,9.125000000000000,1
291,741,2107,23.375000000000000,9.125000000000000,1
292,742,2108,21.375000000000000,9.125000000000000,1
293,743,2109,19.375000000000000,9.125000000000000,1
294,744,2110,17.375000000000000,9.125000000000000,1
295,745,2111,15.375000000000000,9.125000000000000,1
296,762,2162,29.375000000000000,9.375000000000000,1
297,763,2163,27.375000000000000,9.375000000000000,1
298,764,2164,25.375000000000000,9.375000000000000,1
299,765,2165,23.375000000000000,9.375000000000000,1
300,766,2166,21.375000000000000,9.375000000000000,1
301,767,2167,19.375000000000000,9.375000000000000,1
302,768,2168,17.375000000000000,9.375000000000000,1
303,769,2169,15.375000000000000,9.375000000000000,1
304,785,2220,29.375000000000000,9.625000000000000,1
305,786,2221,27.375000000000000,9.625000000000000,1
306,787,2222,25.375000000000000,9.625000000000000,1
307,788,2223,23.375000000000000,9.625000000000000,1
308,789,2224,21.375000000000000,9.625000000000000,1
309,790,2225,19.375000000000000,9.625000000000000,1
310,791,2226,17.375000000000000,9.625000000000000,1
311,792,2227,15.375000000000000,9.625000000000000,1
312,810,2278,29.375000000000000,9.875000000000000,1
313,811,2279,27.375000000000000,9.875000000000000,1
314,812,2280,25.375000000000000,9.875000000000000,1
315,813,2281,23.375000000000000,9.875000000000000,1
316,814,2282,21.375000000000000,9.875000000000000,1
317,815,2283,19.375000000000000,9.875000000000000,1
318,816,2284,17.375000000000000,9.875000000000000,1
319,817,2285,15.375000000000000,9.875000000000000,1
320,837,2336,29.375000000000000,10.125000000000000,1
321,838,2337,27.375000000000000,10.125000000000000,1
322,839,2338,25.375000000000000,10.125000000000000,1
323,840,2339,23.375000000000000,10.125000000000000,1
324,841,2340,21.375000000000000,10.125000000000000,1
325,842,2341,19.375000000000000,10.125000000000000,1
326,843,2342,17.375000000000000,10.125000000000000,1
327,844,2343,15.375000000000000,10.125000000000000,1
328,864,2394,29.375000000000000,10.375000000000000,1
329,865,2395,27.375000000000000,10.375000000000000,1
330,866,2396,25.375000000000000,10.375000000000000,1
331,867,2397,23.375000000000000,10.375000000000000,1
332,868,2398,21.375000000000000,10.375000000000000,1
333,869,2399,19.375000000000000,10.375000000000000,1
334,870,2400,17.375000000000000,10.375000000000000,1
335,871,2401,15.375000000000000,10.375000000000000,1
336,890,2452,29.375000000000000,10.625000000000000,1
337,891,2453,27.375000000000000,10.625000000000000,1
338,892,2454,25.375000000000000,10.625000000000000,1
339,893,2455,23.375000000000000,10.625000000000000,1
340,894,2456,21.375000000000000,10.625000000000000,1
341,895,2457,19.375000000000000,10.625000000000000,1
342,896,2458,17.375000000000000,10.625000000000000,1
343,897,2459,15.375000000000000,10.625000000000000,1
344,916,2510,29.375000000000000,10.875000000000000,1
345,917,2511,27.375000000000000,10.875000000000000,1
346,918,2512,25.375000000000000,10.875000000000000,1
347,919,2513,23.375000000000000,10.875000000000000,1
348,920,2514,21.375000000000000,10.875000000000000,1
349,921,2515,19.375000000000000,10.875000000000000,1
350,922,2516,17.375000000000000,10.875000000000000,1
351,923,2517,15.375000000000000,10.875000000000000,1
352,940,2568,29.375000000000000,11.125000000000000,1
353,941,2569,27.375000000000000,11.125000000000000,1
354,942,2570,25.375000000000000,11.125000000000000,1
355,943,2571,23.375000000000000,11.125000000000000,1
356,944,2572,21.375000000000000,11.125000000000000,1
357,945,2573,19.375000000000000,11.125000000000000,1
358,946,2574,17.375000000000000,11.125000000000000,1
359,947,2575,15.375000000000000,11.125000000000000,1
360,966,2626,29.375000000000000,11.375000000000000,1
361,967,2627,27.375000000000000,11.375000000000000,1
362,968,2628,25.375000000000000,11.375000000000000,1
363,969,2629,23.375000000000000,11.375000000000000,1
364,970,2630,21.375000000000000,11.375000000000000,1
365,971,2631,19.375000000000000,11.375000000000000,1
366,972,2632,17.375000000000000,11.375000000000000,1
367,973,2633,15.375000000000000,11.375000000000000,1
368,992,2684,29.375000000000000,11.625000000000000,1
369,993,2685,27.375000000000000,11.625000000000000,1
370,994,2686,25.375000000000000,11.625000000000000,1
371,995,2687,23.375000000000000,11.625000000000000,1
372,996,2688,21.375000000000000,11.625000000000000,1
373,997,2689,19.375000000000000,11.625000000000000,1
374,998,2690,17.375000000000000,11.625000000000000,1
375,999,2691,15.375000000000000,11.625000000000000,1
376,1018,2742,29.375000000000000,11.875000000000000,1
377,1019,2743,27.375000000000000,11.875000000000000,1
378,1020,2744,25.375000000000000,11.875000000000000,1
379,1021,2745,23.375000000000000,11.875000000000000,1
380,1022,2746,21.375000000000000,11.875000000000000,1
381,1023,2747,19.375000000000000,11.875000000000000,1
382,1024,2748,17.375000000000000,11.875000000000000,1
383,1025,2749,15.375000000000000,11.875000000000000,1
384,1047,2800,29.375000000000000,12.125000000000000,1
385,1048,2801,27.375000000000000,12.125000000000000,1
386,1049,2802,25.375000000000000,12.125000000000000,1
387,1050,2803,23.375000000000000,12.125000000000000,1
388,1051,2804,21.375000000000000,12.125000000000000,1
389,1052,2805,19.375000000000000,12.125000000000000,1
390,1053,2806,17.375000000000000,12.125000000000000,1
391,1054,2807,15.375000000000000,12.125000000000000,1
392,1075,2858,29.375000000000000,12.375000000000000,1
393,1076,2859,27.375000000000000,12.375000000000000,1
394,1077,2860,25.375000000000000,12.375000000000000,1
395,1078,2861,23.375000000000000,12.375000000000000,1
396,1079,2862,21.375000000000000,12.375000000000000,1
397,1080,2863,19.375000000000000,12.375000000000000,1
398,1081,2864,17.375000000000000,12.375000000000000,1
399,1082,2865,15.375000000000000,12.375000000000000,1
400,1104,2916,29.375000000000000,12.625000000000000,1
401,1105,2917,27.375000000000000,12.625000000000000,1
402,1106,2918,25.375000000000000,12.625000000000000,1
403,1107,2919,23.375000000000000,12.625000000000000,1
404,1108,2920,21.375000000000000,12.625000000000000,1
405,1109,2921,19.375000000000000,12.625000000000000,1
406,1110,2922,17.375000000000000,12.625000000000000,1
407,1111,2923,15.375000000000000,12.625000000000000,1
408,1133,2974,29.375000000000000,12.875000000000000,1
409,1134,2975,27.375000000000000,12.875000000000000,1
410,1135,2976,25.375000000000000,12.875000000000000,1
411,1136,2977,23.375000000000000,12.875000000000000,1
412,1137,2978,21.375000000000000,12.875000000000000,1
413,1138,2979,19.375000000000000,12.875000000000000,1
414,1139,2980,17.375000000000000,12.875000000000000,1
415,1140,2981,15.375000000000000,12.875000000000000,1
416,1164,3032,29.375000000000000,13.125000000000000,1
417,1165,3033,27.375000000000000,13.125000000000000,1
418,1166,3034,25.375000000000000,13.125000000000000,1
419,1167,3035,23.375000000000000,13.125000000000000,1
420,1168,3036,21.375000000000000,13.125000000000000,1
421,1169,3037,19.375000000000000,13.125000000000000,1
422,1170,3038,17.375000000000000,13.125000000000000,1
423,1171,3039,15.375000000000000,13.125000000000000,1
424,1195,3090,29.375000000000000,13.375000000000000,1
425,1196,3091,27.375000000000000,13.375000000000000,1
426,1197,3092,25.375000000000000,13.375000000000000,1
427,1198,3093,23.375000000000000,13.375000000000000,1
428,1199,3094,21.375000000000000,13.375000000000000,1
429,1200,3095,19.375000000000000,13.375000000000000,1
430,1201,3096,17.375000000000000,13.375000000000000,1
431,1202,3097,15.375000000000000,13.375000000000000,1
432,1226,3148,29.375000000000000,13.625000000000000,1
433,1227,3149,27.375000000000000,13.625000000000000,1
434,1228,3150,25.375000000000000,13.625000000000000,1
435,1229,3151,23.375000000000000,13.625000000000000,1
436,1230,3152,21.375000000000000,13.625000000000000,1
437,1231,3153,19.375000000000000,13.625000000000000,1
438,1232,3154,17.375000000000000,13.625000000000000,1
439,1233,3155,15.375000000000000,13.625000000000000,1
440,1256,3206,29.375000000000000,13.875000000000000,1
441,1257,3207,27.375000000000000,13.875000000000000,1
442,1258,3208,25.375000000000000,13.875000000000000,1
443,1259,3209,23.375000000000000,13.875000000000000,1
444,1260,3210,21.375000000000000,13.875000000000000,1
445,1261,3211,19.375000000000000,13.875000000000000,1
446,1262,3212,17.375000000000000,13.875000000000000,1
447,1263,3213,15.375000000000000,13.875000000000000,1
448,1291,3264,29.375000000000000,14.125000000000000,1
449,1292,3265,27.375000000000000,14.125000000000000,1
450,1293,3266,25.375000000000000,14.125000000000000,1
451,1294,3267,23.375000000000000,14.125000000000000,1
452,1295,3268,21.375000000000000,14.125000000000000,1
453,1296,3269,19.375000000000000,14.125000000000000,1
454,1297,3270,17.375000000000000,14.125000000000000,1
455,1298,3271,15.375000000000000,14.125000000000000,1
456,1326,3322,29.375000000000000,14.375000000000000,1
457,1327,3323,27.375000000000000,14.375000000000000,1
458,1328,3324,25.375000000000000,14.375000000000000,1
459,1329,3325,23.375000000000000,14.375000000000000,1
460,1330,3326,21.375000000000000,14.375000000000000,1
461,1331,3327,19.375000000000000,14.375000000000000,1
462,1332,3328,17.375000000000000,14.375000000000000,1
463,1333,3329,15.375000000000000,14.375000000000000,1
464,1361,3380,29.375000000000000,14.625000000000000,1
465,1362,3381,27.375000000000000,14.625000000000000,1
466,1363,3382,25.375000000000000,14.625000000000000,1
467,1364,3383,23.375000000000000,14.625000000000000,1
468,1365,3384,21.375000000000000,14.625000000000000,1
469,1366,3385,19.375000000000000,14.625000000000000,1
470,1367,3386,17.375000000000000,14.625000000000000,1
471,1368,3387,15.375000000000000,14.625000000000000,1
472,1397,3438,29.375000000000000,14.875000000000000,1
473,1398,3439,27.375000000000000,14.875000000000000,1
474,1399,3440,25.375000000000000,14.875000000000000,1
475,1400,3441,23.375000000000000,14.875000000000000,1
476,1401,3442,21.375000000000000,14.875000000000000,1
477,1402,3443,19.375000000000000,14.875000000000000,1
478,1403,3444,17.375000000000000,14.875000000000000,1
479,1404,3445,15.375000000000000,14.875000000000000,1
480,1433,3496,29.375000000000000,15.125000000000000,1
481,1434,3497,27.375000000000000,15.125000000000000,1
482,1435,3498,25.375000000000000,15.125000000000000,1
483,1436,3499,23.375000000000000,15.125000000000000,1
484,1437,3500,21.375000000000000,15.125000000000000,1
485,1438,3501,19.375000000000000,15.125000000000000,1
486,1439,3502,17.375000000000000,15.125000000000000,1
487,1440,3503,15.375000000000000,15.125000000000000,1
488,1469,3554,29.375000000000000,15.375000000000000,1
489,1470,3555,27.375000000000000,15.375000000000000,1
490,1471,3556,25.375000000000000,15.375000000000000,1
491,1472,3557,23.375000000000000,15.375000000000000,1
492,1473,3558,21.375000000000000,15.375000000000000,1
493,1474,3559,19.375000000000000,15.375000000000000,1
494,1475,3560,17.375000000000000,15.375000000000000,1
495,1476,3561,15.375000000000000,15.375000000000000,1
496,1505,3612,29.375000000000000,15.625000000000000,1
497,1506,3613,27.375000000000000,15.625000000000000,1
498,1507,3614,25.375000000000000,15.625000000000000,1
499,1508,3615,23.375000000000000,15.625000000000000,1
500,1509,3616,21.375000000000000,15.625000000000000,1
501,1510,3617,19.375000000000000,15.625000000000000,1
502,1511,3618,17.375000000000000,15.625000000000000,1
503,1512,3619,15.375000000000000,15.625000000000000,1
504,1541,3670,29.375000000000000,15.875000000000000,1
505,1542,3671,27.375000000000000,15.875000000000000,1
506,1543,3672,25.375000000000000,15.875000000000000,1
507,1544,3673,23.375000000000000,15.875000000000000,1
508,1545,3674,21.375000000000000,15.875000000000000,1
509,1546,3675,19.375000000000000,15.875000000000000,1
510,1547,3676,17.375000000000000,15.875000000000000,1
511,1548,3677,15.375000000000000,15.875000000000000,1
512,1577,3728,29.375000000000000,16.125000000000000,1
513,1578,3729,27.375000000000000,16.125000000000000,1
514,1579,3730,25.375000000000000,16.125000000000000,1
515,1580,3731,23.375000000000000,16.125000000000000,1
516,1581,3732,21.375000000000000,16.125000000000000,1
517,1582,3733,19.375000000000000,16.125000000000000,1
518,1583,3734,17.375000000000000,16.125000000000000,1
519,1584,3735,15.375000000000000,16.125000000000000,1
520,1611,3786,29.375000000000000,16.375000000000000,1
521,1612,3787,27.375000000000000,16.375000000000000,1
522,1613,3788,25.375000000000000,16.375000000000000,1
523,1614,3789,23.375000000000000,16.375000000000000,1
524,1615,3790,21.375000000000000,16.375000000000000,1
525,1616,3791,19.375000000000000,16.375000000000000,1
526,1617,3792,17.375000000000000,16.375000000000000,1
527,1618,3793,15.375000000000000,16.375000000000000,1
528,1646,3844,29.375000000000000,16.625000000000000,1
529,1647,3845,27.375000000000000,16.625000000000000,1
530,1648,3846,25.375000000000000,16.625000000000000,1
531,1649,3847,23.375000000000000,16.625000000000000,1
532,1650,3848,21.375000000000000,16.625000000000000,1
533,1651,3849,19.375000000000000,16.625000000000000,1
534,1652,3850,17.375000000000000,16.625000000000000,1
535,1653,3851,15.375000000000000,16.625000000000000,1
536,1682,3902,29.375000000000000,16.875000000000000,1
537,1683,3903,27.375000000000000,16.875000000000000,1
538,1684,3904,25.375000000000000,16.875000000000000,1
539,1685,3905,23.375000000000000,16.875000000000000,1
540,1686,3906,21.375000000000000,16.875000000000000,1
541,1687,3907,19.375000000000000,16.875000000000000,1
542,1688,3908,17.375000000000000,16.875000000000000,1
543,1689,3909,15.375000000000000,16.875000000000000,1
544,1717,3960,29.375000000000000,17.125000000000000,1
545,1718,3961,27.375000000000000,17.125000000000000,1
546,1719,3962,25.375000000000000,17.125000000000000,1
547,1720,3963,23.375000000000000,17.125000000000000,1
548,1721,3964,21.375000000000000,17.125000000000000,1
549,1722,3965,19.375000000000000,17.125000000000000,1
550,1723,3966,17.375000000000000,17.125000000000000,1
551,1724,3967,15.375000000000000,17.125000000000000,1
552,1752,4018,29.375000000000000,17.375000000000000,1
553,1753,4019,27.375000000000000,17.375000000000000,1
554,1754,4020,25.375000000000000,17.375000000000000,1
555,1755,4021,23.375000000000000,17.375000000000000,1
556,1756,4022,21.375000000000000,17.375000000000000,1
557,1757,4023,19.375000000000000,17.375000000000000,1
558,1758,4024,17.375000000000000,17.375000000000000,1
559,1759,4025,15.375000000000000,17.375000000000000,1
560,1787,4076,29.375000000000000,17.625000000000000,1
561,1788,4077,27.375000000000000,17.625000000000000,1
562,1789,4078,25.375000000000000,17.625000000000000,1
563,1790,4079,23.375000000000000,17.625000000000000,1
564,1791,4080,21.375000000000000,17.625000000000000,1
565,1792,4081,19.375000000000000,17.625000000000000,1
566,1793,4082,17.375000000000000,17.625000000000000,1
567,1794,4083,15.375000000000000,17.625000000000000,1
568,1824,4134,29.375000000000000,17.875000000000000,1
569,1825,4135,27.375000000000000,17.875000000000000,1
570,1826,4136,25.375000000000000,17.875000000000000,1
571,1827,4137,23.375000000000000,17.875000000000000,1
572,1828,4138,21.375000000000000,17.875000000000000,1
573,1829,4139,19.375000000000000,17.875000000000000,1
574,1830,4140,17.375000000000000,17.875000000000000,1
575,1831,4141,15.375000000000000,17.875000000000000,1
576,1860,4192,29.375000000000000,18.125000000000000,1
577,1861,4193,27.375000000000000,18.125000000000000,1
578,1862,4194,25.375000000000000,18.125000000000000,1
579,1863,4195,23.375000000000000,18.125000000000000,1
580,1864,4196,21.375000000000000,18.125000000000000,1
581,1865,4197,19.375000000000000,18.125000000000000,1
582,1866,4198,17.375000000000000,18.125000000000000,1
583,1867,4199,15.375000000000000,18.125000000000000,1
584,1896,4250,29.375000000000000,18.375000000000000,1
585,1897,4251,27.375000000000000,18.375000000000000,1
586,1898,4252,25.375000000000000,18.375000000000000,1
587,1899,4253,23.375000000000000,18.375000000000000,1
588,1900,4254,21.375000000000000,18.375000000000000,1
589,1901,4255,19.375000000000000,18.375000000000000,1
590,1902,4256,17.375000000000000,18.375000000000000,1
591,1903,4257,15.375000000000000,18.375000000000000,1
592,1932,4308,29.375000000000000,18.625000000000000,1
593,1933,4309,27.375000000000000,18.625000000000000,1
594,1934,4310,25.375000000000000,18.625000000000000,1
595,1935,4311,23.375000000000000,18.625000000000000,1
596,1936,4312,21.375000000000000,18.625000000000000,1
597,1937,4313,19.375000000000000,18.625000000000000,1
598,1938,4314,17.375000000000000,18.625000000000000,1
599,1939,4315,15.375000000000000,18.625000000000000,1
600,1969,4366,29.375000000000000,18.875000000000000,1
601,1970,4367,27.375000000000000,18.875000000000000,1
602,1971,4368,25.375000000000000,18.875000000000000,1
603,1972,4369,23.375000000000000,18.875000000000000,1
604,1973,4370,21.375000000000000,18.875000000000000,1
605,1974,4371,19.375000000000000,18.875000000000000,1
606,1975,4372,17.375000000000000,18.875000000000000,1
607,1976,4373,15.375000000000000,18.875000000000000,1
608,2005,4424,29.375000000000000,19.125000000000000,1
609,2006,4425,27.375000000000000,19.125000000000000,1
610,2007,4426,25.375000000000000,19.125000000000000,1
611,2008,4427,23.375000000000000,19.125000000000000,1
612,2009,4428,21.375000000000000,19.125000000000000,1
613,2010,4429,19.375000000000000,19.125000000000000,1
614,2011,4430,17.375000000000000,19.125000000000000,1
615,2012,4431,15.375000000000000,19.125000000000000,1
616,2041,4482,29.375000000000000,19.375000000000000,1
617,2042,4483,27.375000000000000,19.375000000000000,1
618,2043,4484,25.375000000000000,19.375000000000000,1
619,2044,4485,23.375000000000000,19.375000000000000,1
620,2045,4486,21.375000000000000,19.375000000000000,1
621,2046,4487,19.375000000000000,19.375000000000000,1
622,2047,4488,17.375000000000000,19.375000000000000,1
623,2048,4489,15.375000000000000,19.375000000000000,1
624,2078,4540,29.375000000000000,19.625000000000000,1
625,2079,4541,27.375000000000000,19.625000000000000,1
626,2080,4542,25.375000000000000,19.625000000000000,1
627,2081,4543,23.375000000000000,19.625000000000000,1
628,2082,4544,21.375000000000000,19.625000000000000,1
629,2083,4545,19.375000000000000,19.625000000000000,1
630,2084,4546,17.375000000000000,19.625000000000000,1
631,2085,4547,15.375000000000000,19.625000000000000,1
632,2115,4598,29.375000000000000,19.875000000000000,1
633,2116,4599,27.375000000000000,19.875000000000000,1
634,2117,4600,25.375000000000000,19.875000000000000,1
635,2118,4601,23.375000000000000,19.875000000000000,1
636,2119,4602,21.375000000000000,19.875000000000000,1
637,2120,4603,19.375000000000000,19.875000000000000,1
638,2121,4604,17.375000000000000,19.875000000000000,1
639,2122,4605,15.375000000000000,19.875000000000000,1
640,2152,4656,29.375000000000000,20.125000000000000,1
641,2153,4657,27.375000000000000,20.125000000000000,1
642,2154,4658,25.375000000000000,20.125000000000000,1
643,2155,4659,23.375000000000000,20.125000000000000,1
644,2156,4660,21.375000000000000,20.125000000000000,1
645,2157,4661,19.375000000000000,20.125000000000000,1
646,2158,4662,17.375000000000000,20.125000000000000,1
647,2159,4663,15.375000000000000,20.125000000000000,1
648,2190,4714,29.375000000000000,20.375000000000000,1
649,2191,4715,27.375000000000000,20.375000000000000,1
650,2192,4716,25.375000000000000,20.375000000000000,1
651,2193,4717,23.375000000000000,20.375000000000000,1
652,2194,4718,21.375000000000000,20.375000000000000,1
653,2195,4719,19.375000000000000,20.375000000000000,1
654,2196,4720,17.375000000000000,20.375000000000000,1
655,2197,4721,15.375000000000000,20.375000000000000,1
656,2228,4772,29.375000000000000,20.625000000000000,1
657,2229,4773,27.375000000000000,20.625000000000000,1
658,2230,4774,25.375000000000000,20.625000000000000,1
659,2231,4775,23.375000000000000,20.625000000000000,1
660,2232,4776,21.375000000000000,20.625000000000000,1
661,2233,4777,19.375000000000000,20.625000000000000,1
662,2234,4778,17.375000000000000,20.625000000000000,1
663,2235,4779,15.375000000000000,20.625000000000000,1
664,2266,4830,29.375000000000000,20.875000000000000,1
665,2267,4831,27.375000000000000,20.875000000000000,1
666,2268,4832,25.375000000000000,20.875000000000000,1
667,2269,4833,23.375000000000000,20.875000000000000,1
668,2270,4834,21.375000000000000,20.875000000000000,1
669,2271,4835,19.375000000000000,20.875000000000000,1
670,2272,4836,17.375000000000000,20.875000000000000,1
671,2273,4837,15.375000000000000,20.875000000000000,1
672,2304,4888,29.375000000000000,21.125000000000000,1
673,2305,4889,27.375000000000000,21.125000000000000,1
674,2306,4890,25.375000000000000,21.125000000000000,1
675,2307,4891,23.375000000000000,21.125000000000000,1
676,2308,4892,21.375000000000000,21.125000000000000,1
677,2309,4893,19.375000000000000,21.125000000000000,1
678,2310,4894,17.375000000000000,21.125000000000000,1
679,2311,4895,15.375000000000000,21.125000000000000,1
680,2344,4946,29.375000000000000,21.375000000000000,1
681,2345,4947,27.375000000000000,21.375000000000000,1
682,2346,4948,25.375000000000000,21.375000000000000,1
683,2347,4949,23.375000000000000,21.375000000000000,1
684,2348,4950,21.375000000000000,21.375000000000000,1
685,2349,4951,19.375000000000000,21.375000000000000,1
686,2350,4952,17.375000000000000,21.375000000000000,1
687,2351,4953,15.375000000000000,21.375000000000000,1
688,2387,5004,29.375000000000000,21.625000000000000,1
689,2388,5005,27.375000000000000,21.625000000000000,1
690,2389,5006,25.375000000000000,21.625000000000000,1
691,2390,5007,23.375000000000000,21.625000000000000,1
692,2391,5008,21.375000000000000,21.625000000000000,1
693,2392,5009,19.375000000000000,21.625000000000000,1
694,2393,5010,17.375000000000000,21.625000000000000,1
695,2394,5011,15.375000000000000,21.625000000000000,1
696,2431,5062,29.375000000000000,21.875000000000000,1
697,2432,5063,27.375000000000000,21.875000000000000,1
698,2433,5064,25.375000000000000,21.875000000000000,1
699,2434,5065,23.375000000000000,21.875000000000000,1
700,2435,5066,21.375000000000000,21.875000000000000,1
701,2436,5067,19.375000000000000,21.875000000000000,1
702,2437,5068,17.375000000000000,21.875000000000000,1
703,2438,5069,15.375000000000000,21.875000000000000,1
704,2475,5120,29.375000000000000,22.125000000000000,1
705,2476,5121,27.375000000000000,22.125000000000000,1
706,2477,5122,25.375000000000000,22.125000000000000,1
707,2478,5123,23.375000000000000,22.125000000000000,1
708,2479,5124,21.375000000000000,22.125000000000000,1
709,2480,5125,19.375000000000000,22.125000000000000,1
710,2481,5126,17.375000000000000,22.125000000000000,1
711,2482,5127,15.375000000000000,22.125000000000000,1
712,2519,5178,29.375000000000000,22.375000000000000,1
713,2520,5179,27.375000000000000,22.375000000000000,1
714,2521,5180,25.375000000000000,22.375000000000000,1
715,2522,5181,23.375000000000000,22.375000000000000,1
716,2523,5182,21.375000000000000,22.375000000000000,1
717,2524,5183,19.375000000000000,22.375000000000000,1
718,2525,5184,17.375000000000000,22.375000000000000,1
719,2526,5185,15.375000000000000,22.375000000000000,1
720,2563,5236,29.375000000000000,22.625000000000000,1
721,2564,5237,27.375000000000000,22.625000000000000,1
722,2565,5238,25.375000000000000,22.625000000000000,1
723,2566,5239,23.375000000000000,22.625000000000000,1
724,2567,5240,21.375000000000000,22.625000000000000,1
725,2568,5241,19.375000000000000,22.625000000000000,1
726,2569,5242,17.375000000000000,22.625000000000000,1
727,2570,5243,15.375000000000000,22.625000000000000,1
728,2606,5294,29.375000000000000,22.875000000000000,1
729,2607,5295,27.375000000000000,22.875000000000000,1
730,2608,5296,25.375000000000000,22.875000000000000,1
731,2609,5297,23.375000000000000,22.875000000000000,1
732,2610,5298,21.375000000000000,22.875000000000000,1
733,2611,5299,19.375000000000000,22.875000000000000,1
734,2612,5300,17.375000000000000,22.875000000000000,1
735,2613,5301,15.375000000000000,22.875000000000000,1
736,2649,5352,29.375000000000000,23.125000000000000,1
737,2650,5353,27.375000000000000,23.125000000000000,1
738,2651,5354,25.375000000000000,23.125000000000000,1
739,2652,5355,23.375000000000000,23.125000000000000,1
740,2653,5356,21.375000000000000,23.125000000000000,1
741,2654,5357,19.375000000000000,23.125000000000000,1
742,2655,5358,17.375000000000000,23.125000000000000,1
743,2656,5359,15.375000000000000,23.125000000000000,1
744,2690,5410,29.375000000000000,23.375000000000000,1
745,2691,5411,27.375000000000000,23.375000000000000,1
746,2692,5412,25.375000000000000,23.375000000000000,1
747,2693,5413,23.375000000000000,23.375000000000000,1
748,2694,5414,21.375000000000000,23.375000000000000,1
749,2695,5415,19.375000000000000,23.375000000000000,1
750,2696,5416,17.375000000000000,23.375000000000000,1
751,2697,5417,15.375000000000000,23.375000000000000,1
752,2731,5468,29.375000000000000,23.625000000000000,1
753,2732,5469,27.375000000000000,23.625000000000000,1
754,2733,5470,25.375000000000000,23.625000000000000,1
755,2734,5471,23.375000000000000,23.625000000000000,1
756,2735,5472,21.375000000000000,23.625000000000000,1
757,2736,5473,19.375000000000000,23.625000000000000,1
758,2737,5474,17.375000000000000,23.625000000000000,1
759,2738,5475,15.375000000000000,23.625000000000000,1
760,2771,5526,29.375000000000000,23.875000000000000,1
761,2772,5527,27.375000000000000,23.875000000000000,1
762,2773,5528,25.375000000000000,23.875000000000000,1
763,2774,5529,23.375000000000000,23.875000000000000,1
764,2775,5530,21.375000000000000,23.875000000000000,1
765,2776,5531,19.375000000000000,23.875000000000000,1
766,2777,5532,17.375000000000000,23.875000000000000,1
767,2778,5533,15.375000000000000,23.875000000000000,1
768,2811,5584,29.375000000000000,24.125000000000000,1
769,2812,5585,27.375000000000000,24.125000000000000,1
770,2813,5586,25.375000000000000,24.125000000000000,1
771,2814,5587,23.375000000000000,24.125000000000000,1
772,2815,5588,21.375000000000000,24.125000000000000,1
773,2816,5589,19.375000000000000,24.125000000000000,1
774,2817,5590,17.375000000000000,24.125000000000000,1
775,2818,5591,15.375000000000000,24.125000000000000,1
776,2851,5642,29.375000000000000,24.375000000000000,1
777,2852,5643,27.375000000000000,24.375000000000000,1
778,2853,5644,25.375000000000000,24.375000000000000,1
779,2854,5645,23.375000000000000,24.375000000000000,1
780,2855,5646,21.375000000000000,24.375000000000000,1
781,2856,5647,19.375000000000000,24.375000000000000,1
782,2857,5648,17.375000000000000,24.375000000000000,1
783,2858,5649,15.375000000000000,24.375000000000000,1
784,2892,5700,29.375000000000000,24.625000000000000,1
785,2893,5701,27.375000000000000,24.625000000000000,1
786,2894,5702,25.375000000000000,24.625000000000000,1
787,2895,5703,23.375000000000000,24.625000000000000,1
788,2896,5704,21.375000000000000,24.625000000000000,1
789,2897,5705,19.375000000000000,24.625000000000000,1
790,2898,5706,17.375000000000000,24.625000000000000,1
791,2899,5707,15.375000000000000,24.625000000000000,1
792,2933,5758,29.375000000000000,24.875000000000000,1
793,2934,5759,27.375000000000000,24.875000000000000,1
794,2935,5760,25.375000000000000,24.875000000000000,1
795,2936,5761,23.375000000000000,24.875000000000000,1
796,2937,5762,21.375000000000000,24.875000000000000,1
797,2938,5763,19.375000000000000,24.875000000000000,1
798,2939,5764,17.375000000000000,24.875000000000000,1
799,2940,5765,15.375000000000000,24.875000000000000,1
800,2974,5816,29.375000000000000,25.125000000000000,1
801,2975,5817,27.375000000000000,25.125000000000000,1
802,2976,5818,25.375000000000000,25.125000000000000,1
803,2977,5819,23.375000000000000,25.125000000000000,1
804,2978,5820,21.375000000000000,25.125000000000000,1
805,2979,5821,19.375000000000000,25.125000000000000,1
806,2980,5822,17.375000000000000,25.125000000000000,1
807,2981,5823,15.375000000000000,25.125000000000000,1
808,3015,5874,29.375000000000000,25.375000000000000,1
809,3016,5875,27.375000000000000,25.375000000000000,1
810,3017,5876,25.375000000000000,25.375000000000000,1
811,3018,5877,23.375000000000000,25.375000000000000,1
812,3019,5878,21.375000000000000,25.375000000000000,1
813,3020,5879,19.375000000000000,25.375000000000000,1
814,3021,5880,17.375000000000000,25.375000000000000,1
815,3022,5881,15.375000000000000,25.375000000000000,1
816,3056,5932,29.375000000000000,25.625000000000000,1
817,3057,5933,27.375000000000000,25.625000000000000,1
818,3058,5934,25.375000000000000,25.625000000000000,1
819,3059,5935,23.375000000000000,25.625000000000000,1
820,3060,5936,21.375000000000000,25.625000000000000,1
821,3061,5937,19.375000000000000,25.625000000000000,1
822,3062,5938,17.375000000000000,25.625000000000000,1
823,3063,5939,15.375000000000000,25.625000000000000,1
824,3097,5990,29.375000000000000,25.875000000000000,1
825,3098,5991,27.375000000000000,25.875000000000000,1
826,3099,5992,25.375000000000000,25.875000000000000,1
827,3100,5993,23.375000000000000,25.875000000000000,1
828,3101,5994,21.375000000000000,25.875000000000000,1
829,3102,5995,19.375000000000000,25.875000000000000,1
830,3103,5996,17.375000000000000,25.875000000000000,1
831,3104,5997,15.375000000000000,25.875000000000000,1
832,3138,6048,29.375000000000000,26.125000000000000,1
833,3139,6049,27.375000000000000,26.125000000000000,1
834,3140,6050,25.375000000000000,26.125000000000000,1
835,3141,6051,23.375000000000000,26.125000000000000,1
836,3142,6052,21.375000000000000,26.125000000000000,1
837,3143,6053,19.375000000000000,26.125000000000000,1
838,3144,6054,17.375000000000000,26.125000000000000,1
839,3145,6055,15.375000000000000,26.125000000000000,1
840,3179,6106,29.375000000000000,26.375000000000000,1
841,3180,6107,27.375000000000000,26.375000000000000,1
842,3181,6108,25.375000000000000,26.375000000000000,1
843,3182,6109,23.375000000000000,26.375000000000000,1
844,3183,6110,21.375000000000000,26.375000000000000,1
845,3184,6111,19.375000000000000,26.375000000000000,1
846,3185,6112,17.375000000000000,26.375000000000000,1
847,3186,6113,15.375000000000000,26.375000000000000,1
848,3220,6164,29.375000000000000,26.625000000000000,1
849,3221,6165,27.375000000000000,26.625000000000000,1
850,3222,6166,25.375000000000000,26.625000000000000,1
851,3223,6167,23.375000000000000,26.625000000000000,1
852,3224,6168,21.375000000000000,26.625000000000000,1
853,3225,6169,19.375000000000000,26.625000000000000,1
854,3226,6170,17.375000000000000,26.625000000000000,1
855,3227,6171,15.375000000000000,26.625000000000000,1
856,3262,6222,29.375000000000000,26.875000000000000,1
857,3263,6223,27.375000000000000,26.875000000000000,1
858,3264,6224,25.375000000000000,26.875000000000000,1
859,3265,6225,23.375000000000000,26.875000000000000,1
860,3266,6226,21.375000000000000,26.875000000000000,1
861,3267,6227,19.375000000000000,26.875000000000000,1
862,3268,6228,17.375000000000000,26.875000000000000,1
863,3269,6229,15.375000000000000,26.875000000000000,1
864,3304,6280,29.375000000000000,27.125000000000000,1
865,3305,6281,27.375000000000000,27.125000000000000,1
866,3306,6282,25.375000000000000,27.125000000000000,1
867,3307,6283,23.375000000000000,27.125000000000000,1
868,3308,6284,21.375000000000000,27.125000000000000,1
869,3309,6285,19.375000000000000,27.125000000000000,1
870,3310,6286,17.375000000000000,27.125000000000000,1
871,3311,6287,15.375000000000000,27.125000000000000,1
872,3346,6338,29.375000000000000,27.375000000000000,1
873,3347,6339,27.375000000000000,27.375000000000000,1
874,3348,6340,25.375000000000000,27.375000000000000,1
875,3349,6341,23.375000000000000,27.375000000000000,1
876,3350,6342,21.375000000000000,27.375000000000000,1
877,3351,6343,19.375000000000000,27.375000000000000,1
878,3352,6344,17.375000000000000,27.375000000000000,1
879,3353,6345,15.375000000000000,27.375000000000000,1
880,3388,6396,29.375000000000000,27.625000000000000,1
881,3389,6397,27.375000000000000,27.625000000000000,1
882,3390,6398,25.375000000000000,27.625000000000000,1
883,3391,6399,23.375000000000000,27.625000000000000,1
884,3392,6400,21.375000000000000,27.625000000000000,1
885,3393,6401,19.375000000000000,27.625000000000000,1
886,3394,6402,17.375000000000000,27.625000000000000,1
887,3395,6403,15.375000000000000,27.625000000000000,1
888,3430,6454,29.375000000000000,27.875000000000000,1
889,3431,6455,27.375000000000000,27.875000000000000,1
890,3432,6456,25.375000000000000,27.875000000000000,1
891,3433,6457,23.375000000000000,27.875000000000000,1
892,3434,6458,21.375000000000000,27.875000000000000,1
893,3435,6459,19.375000000000000,27.875000000000000,1
894,3436,6460,17.375000000000000,27.875000000000000,1
895,3437,6461,15.375000000000000,27.875000000000000,1
896,3471,6512,29.375000000000000,28.125000000000000,1
897,3472,6513,27.375000000000000,28.125000000000000,1
898,3473,6514,25.375000000000000,28.125000000000000,1
899,3474,6515,23.375000000000000,28.125000000000000,1
900,3475,6516,21.375000000000000,28.125000000000000,1
901,3476,6517,19.375000000000000,28.125000000000000,1
902,3477,6518,17.375000000000000,28.125000000000000,1
903,3478,6519,15.375000000000000,28.125000000000000,1
904,3512,6570,29.375000000000000,28.375000000000000,1
905,3513,6571,27.375000000000000,28.375000000000000,1
906,3514,6572,25.375000000000000,28.375000000000000,1
907,3515,6573,23.375000000000000,28.375000000000000,1
908,3516,6574,21.375000000000000,28.375000000000000,1
909,3517,6575,19.375000000000000,28.375000000000000,1
910,3518,6576,17.375000000000000,28.375000000000000,1
911,3519,6577,15.375000000000000,28.375000000000000,1
912,3552,6628,29.375000000000000,28.625000000000000,1
913,3553,6629,27.375000000000000,28.625000000000000,1
914,3554,6630,25.375000000000000,28.625000000000000,1
915,3555,6631,23.375000000000000,28.625000000000000,1
916,3556,6632,21.375000000000000,28.625000000000000,1
917,3557,6633,19.375000000000000,28.625000000000000,1
918,3558,6634,17.375000000000000,28.625000000000000,1
919,3559,6635,15.375000000000000,28.625000000000000,1
920,3592,6686,29.375000000000000,28.875000000000000,1
921,3593,6687,27.375000000000000,28.875000000000000,1
922,3594,6688,25.375000000000000,28.875000000000000,1
923,3595,6689,23.375000000000000,28.875000000000000,1
924,3596,6690,21.375000000000000,28.875000000000000,1
925,3597,6691,19.375000000000000,28.875000000000000,1
926,3598,6692,17.375000000000000,28.875000000000000,1
927,3599,6693,15.375000000000000,28.875000000000000,1
928,3630,6744,29.375000000000000,29.125000000000000,1
929,3631,6745,27.375000000000000,29.125000000000000,1
930,3632,6746,25.375000000000000,29.125000000000000,1
931,3633,6747,23.375000000000000,29.125000000000000,1
932,3634,6748,21.375000000000000,29.125000000000000,1
933,3635,6749,19.375000000000000,29.125000000000000,1
934,3636,6750,17.375000000000000,29.125000000000000,1
935,3637,6751,15.375000000000000,29.125000000000000,1
936,3668,6802,29.375000000000000,29.375000000000000,1
937,3669,6803,27.375000000000000,29.375000000000000,1
938,3670,6804,25.375000000000000,29.375000000000000,1
939,3671,6805,23.375000000000000,29.375000000000000,1
940,3672,6806,21.375000000000000,29.375000000000000,1
941,3673,6807,19.375000000000000,29.375000000000000,1
942,3674,6808,17.375000000000000,29.375000000000000,1
943,3675,6809,15.375000000000000,29.375000000000000,1
944,3706,6860,29.375000000000000,29.625000000000000,1
945,3707,6861,27.375000000000000,29.625000000000000,1
946,3708,6862,25.375000000000000,29.625000000000000,1
947,3709,6863,23.375000000000000,29.625000000000000,1
948,3710,6864,21.375000000000000,29.625000000000000,1
949,3711,6865,19.375000000000000,29.625000000000000,1
950,3712,6866,17.375000000000000,29.625000000000000,1
951,3713,6867,15.375000000000000,29.625000000000000,1
952,3744,6918,29.375000000000000,29.875000000000000,1
953,3745,6919,27.375000000000000,29.875000000000000,1
954,3746,6920,25.375000000000000,29.875000000000000,1
955,3747,6921,23.375000000000000,29.875000000000000,1
956,3748,6922,21.375000000000000,29.875000000000000,1
957,3749,6923,19.375000000000000,29.875000000000000,1
958,3750,6924,17.375000000000000,29.875000000000000,1
959,3751,6925,15.375000000000000,29.875000000000000,1
960,3782,6976,29.375000000000000,30.125000000000000,1
961,3783,6977,27.375000000000000,30.125000000000000,1
962,3784,6978,25.375000000000000,30.125000000000000,1
963,3785,6979,23.375000000000000,30.125000000000000,1
964,3786,6980,21.375000000000000,30.125000000000000,1
965,3787,6981,19.375000000000000,30.125000000000000,1
966,3788,6982,17.375000000000000,30.125000000000000,1
967,3789,6983,15.375000000000000,30.125000000000000,1
968,3820,7034,29.375000000000000,30.375000000000000,1
969,3821,7035,27.375000000000000,30.375000000000000,1
970,3822,7036,25.375000000000000,30.375000000000000,1
971,3823,7037,23.375000000000000,30.375000000000000,1
972,3824,7038,21.375000000000000,30.375000000000000,1
973,3825,7039,19.375000000000000,30.375000000000000,1
974,3826,7040,17.375000000000000,30.375000000000000,1
975,3827,7041,15.375000000000000,30.375000000000000,1
976,3858,7092,29.375000000000000,30.625000000000000,1
977,3859,7093,27.375000000000000,30.625000000000000,1
978,3860,7094,25.375000000000000,30.625000000000000,1
979,3861,7095,23.375000000000000,30.625000000000000,1
980,3862,7096,21.375000000000000,30.625000000000000,1
981,3863,7097,19.375000000000000,30.625000000000000,1
982,3864,7098,17.375000000000000,30.625000000000000,1
983,3865,7099,15.375000000000000,30.625000000000000,1
984,3895,7150,29.375000000000000,30.875000000000000,1
985,3896,7151,27.375000000000000,30.875000000000000,1
986,3897,7152,25.375000000000000,30.875000000000000,1
987,3898,7153,23.375000000000000,30.875000000000000,1
988,3899,7154,21.375000000000000,30.875000000000000,1
989,3900,7155,19.375000000000000,30.875000000000000,1
990,3901,7156,17.375000000000000,30.875000000000000,1
991,3902,7157,15.375000000000000,30.875000000000000,1
992,3932,7208,29.375000000000000,31.125000000000000,1
993,3933,7209,27.375000000000000,31.125000000000000,1
994,3934,7210,25.375000000000000,31.125000000000000,1
995,3935,7211,23.375000000000000,31.125000000000000,1
996,3936,7212,21.375000000000000,31.125000000000000,1
997,3937,7213,19.375000000000000,31.125000000000000,1
998,3938,7214,17.375000000000000,31.125000000000000,1
999,3939,7215,15.375000000000000,31.125000000000000,1
1000,3969,7266,29.375000000000000,31.375000000000000,1
1001,3970,7267,27.375000000000000,31.375000000000000,1
1002,3971,7268,25.375000000000000,31.375000000000000,1
1003,3972,7269,23.375000000000000,31.375000000000000,1
1004,3973,7270,21.375000000000000,31.375000000000000,1
1005,3974,7271,19.375000000000000,31.375000000000000,1
1006,3975,7272,17.375000000000000,31.375000000000000,1
1007,3976,7273,15.375000000000000,31.375000000000000,1
1008,4005,7324,29.375000000000000,31.625000000000000,1
1009,4006,7325,27.375000000000000,31.625000000000000,1
1010,4007,7326,25.375000000000000,31.625000000000000,1
1011,4008,7327,23.375000000000000,31.625000000000000,1
1012,4009,7328,21.375000000000000,31.625000000000000,1
1013,4010,7329,19.375000000000000,31.625000000000000,1
1014,4011,7330,17.375000000000000,31.625000000000000,1
1015,4012,7331,15.375000000000000,31.625000000000000,1
1016,4041,7382,29.375000000000000,31.875000000000000,1
1017,4042,7383,27.375000000000000,31.875000000000000,1
1018,4043,7384,25.375000000000000,31.875000000000000,1
1019,4044,7385,23.375000000000000,31.875000000000000,1
1020,4045,7386,21.375000000000000,31.875000000000000,1
1021,4046,7387,19.375000000000000,31.875000000000000,1
1022,4047,7388,17.375000000000000,31.875000000000000,1
1023,4048,7389,15.375000000000000,31.875000000000000,1
1024,4077,7440,29.375000000000000,32.125000000000000,1
1025,4078,7441,27.375000000000000,32.125000000000000,1
1026,4079,7442,25.375000000000000,32.125000000000000,1
1027,4080,7443,23.375000000000000,32.125000000000000,1
1028,4081,7444,21.375000000000000,32.125000000000000,1
1029,4082,7445,19.375000000000000,32.125000000000000,1
1030,4083,7446,17.375000000000000,32.125000000000000,1
1031,4084,7447,15.375000000000000,32.125000000000000,1
1032,4113,7498,29.375000000000000,32.375000000000000,1
1033,4114,7499,27.375000000000000,32.375000000000000,1
1034,4115,7500,25.375000000000000,32.375000000000000,1
1035,4116,7501,23.375000000000000,32.375000000000000,1
1036,4117,7502,21.375000000000000,32.375000000000000,1
1037,4118,7503,19.375000000000000,32.375000000000000,1
1038,4119,7504,17.375000000000000,32.375000000000000,1
1039,4120,7505,15.375000000000000,32.375000000000000,1
1040,4149,7557,27.375000000000000,32.625000000000000,1
1041,4150,7558,25.375000000000000,32.625000000000000,1
1042,4151,7559,23.375000000000000,32.625000000000000,1
1043,4152,7560,21.375000000000000,32.625000000000000,1
1044,4153,7561,19.375000000000000,32.625000000000000,1
1045,4154,7562,17.375000000000000,32.625000000000000,1
1046,4155,7563,15.375000000000000,32.625000000000000,1
1047,4184,7614,29.375000000000000,32.875000000000000,1
1048,4185,7615,27.375000000000000,32.875000000000000,1
1049,4186,7616,25.375000000000000,32.875000000000000,1
1050,4187,7617,23.375000000000000,32.875000000000000,1
1051,4188,7618,21.375000000000000,32.875000000000000,1
1052,4189,7619,19.375000000000000,32.875000000000000,1
1053,4190,7620,17.375000000000000,32.875000000000000,1
1054,4191,7621,15.375000000000000,32.875000000000000,1
1055,4220,7672,29.375000000000000,33.125000000000000,1
1056,4221,7673,27.375000000000000,33.125000000000000,1
1057,4222,7674,25.375000000000000,33.125000000000000,1
1058,4223,7675,23.375000000000000,33.125000000000000,1
1059,4224,7676,21.375000000000000,33.125000000000000,1
1060,4225,7677,19.375000000000000,33.125000000000000,1
1061,4226,7678,17.375000000000000,33.125000000000000,1
1062,4227,7679,15.375000000000000,33.125000000000000,1
1063,4256,7730,29.375000000000000,33.375000000000000,1
1064,4257,7731,27.375000000000000,33.375000000000000,1
1065,4258,7732,25.375000000000000,33.375000000000000,1
1066,4259,7733,23.375000000000000,33.375000000000000,1
1067,4260,7734,21.375000000000000,33.375000000000000,1
1068,4261,7735,19.375000000000000,33.375000000000000,1
1069,4262,7736,17.375000000000000,33.375000000000000,1
1070,4263,7737,15.375000000000000,33.375000000000000,1
1071,4292,7788,29.375000000000000,33.625000000000000,1
1072,4293,7789,27.375000000000000,33.625000000000000,1
1073,4294,7790,25.375000000000000,33.625000000000000,1
1074,4295,7791,23.375000000000000,33.625000000000000,1
1075,4296,7792,21.375000000000000,33.625000000000000,1
1076,4297,7793,19.375000000000000,33.625000000000000,1
1077,4298,7794,17.375000000000000,33.625000000000000,1
1078,4299,7795,15.375000000000000,33.625000000000000,1
1079,4329,7846,29.375000000000000,33.875000000000000,1
1080,4330,7848,25.375000000000000,33.875000000000000,1
1081,4331,7849,23.375000000000000,33.875000000000000,1
1082,4332,7850,21.375000000000000,33.875000000000000,1
1083,4333,7851,19.375000000000000,33.875000000000000,1
1084,4334,7852,17.375000000000000,33.875000000000000,1
1085,4335,7853,15.375000000000000,33.875000000000000,1
1086,4364,7904,29.375000000000000,34.125000000000000,1
1087,4365,7906,25.375000000000000,34.125000000000000,1
1088,4366,7907,23.375000000000000,34.125000000000000,1
1089,4367,7908,21.375000000000000,34.125000000000000,1
1090,4368,7909,19.375000000000000,34.125000000000000,1
1091,4369,7910,17.375000000000000,34.125000000000000,1
1092,4370,7911,15.375000000000000,34.125000000000000,1
1093,4399,7962,29.375000000000000,34.375000000000000,1
1094,4400,7964,25.375000000000000,34.375000000000000,1
1095,4401,7965,23.375000000000000,34.375000000000000,1
1096,4402,7966,21.375000000000000,34.375000000000000,1
1097,4403,7967,19.375000000000000,34.375000000000000,1
1098,4404,7968,17.375000000000000,34.375000000000000,1
1099,4405,7969,15.375000000000000,34.375000000000000,1
1100,4434,8020,29.375000000000000,34.625000000000000,1
1101,4435,8022,25.375000000000000,34.625000000000000,1
1102,4436,8023,23.375000000000000,34.625000000000000,1
1103,4437,8024,21.375000000000000,34.625000000000000,1
1104,4438,8025,19.375000000000000,34.625000000000000,1
1105,4439,8026,17.375000000000000,34.625000000000000,1
1106,4440,8027,15.375000000000000,34.625000000000000,1
1107,4469,8081,23.375000000000000,34.875000000000000,1
1108,4470,8082,21.375000000000000,34.875000000000000,1
1109,4471,8083,19.375000000000000,34.875000000000000,1
1110,4472,8084,17.375000000000000,34.875000000000000,1
1111,4473,8085,15.375000000000000,34.875000000000000,1
1112,4500,8136,29.375000000000000,35.125000000000000,1
1113,4501,8139,23.375000000000000,35.125000000000000,1
1114,4502,8140,21.375000000000000,35.125000000000000,1
1115,4503,8141,19.375000000000000,35.125000000000000,1
1116,4504,8142,17.375000000000000,35.125000000000000,1
1117,4505,8143,15.375000000000000,35.125000000000000,1
1118,4532,8194,29.375000000000000,35.375000000000000,1
1119,4533,8197,23.375000000000000,35.375000000000000,1
1120,4534,8198,21.375000000000000,35.375000000000000,1
1121,4535,8199,19.375000000000000,35.375000000000000,1
1122,4536,8200,17.375000000000000,35.375000000000000,1
1123,4537,8201,15.375000000000000,35.375000000000000,1
1124,4564,8252,29.375000000000000,35.625000000000000,1
1125,4565,8256,21.375000000000000,35.625000000000000,1
1126,4566,8257,19.375000000000000,35.625000000000000,1
1127,4567,8258,17.375000000000000,35.625000000000000,1
1128,4568,8259,15.375000000000000,35.625000000000000,1
1129,4595,8310,29.375000000000000,35.875000000000000,1
1130,4596,8314,21.375000000000000,35.875000000000000,1
1131,4597,8315,19.375000000000000,35.875000000000000,1
1132,4598,8316,17.375000000000000,35.875000000000000,1
1133,4599,8317,15.375000000000000,35.875000000000000,1
1134,4626,8368,29.375000000000000,36.125000000000000,1
1135,4627,8372,21.375000000000000,36.125000000000000,1
1136,4628,8373,19.375000000000000,36.125000000000000,1
1137,4629,8374,17.375000000000000,36.125000000000000,1
1138,4630,8375,15.375000000000000,36.125000000000000,1
1139,4659,8426,29.375000000000000,36.375000000000000,1
1140,4660,8427,27.375000000000000,36.375000000000000,1
1141,4661,8432,17.375000000000000,36.375000000000000,1
1142,4662,8433,15.375000000000000,36.375000000000000,1
1143,4692,8484,29.375000000000000,36.625000000000000,1
1144,4693,8485,27.375000000000000,36.625000000000000,1
1145,4694,8490,17.375000000000000,36.625000000000000,1
1146,4695,8491,15.375000000000000,36.625000000000000,1
1147,4724,8542,29.375000000000000,36.875000000000000,1
1148,4725,8543,27.375000000000000,36.875000000000000,1
1149,4726,8548,17.375000000000000,36.875000000000000,1
1150,4727,8549,15.375000000000000,36.875000000000000,1
1151,4756,8600,29.375000000000000,37.125000000000000,1
1152,4757,8601,27.375000000000000,37.125000000000000,1
1153,4758,8602,25.375000000000000,37.125000000000000,1
1154,4759,8606,17.375000000000000,37.125000000000000,1
1155,4760,8607,15.375000000000000,37.125000000000000,1
1156,4789,8658,29.375000000000000,37.375000000000000,1
1157,4790,8659,27.375000000000000,37.375000000000000,1
1158,4791,8660,25.375000000000000,37.375000000000000,1
1159,4792,8664,17.375000000000000,37.375000000000000,1
1160,4793,8665,15.375000000000000,37.375000000000000,1
1161,4822,8716,29.375000000000000,37.625000000000000,1
1162,4823,8717,27.375000000000000,37.625000000000000,1
1163,4824,8718,25.375000000000000,37.625000000000000,1
1164,4825,8722,17.375000000000000,37.625000000000000,1
1165,4826,8723,15.375000000000000,37.625000000000000,1
1166,4855,8774,29.375000000000000,37.875000000000000,1
1167,4856,8775,27.375000000000000,37.875000000000000,1
1168,4857,8776,25.375000000000000,37.875000000000000,1
1169,4858,8780,17.375000000000000,37.875000000000000,1
1170,4859,8781,15.375000000000000,37.875000000000000,1
1171,4888,8832,29.375000000000000,38.125000000000000,1
1172,4889,8833,27.375000000000000,38.125000000000000,1
1173,4890,8834,25.375000000000000,38.125000000000000,1
1174,4891,8838,17.375000000000000,38.125000000000000,1
1175,4892,8839,15.375000000000000,38.125000000000000,1
1176,4921,8890,29.375000000000000,38.375000000000000,1
1177,4922,8891,27.375000000000000,38.375000000000000,1
1178,4923,8892,25.375000000000000,38.375000000000000,1
1179,4924,8896,17.375000000000000,38.375000000000000,1
1180,4925,8897,15.375000000000000,38.375000000000000,1
1181,4954,8948,29.375000000000000,38.625000000000000,1
1182,4955,8949,27.375000000000000,38.625000000000000,1
1183,4956,8950,25.375000000000000,38.625000000000000,1
1184,4957,8954,17.375000000000000,38.625000000000000,1
1185,4958,8955,15.375000000000000,38.625000000000000,1
1186,4988,9006,29.375000000000000,38.875000000000000,1
1187,4989,9007,27.375000000000000,38.875000000000000,1
1188,4990,9008,25.375000000000000,38.875000000000000,1
1189,4991,9009,23.375000000000000,38.875000000000000,1
1190,4992,9013,15.375000000000000,38.875000000000000,1
1191,5017,9064,29.375000000000000,39.125000000000000,1
1192,5018,9065,27.375000000000000,39.125000000000000,1
1193,5019,9066,25.375000000000000,39.125000000000000,1
1194,5020,9067,23.375000000000000,39.125000000000000,1
1195,5021,9071,15.375000000000000,39.125000000000000,1
1196,5046,9122,29.375000000000000,39.375000000000000,1
1197,5047,9123,27.375000000000000,39.375000000000000,1
1198,5048,9124,25.375000000000000,39.375000000000000,1
1199,5049,9125,23.375000000000000,39.375000000000000,1
1200,5050,9126,21.375000000000000,39.375000000000000,1
1201,5051,9129,15.375000000000000,39.375000000000000,1
1202,5076,9180,29.375000000000000,39.625000000000000,1
1203,5077,9181,27.375000000000000,39.625000000000000,1
1204,5078,9182,25.375000000000000,39.625000000000000,1
1205,5079,9183,23.375000000000000,39.625000000000000,1
1206,5080,9184,21.375000000000000,39.625000000000000,1
1207,5081,9187,15.375000000000000,39.625000000000000,1
1208,5106,9238,29.375000000000000,39.875000000000000,1
1209,5107,9239,27.375000000000000,39.875000000000000,1
1210,5108,9240,25.375000000000000,39.875000000000000,1
1211,5109,9241,23.375000000000000,39.875000000000000,1
1212,5110,9242,21.375000000000000,39.875000000000000,1
1213,5111,9245,15.375000000000000,39.875000000000000,1
1214,21039,79770,21.375000000000000,-16.125000000000000,1
1215,21040,79771,19.375000000000000,-16.125000000000000,1
1216,21041,79772,17.375000000000000,-16.125000000000000,1
1217,21042,79773,15.375000000000000,-16.125000000000000,1
1218,21044,79827,23.375000000000000,-15.875000000000000,1
1219,21045,79828,21.375000000000000,-15.875000000000000,1
1220,21046,79829,19.375000000000000,-15.875000000000000,1
1221,21047,79830,17.375000000000000,-15.875000000000000,1
1222,21048,79831,15.375000000000000,-15.875000000000000,1
1223,21050,79885,23.375000000000000,-15.625000000000000,1
1224,21051,79886,21.375000000000000,-15.625000000000000,1
1225,21052,79887,19.375000000000000,-15.625000000000000,1
1226,21053,79888,17.375000000000000,-15.625000000000000,1
1227,21054,79889,15.375000000000000,-15.625000000000000,1
1228,21056,79943,23.375000000000000,-15.375000000000000,1
1229,21057,79944,21.375000000000000,-15.375000000000000,1
1230,21058,79945,19.375000000000000,-15.375000000000000,1
1231,21059,79946,17.375000000000000,-15.375000000000000,1
1232,21060,79947,15.375000000000000,-15.375000000000000,1
1233,21062,80001,23.375000000000000,-15.125000000000000,1
1234,21063,80002,21.375000000000000,-15.125000000000000,1
1235,21064,80003,19.375000000000000,-15.125000000000000,1
1236,21065,80004,17.375000000000000,-15.125000000000000,1
1237,21066,80005,15.375000000000000,-15.125000000000000,1
1238,21069,80059,23.375000000000000,-14.875000000000000,1
1239,21070,80060,21.375000000000000,-14.875000000000000,1
1240,21071,80061,19.375000000000000,-14.875000000000000,1
1241,21072,80062,17.375000000000000,-14.875000000000000,1
1242,21073,80063,15.375000000000000,-14.875000000000000,1
1243,21076,80117,23.375000000000000,-14.625000000000000,1
1244,21077,80118,21.375000000000000,-14.625000000000000,1
1245,21078,80119,19.375000000000000,-14.625000000000000,1
1246,21079,80120,17.375000000000000,-14.625000000000000,1
1247,21080,80121,15.375000000000000,-14.625000000000000,1
1248,21083,80175,23.375000000000000,-14.375000000000000,1
1249,21084,80176,21.375000000000000,-14.375000000000000,1
1250,21085,80177,19.375000000000000,-14.375000000000000,1
1251,21086,80178,17.375000000000000,-14.375000000000000,1
1252,21087,80179,15.375000000000000,-14.375000000000000,1
1253,21090,80233,23.375000000000000,-14.125000000000000,1
1254,21091,80234,21.375000000000000,-14.125000000000000,1
1255,21092,80235,19.375000000000000,-14.125000000000000,1
1256,21093,80236,17.375000000000000,-14.125000000000000,1
1257,21094,80237,15.375000000000000,-14.125000000000000,1
1258,21097,80291,23.375000000000000,-13.875000000000000,1
1259,21098,80292,21.375000000000000,-13.875000000000000,1
1260,21099,80293,19.375000000000000,-13.875000000000000,1
1261,21100,80294,17.375000000000000,-13.875000000000000,1
1262,21101,80295,15.375000000000000,-13.875000000000000,1
1263,21104,80348,25.375000000000000,-13.625000000000000,1
1264,21105,80349,23.375000000000000,-13.625000000000000,1
1265,21106,80350,21.375000000000000,-13.625000000000000,1
1266,21107,80351,19.375000000000000,-13.625000000000000,1
1267,21108,80352,17.375000000000000,-13.625000000000000,1
1268,21109,80353,15.375000000000000,-13.625000000000000,1
1269,21112,80406,25.375000000000000,-13.375000000000000,1
1270,21113,80407,23.375000000000000,-13.375000000000000,1
1271,21114,80408,21.375000000000000,-13.375000000000000,1
1272,21115,80409,19.375000000000000,-13.375000000000000,1
1273,21116,80410,17.375000000000000,-13.375000000000000,1
1274,21117,80411,15.375000000000000,-13.375000000000000,1
1275,21121,80463,27.375000000000000,-13.125000000000000,1
1276,21122,80464,25.375000000000000,-13.125000000000000,1
1277,21123,80465,23.375000000000000,-13.125000000000000,1
1278,21124,80466,21.375000000000000,-13.125000000000000,1
1279,21125,80467,19.375000000000000,-13.125000000000000,1
1280,21126,80468,17.375000000000000,-13.125000000000000,1
1281,21127,80469,15.375000000000000,-13.125000000000000,1
1282,21131,80521,27.375000000000000,-12.875000000000000,1
1283,21132,80522,25.375000000000000,-12.875000000000000,1
1284,21133,80523,23.375000000000000,-12.875000000000000,1
1285,21134,80524,21.375000000000000,-12.875000000000000,1
1286,21135,80525,19.375000000000000,-12.875000000000000,1
1287,21136,80526,17.375000000000000,-12.875000000000000,1
1288,21137,80527,15.375000000000000,-12.875000000000000,1
1289,21141,80579,27.375000000000000,-12.625000000000000,1
1290,21142,80580,25.375000000000000,-12.625000000000000,1
1291,21143,80581,23.375000000000000,-12.625000000000000,1
1292,21144,80582,21.375000000000000,-12.625000000000000,1
1293,21145,80583,19.375000000000000,-12.625000000000000,1
1294,21146,80584,17.375000000000000,-12.625000000000000,1
1295,21147,80585,15.375000000000000,-12.625000000000000,1
1296,21151,80637,27.375000000000000,-12.375000000000000,1
1297,21152,80638,25.375000000000000,-12.375000000000000,1
1298,21153,80639,23.375000000000000,-12.375000000000000,1
1299,21154,80640,21.375000000000000,-12.375000000000000,1
1300,21155,80641,19.375000000000000,-12.375000000000000,1
1301,21156,80642,17.375000000000000,-12.375000000000000,1
1302,21157,80643,15.375000000000000,-12.375000000000000,1
1303,21161,80695,27.375000000000000,-12.125000000000000,1
1304,21162,80696,25.375000000000000,-12.125000000000000,1
1305,21163,80697,23.375000000000000,-12.125000000000000,1
1306,21164,80698,21.375000000000000,-12.125000000000000,1
1307,21165,80699,19.375000000000000,-12.125000000000000,1
1308,21166,80700,17.375000000000000,-12.125000000000000,1
1309,21167,80701,15.375000000000000,-12.125000000000000,1
1310,21171,80753,27.375000000000000,-11.875000000000000,1
1311,21172,80754,25.375000000000000,-11.875000000000000,1
1312,21173,80755,23.375000000000000,-11.875000000000000,1
1313,21174,80756,21.375000000000000,-11.875000000000000,1
1314,21175,80757,19.375000000000000,-11.875000000000000,1
1315,21176,80758,17.375000000000000,-11.875000000000000,1
1316,21177,80759,15.375000000000000,-11.875000000000000,1
1317,21181,80811,27.375000000000000,-11.625000000000000,1
1318,21182,80812,25.375000000000000,-11.625000000000000,1
1319,21183,80813,23.375000000000000,-11.625000000000000,1
1320,21184,80814,21.375000000000000,-11.625000000000000,1
1321,21185,80815,19.375000000000000,-11.625000000000000,1
1322,21186,80816,17.375000000000000,-11.625000000000000,1
1323,21187,80817,15.375000000000000,-11.625000000000000,1
1324,21191,80869,27.375000000000000,-11.375000000000000,1
1325,21192,80870,25.375000000000000,-11.375000000000000,1
1326,21193,80871,23.375000000000000,-11.375000000000000,1
1327,21194,80872,21.375000000000000,-11.375000000000000,1
1328,21195,80873,19.375000000000000,-11.375000000000000,1
1329,21196,80874,17.375000000000000,-11.375000000000000,1
1330,21197,80875,15.375000000000000,-11.375000000000000,1
1331,21201,80927,27.375000000000000,-11.125000000000000,1
1332,21202,80928,25.375000000000000,-11.125000000000000,1
1333,21203,80929,23.375000000000000,-11.125000000000000,1
1334,21204,80930,21.375000000000000,-11.125000000000000,1
1335,21205,80931,19.375000000000000,-11.125000000000000,1
1336,21206,80932,17.375000000000000,-11.125000000000000,1
1337,21207,80933,15.375000000000000,-11.125000000000000,1
1338,21212,80985,27.375000000000000,-10.875000000000000,1
1339,21213,80986,25.375000000000000,-10.875000000000000,1
1340,21214,80987,23.375000000000000,-10.875000000000000,1
1341,21215,80988,21.375000000000000,-10.875000000000000,1
1342,21216,80989,19.375000000000000,-10.875000000000000,1
1343,21217,80990,17.375000000000000,-10.875000000000000,1
1344,21218,80991,15.375000000000000,-10.875000000000000,1
1345,21223,81043,27.375000000000000,-10.625000000000000,1
1346,21224,81044,25.375000000000000,-10.625000000000000,1
1347,21225,81045,23.375000000000000,-10.625000000000000,1
1348,21226,81046,21.375000000000000,-10.625000000000000,1
1349,21227,81047,19.375000000000000,-10.625000000000000,1
1350,21228,81048,17.375000000000000,-10.625000000000000,1
1351,21229,81049,15.375000000000000,-10.625000000000000,1
1352,21234,81101,27.375000000000000,-10.375000000000000,1
1353,21235,81102,25.375000000000000,-10.375000000000000,1
1354,21236,81103,23.375000000000000,-10.375000000000000,1
1355,21237,81104,21.375000000000000,-10.375000000000000,1
1356,21238,81105,19.375000000000000,-10.375000000000000,1
1357,21239,81106,17.375000000000000,-10.375000000000000,1
1358,21240,81107,15.375000000000000,-10.375000000000000,1
1359,21245,81159,27.375000000000000,-10.125000000000000,1
1360,21246,81160,25.375000000000000,-10.125000000000000,1
1361,21247,81161,23.375000000000000,-10.125000000000000,1
1362,21248,81162,21.375000000000000,-10.125000000000000,1
1363,21249,81163,19.375000000000000,-10.125000000000000,1
1364,21250,81164,17.375000000000000,-10.125000000000000,1
1365,21251,81165,15.375000000000000,-10.125000000000000,1
1366,21256,81217,27.375000000000000,-9.875000000000000,1
1367,21257,81218,25.375000000000000,-9.875000000000000,1
1368,21258,81219,23.375000000000000,-9.875000000000000,1
1369,21259,81220,21.375000000000000,-9.875000000000000,1
1370,21260,81221,19.375000000000000,-9.875000000000000,1
1371,21261,81222,17.375000000000000,-9.875000000000000,1
1372,21262,81223,15.375000000000000,-9.875000000000000,1
1373,21267,81275,27.375000000000000,-9.625000000000000,1
1374,21268,81276,25.375000000000000,-9.625000000000000,1
1375,21269,81277,23.375000000000000,-9.625000000000000,1
1376,21270,81278,21.375000000000000,-9.625000000000000,1
1377,21271,81279,19.375000000000000,-9.625000000000000,1
1378,21272,81280,17.375000000000000,-9.625000000000000,1
1379,21273,81281,15.375000000000000,-9.625000000000000,1
1380,21278,81333,27.375000000000000,-9.375000000000000,1
1381,21279,81334,25.375000000000000,-9.375000000000000,1
1382,21280,81335,23.375000000000000,-9.375000000000000,1
1383,21281,81336,21.375000000000000,-9.375000000000000,1
1384,21282,81337,19.375000000000000,-9.375000000000000,1
1385,21283,81338,17.375000000000000,-9.375000000000000,1
1386,21284,81339,15.375000000000000,-9.375000000000000,1
1387,21289,81391,27.375000000000000,-9.125000000000000,1
1388,21290,81392,25.375000000000000,-9.125000000000000,1
1389,21291,81393,23.375000000000000,-9.125000000000000,1
1390,21292,81394,21.375000000000000,-9.125000000000000,1
1391,21293,81395,19.375000000000000,-9.125000000000000,1
1392,21294,81396,17.375000000000000,-9.125000000000000,1
1393,21295,81397,15.375000000000000,-9.125000000000000,1
1394,21300,81449,27.375000000000000,-8.875000000000000,1
1395,21301,81450,25.375000000000000,-8.875000000000000,1
1396,21302,81451,23.375000000000000,-8.875000000000000,1
1397,21303,81452,21.375000000000000,-8.875000000000000,1
1398,21304,81453,19.375000000000000,-8.875000000000000,1
1399,21305,81454,17.375000000000000,-8.875000000000000,1
1400,21306,81455,15.375000000000000,-8.875000000000000,1
1401,21316,81506,29.375000000000000,-8.625000000000000,1
1402,21317,81507,27.375000000000000,-8.625000000000000,1
1403,21318,81508,25.375000000000000,-8.625000000000000,1
1404,21319,81509,23.375000000000000,-8.625000000000000,1
1405,21320,81510,21.375000000000000,-8.625000000000000,1
1406,21321,81511,19.375000000000000,-8.625000000000000,1
1407,21322,81512,17.375000000000000,-8.625000000000000,1
1408,21323,81513,15.375000000000000,-8.625000000000000,1
1409,21335,81564,29.375000000000000,-8.375000000000000,1
1410,21336,81565,27.375000000000000,-8.375000000000000,1
1411,21337,81566,25.375000000000000,-8.375000000000000,1
1412,21338,81567,23.375000000000000,-8.375000000000000,1
1413,21339,81568,21.375000000000000,-8.375000000000000,1
1414,21340,81569,19.375000000000000,-8.375000000000000,1
1415,21341,81570,17.375000000000000,-8.375000000000000,1
1416,21342,81571,15.375000000000000,-8.375000000000000,1
1417,21355,81622,29.375000000000000,-8.125000000000000,1
1418,21356,81623,27.375000000000000,-8.125000000000000,1
1419,21357,81624,25.375000000000000,-8.125000000000000,1
1420,21358,81625,23.375000000000000,-8.125000000000000,1
1421,21359,81626,21.375000000000000,-8.125000000000000,1
1422,21360,81627,19.375000000000000,-8.125000000000000,1
1423,21361,81628,17.375000000000000,-8.125000000000000,1
1424,21362,81629,15.375000000000000,-8.125000000000000,1
1425,21375,81680,29.375000000000000,-7.875000000000000,1
1426,21376,81681,27.375000000000000,-7.875000000000000,1
1427,21377,81682,25.375000000000000,-7.875000000000000,1
1428,21378,81683,23.375000000000000,-7.875000000000000,1
1429,21379,81684,21.375000000000000,-7.875000000000000,1
1430,21380,81685,19.375000000000000,-7.875000000000000,1
1431,21381,81686,17.375000000000000,-7.875000000000000,1
1432,21382,81687,15.375000000000000,-7.875000000000000,1
1433,21395,81738,29.375000000000000,-7.625000000000000,1
1434,21396,81739,27.375000000000000,-7.625000000000000,1
1435,21397,81740,25.375000000000000,-7.625000000000000,1
1436,21398,81741,23.375000000000000,-7.625000000000000,1
1437,21399,81742,21.375000000000000,-7.625000000000000,1
1438,21400,81743,19.375000000000000,-7.625000000000000,1
1439,21401,81744,17.375000000000000,-7.625000000000000,1
1440,21402,81745,15.375000000000000,-7.625000000000000,1
1441,21415,81796,29.375000000000000,-7.375000000000000,1
1442,21416,81797,27.375000000000000,-7.375000000000000,1
1443,21417,81798,25.375000000000000,-7.375000000000000,1
1444,21418,81799,23.375000000000000,-7.375000000000000,1
1445,21419,81800,21.375000000000000,-7.375000000000000,1
1446,21420,81801,19.375000000000000,-7.375000000000000,1
1447,21421,81802,17.375000000000000,-7.375000000000000,1
1448,21422,81803,15.375000000000000,-7.375000000000000,1
1449,21435,81854,29.375000000000000,-7.125000000000000,1
1450,21436,81855,27.375000000000000,-7.125000000000000,1
1451,21437,81856,25.375000000000000,-7.125000000000000,1
1452,21438,81857,23.375000000000000,-7.125000000000000,1
1453,21439,81858,21.375000000000000,-7.125000000000000,1
1454,21440,81859,19.375000000000000,-7.125000000000000,1
1455,21441,81860,17.375000000000000,-7.125000000000000,1
1456,21442,81861,15.375000000000000,-7.125000000000000,1
1457,21455,81912,29.375000000000000,-6.875000000000000,1
1458,21456,81913,27.375000000000000,-6.875000000000000,1
1459,21457,81914,25.375000000000000,-6.875000000000000,1
1460,21458,81915,23.375000000000000,-6.875000000000000,1
1461,21459,81916,21.375000000000000,-6.875000000000000,1
1462,21460,81917,19.375000000000000,-6.875000000000000,1
1463,21461,81918,17.375000000000000,-6.875000000000000,1
1464,21462,81919,15.375000000000000,-6.875000000000000,1
1465,21475,81970,29.375000000000000,-6.625000000000000,1
1466,21476,81971,27.375000000000000,-6.625000000000000,1
1467,21477,81972,25.375000000000000,-6.625000000000000,1
1468,21478,81973,23.375000000000000,-6.625000000000000,1
1469,21479,81974,21.375000000000000,-6.625000000000000,1
1470,21480,81975,19.375000000000000,-6.625000000000000,1
1471,21481,81976,17.375000000000000,-6.625000000000000,1
1472,21482,81977,15.375000000000000,-6.625000000000000,1
1473,21495,82028,29.375000000000000,-6.375000000000000,1
1474,21496,82029,27.375000000000000,-6.375000000000000,1
1475,21497,82030,25.375000000000000,-6.375000000000000,1
1476,21498,82031,23.375000000000000,-6.375000000000000,1
1477,21499,82032,21.375000000000000,-6.375000000000000,1
1478,21500,82033,19.375000000000000,-6.375000000000000,1
1479,21501,82034,17.375000000000000,-6.375000000000000,1
1480,21502,82035,15.375000000000000,-6.375000000000000,1
1481,21514,82086,29.375000000000000,-6.125000000000000,1
1482,21515,82087,27.375000000000000,-6.125000000000000,1
1483,21516,82088,25.375000000000000,-6.125000000000000,1
1484,21517,82089,23.375000000000000,-6.125000000000000,1
1485,21518,82090,21.375000000000000,-6.125000000000000,1
1486,21519,82091,19.375000000000000,-6.125000000000000,1
1487,21520,82092,17.375000000000000,-6.125000000000000,1
1488,21521,82093,15.375000000000000,-6.125000000000000,1
1489,21533,82144,29.375000000000000,-5.875000000000000,1
1490,21534,82145,27.375000000000000,-5.875000000000000,1
1491,21535,82146,25.375000000000000,-5.875000000000000,1
1492,21536,82147,23.375000000000000,-5.875000000000000,1
1493,21537,82148,21.375000000000000,-5.875000000000000,1
1494,21538,82149,19.375000000000000,-5.875000000000000,1
1495,21539,82150,17.375000000000000,-5.875000000000000,1
1496,21540,82151,15.375000000000000,-5.875000000000000,1
1497,21553,82202,29.375000000000000,-5.625000000000000,1
1498,21554,82203,27.375000000000000,-5.625000000000000,1
1499,21555,82204,25.375000000000000,-5.625000000000000,1
1500,21556,82205,23.375000000000000,-5.625000000000000,1
1501,21557,82206,21.375000000000000,-5.625000000000000,1
1502,21558,82207,19.375000000000000,-5.625000000000000,1
1503,21559,82208,17.375000000000000,-5.625000000000000,1
1504,21560,82209,15.375000000000000,-5.625000000000000,1
1505,21573,82260,29.375000000000000,-5.375000000000000,1
1506,21574,82261,27.375000000000000,-5.375000000000000,1
1507,21575,82262,25.375000000000000,-5.375000000000000,1
1508,21576,82263,23.375000000000000,-5.375000000000000,1
1509,21577,82264,21.375000000000000,-5.375000000000000,1
1510,21578,82265,19.375000000000000,-5.375000000000000,1
1511,21579,82266,17.375000000000000,-5.375000000000000,1
1512,21580,82267,15.375000000000000,-5.375000000000000,1
1513,21593,82318,29.375000000000000,-5.125000000000000,1
1514,21594,82319,27.375000000000000,-5.125000000000000,1
1515,21595,82320,25.375000000000000,-5.125000000000000,1
1516,21596,82321,23.375000000000000,-5.125000000000000,1
1517,21597,82322,21.375000000000000,-5.125000000000000,1
1518,21598,82323,19.375000000000000,-5.125000000000000,1
1519,21599,82324,17.375000000000000,-5.125000000000000,1
1520,21600,82325,15.375000000000000,-5.125000000000000,1
1521,21612,82376,29.375000000000000,-4.875000000000000,1
1522,21613,82377,27.375000000000000,-4.875000000000000,1
1523,21614,82378,25.375000000000000,-4.875000000000000,1
1524,21615,82379,23.375000000000000,-4.875000000000000,1
1525,21616,82380,21.375000000000000,-4.875000000000000,1
1526,21617,82381,19.375000000000000,-4.875000000000000,1
1527,21618,82382,17.375000000000000,-4.875000000000000,1
1528,21619,82383,15.375000000000000,-4.875000000000000,1
1529,21631,82434,29.375000000000000,-4.625000000000000,1
1530,21632,82435,27.375000000000000,-4.625000000000000,1
1531,21633,82436,25.375000000000000,-4.625000000000000,1
1532,21634,82437,23.375000000000000,-4.625000000000000,1
1533,21635,82438,21.375000000000000,-4.625000000000000,1
1534,21636,82439,19.375000000000000,-4.625000000000000,1
1535,21637,82440,17.375000000000000,-4.625000000000000,1
1536,21638,82441,15.375000000000000,-4.625000000000000,1
1537,21650,82492,29.375000000000000,-4.375000000000000,1
1538,21651,82493,27.375000000000000,-4.375000000000000,1
1539,21652,82494,25.375000000000000,-4.375000000000000,1
1540,21653,82495,23.375000000000000,-4.375000000000000,1
1541,21654,82496,21.375000000000000,-4.375000000000000,1
1542,21655,82497,19.375000000000000,-4.375000000000000,1
1543,21656,82498,17.375000000000000,-4.375000000000000,1
1544,21657,82499,15.375000000000000,-4.375000000000000,1
1545,21669,82550,29.375000000000000,-4.125000000000000,1
1546,21670,82551,27.375000000000000,-4.125000000000000,1
1547,21671,82552,25.375000000000000,-4.125000000000000,1
1548,21672,82553,23.375000000000000,-4.125000000000000,1
1549,21673,82554,21.375000000000000,-4.125000000000000,1
1550,21674,82555,19.375000000000000,-4.125000000000000,1
1551,21675,82556,17.375000000000000,-4.125000000000000,1
1552,21676,82557,15.375000000000000,-4.125000000000000,1
1553,21688,82608,29.375000000000000,-3.875000000000000,1
1554,21689,82609,27.375000000000000,-3.875000000000000,1
1555,21690,82610,25.375000000000000,-3.875000000000000,1
1556,21691,82611,23.375000000000000,-3.875000000000000,1
1557,21692,82612,21.375000000000000,-3.875000000000000,1
1558,21693,82613,19.375000000000000,-3.875000000000000,1
1559,21694,82614,17.375000000000000,-3.875000000000000,1
1560,21695,82615,15.375000000000000,-3.875000000000000,1
1561,21707,82666,29.375000000000000,-3.625000000000000,1
1562,21708,82667,27.375000000000000,-3.625000000000000,1
1563,21709,82668,25.375000000000000,-3.625000000000000,1
1564,21710,82669,23.375000000000000,-3.625000000000000,1
1565,21711,82670,21.375000000000000,-3.625000000000000,1
1566,21712,82671,19.375000000000000,-3.625000000000000,1
1567,21713,82672,17.375000000000000,-3.625000000000000,1
1568,21714,82673,15.375000000000000,-3.625000000000000,1
1569,21727,82724,29.375000000000000,-3.375000000000000,1
1570,21728,82725,27.375000000000000,-3.375000000000000,1
1571,21729,82726,25.375000000000000,-3.375000000000000,1
1572,21730,82727,23.375000000000000,-3.375000000000000,1
1573,21731,82728,21.375000000000000,-3.375000000000000,1
1574,21732,82729,19.375000000000000,-3.375000000000000,1
1575,21733,82730,17.375000000000000,-3.375000000000000,1
1576,21734,82731,15.375000000000000,-3.375000000000000,1
1577,21747,82782,29.375000000000000,-3.125000000000000,1
1578,21748,82783,27.375000000000000,-3.125000000000000,1
1579,21749,82784,25.375000000000000,-3.125000000000000,1
1580,21750,82785,23.375000000000000,-3.125000000000000,1
1581,21751,82786,21.375000000000000,-3.125000000000000,1
1582,21752,82787,19.375000000000000,-3.125000000000000,1
1583,21753,82788,17.375000000000000,-3.125000000000000,1
1584,21754,82789,15.375000000000000,-3.125000000000000,1
1585,21769,82840,29.375000000000000,-2.875000000000000,1
1586,21770,82841,27.375000000000000,-2.875000000000000,1
1587,21771,82842,25.375000000000000,-2.875000000000000,1
1588,21772,82843,23.375000000000000,-2.875000000000000,1
1589,21773,82844,21.375000000000000,-2.875000000000000,1
1590,21774,82845,19.375000000000000,-2.875000000000000,1
1591,21775,82846,17.375000000000000,-2.875000000000000,1
1592,21776,82847,15.375000000000000,-2.875000000000000,1
1593,21791,82898,29.375000000000000,-2.625000000000000,1
1594,21792,82899,27.375000000000000,-2.625000000000000,1
1595,21793,82900,25.375000000000000,-2.625000000000000,1
1596,21794,82901,23.375000000000000,-2.625000000000000,1
1597,21795,82902,21.375000000000000,-2.625000000000000,1
1598,21796,82903,19.375000000000000,-2.625000000000000,1
1599,21797,82904,17.375000000000000,-2.625000000000000,1
1600,21798,82905,15.375000000000000,-2.625000000000000,1
1601,21813,82956,29.375000000000000,-2.375000000000000,1
1602,21814,82957,27.375000000000000,-2.375000000000000,1
1603,21815,82958,25.375000000000000,-2.375000000000000,1
1604,21816,82959,23.375000000000000,-2.375000000000000,1
1605,21817,82960,21.375000000000000,-2.375000000000000,1
1606,21818,82961,19.375000000000000,-2.375000000000000,1
1607,21819,82962,17.375000000000000,-2.375000000000000,1
1608,21820,82963,15.375000000000000,-2.375000000000000,1
1609,21835,83014,29.375000000000000,-2.125000000000000,1
1610,21836,83015,27.375000000000000,-2.125000000000000,1
1611,21837,83016,25.375000000000000,-2.125000000000000,1
1612,21838,83017,23.375000000000000,-2.125000000000000,1
1613,21839,83018,21.375000000000000,-2.125000000000000,1
1614,21840,83019,19.375000000000000,-2.125000000000000,1
1615,21841,83020,17.375000000000000,-2.125000000000000,1
1616,21842,83021,15.375000000000000,-2.125000000000000,1
1617,21857,83072,29.375000000000000,-1.875000000000000,1
1618,21858,83073,27.375000000000000,-1.875000000000000,1
1619,21859,83074,25.375000000000000,-1.875000000000000,1
1620,21860,83075,23.375000000000000,-1.875000000000000,1
1621,21861,83076,21.375000000000000,-1.875000000000000,1
1622,21862,83077,19.375000000000000,-1.875000000000000,1
1623,21863,83078,17.375000000000000,-1.875000000000000,1
1624,21864,83079,15.375000000000000,-1.875000000000000,1
1625,21879,83130,29.375000000000000,-1.625000000000000,1
1626,21880,83131,27.375000000000000,-1.625000000000000,1
1627,21881,83132,25.375000000000000,-1.625000000000000,1
1628,21882,83133,23.375000000000000,-1.625000000000000,1
1629,21883,83134,21.375000000000000,-1.625000000000000,1
1630,21884,83135,19.375000000000000,-1.625000000000000,1
1631,21885,83136,17.375000000000000,-1.625000000000000,1
1632,21886,83137,15.375000000000000,-1.625000000000000,1
1633,21900,83188,29.375000000000000,-1.375000000000000,1
1634,21901,83189,27.375000000000000,-1.375000000000000,1
1635,21902,83190,25.375000000000000,-1.375000000000000,1
1636,21903,83191,23.375000000000000,-1.375000000000000,1
1637,21904,83192,21.375000000000000,-1.375000000000000,1
1638,21905,83193,19.375000000000000,-1.375000000000000,1
1639,21906,83194,17.375000000000000,-1.375000000000000,1
1640,21907,83195,15.375000000000000,-1.375000000000000,1
1641,21923,83246,29.375000000000000,-1.125000000000000,1
1642,21924,83247,27.375000000000000,-1.125000000000000,1
1643,21925,83248,25.375000000000000,-1.125000000000000,1
1644,21926,83249,23.375000000000000,-1.125000000000000,1
1645,21927,83250,21.375000000000000,-1.125000000000000,1
1646,21928,83251,19.375000000000000,-1.125000000000000,1
1647,21929,83252,17.375000000000000,-1.125000000000000,1
1648,21930,83253,15.375000000000000,-1.125000000000000,1
1649,21945,83304,29.375000000000000,-0.875000000000000,1
1650,21946,83305,27.375000000000000,-0.875000000000000,1
1651,21947,83306,25.375000000000000,-0.875000000000000,1
1652,21948,83307,23.375000000000000,-0.875000000000000,1
1653,21949,83308,21.375000000000000,-0.875000000000000,1
1654,21950,83309,19.375000000000000,-0.875000000000000,1
1655,21951,83310,17.375000000000000,-0.875000000000000,1
1656,21952,83311,15.375000000000000,-0.875000000000000,1
1657,21967,83362,29.375000000000000,-0.625000000000000,1
1658,21968,83363,27.375000000000000,-0.625000000000000,1
1659,21969,83364,25.375000000000000,-0.625000000000000,1
1660,21970,83365,23.375000000000000,-0.625000000000000,1
1661,21971,83366,21.375000000000000,-0.625000000000000,1
1662,21972,83367,19.375000000000000,-0.625000000000000,1
1663,21973,83368,17.375000000000000,-0.625000000000000,1
1664,21974,83369,15.375000000000000,-0.625000000000000,1
1665,21989,83420,29.375000000000000,-0.375000000000000,1
1666,21990,83421,27.375000000000000,-0.375000000000000,1
1667,21991,83422,25.375000000000000,-0.375000000000000,1
1668,21992,83423,23.375000000000000,-0.375000000000000,1
1669,21993,83424,21.375000000000000,-0.375000000000000,1
1670,21994,83425,19.375000000000000,-0.375000000000000,1
1671,21995,83426,17.375000000000000,-0.375000000000000,1
1672,21996,83427,15.375000000000000,-0.375000000000000,1
1673,22010,83478,29.375000000000000,-0.125000000000000,1
1674,22011,83479,27.375000000000000,-0.125000000000000,1
1675,22012,83480,25.375000000000000,-0.125000000000000,1
1676,22013,83481,23.375000000000000,-0.125000000000000,1
1677,22014,83482,21.375000000000000,-0.125000000000000,1
1678,22015,83483,19.375000000000000,-0.125000000000000,1
1679,22016,83484,17.375000000000000,-0.125000000000000,1
1680,22017,83485,15.375000000000000,-0.125000000000000,1