FID,OBJECTID,field,Var1,Var2,value
0,6975,13936,29.375000000000000,60.125000000000000,1
1,6976,13937,27.375000000000000,60.125000000000000,1
2,6991,13994,29.375000000000000,60.375000000000000,1
3,6992,13995,27.375000000000000,60.375000000000000,1
4,7007,14052,29.375000000000000,60.625000000000000,1
5,7008,14053,27.375000000000000,60.625000000000000,1
6,7023,14110,29.375000000000000,60.875000000000000,1
7,7024,14111,27.375000000000000,60.875000000000000,1
8,7039,14168,29.375000000000000,61.125000000000000,1
9,7040,14169,27.375000000000000,61.125000000000000,1
10,7056,14226,29.375000000000000,61.375000000000000,1
11,7057,14227,27.375000000000000,61.375000000000000,1
12,7073,14284,29.375000000000000,61.625000000000000,1
13,7074,14285,27.375000000000000,61.625000000000000,1
14,7090,14342,29.375000000000000,61.875000000000000,1
15,7091,14343,27.375000000000000,61.875000000000000,1
16,7107,14400,29.375000000000000,62.125000000000000,1
17,7108,14401,27.375000000000000,62.125000000000000,1
18,7124,14458,29.375000000000000,62.375000000000000,1
19,7125,14459,27.375000000000000,62.375000000000000,1
20,7141,14516,29.375000000000000,62.625000000000000,1
21,7142,14517,27.375000000000000,62.625000000000000,1
22,7158,14574,29.375000000000000,62.875000000000000,1
23,7159,14575,27.375000000000000,62.875000000000000,1
24,7175,14632,29.375000000000000,63.125000000000000,1
25,7176,14633,27.375000000000000,63.125000000000000,1
26,7192,14690,29.375000000000000,63.375000000000000,1
27,7193,14691,27.375000000000000,63.375000000000000,1
28,7209,14748,29.375000000000000,63.625000000000000,1
29,7210,14749,27.375000000000000,63.625000000000000,1
30,7226,14806,29.375000000000000,63.875000000000000,1
31,7227,14807,27.375000000000000,63.875000000000000,1
32,7243,14864,29.375000000000000,64.125000000000000,1
33,7244,14865,27.375000000000000,64.125000000000000,1
34,7260,14922,29.375000000000000,64.375000000000000,1
35,7261,14923,27.375000000000000,64.375000000000000,1
36,7277,14980,29.375000000000000,64.625000000000000,1
37,7278,14981,27.375000000000000,64.625000000000000,1
38,7294,15038,29.375000000000000,64.875000000000000,1
39,7295,15039,27.375000000000000,64.875000000000000,1
40,7311,15096,29.375000000000000,65.125000000000000,1
41,7312,15097,27.375000000000000,65.125000000000000,1
42,7328,15154,29.375000000000000,65.375000000000000,1
43,7329,15155,27.375000000000000,65.375000000000000,1
44,7345,15212,29.375000000000000,65.625000000000000,1
45,7346,15213,27.375000000000000,65.625000000000000,1
46,7362,15270,29.375000000000000,65.875000000000000,1
47,7363,15271,27.375000000000000,65.875000000000000,1
48,7379,15328,29.375000000000000,66.125000000000000,1
49,7380,15329,27.375000000000000,66.125000000000000,1
50,7396,15386,29.375000000000000,66.375000000000000,1
51,7397,15387,27.375000000000000,66.375000000000000,1
52,7413,15444,29.375000000000000,66.625000000000000,1
53,7414,15445,27.375000000000000,66.625000000000000,1
54,7415,15446,25.375000000000000,66.625000000000000,1
55,7431,15502,29.375000000000000,66.875000000000000,1
56,7432,15503,27.375000000000000,66.875000000000000,1
57,7433,15504,25.375000000000000,66.875000000000000,1
58,7449,15560,29.375000000000000,67.125000000000000,1
59,7450,15561,27.375000000000000,67.125000000000000,1
60,7451,15562,25.375000000000000,67.125000000000000,1
61,7467,15618,29.375000000000000,67.375000000000000,1
62,7468,15619,27.375000000000000,67.375000000000000,1
63,7469,15620,25.375000000000000,67.375000000000000,1
64,7485,15676,29.375000000000000,67.625000000000000,1
65,7486,15677,27.375000000000000,67.625000000000000,1
66,7487,15678,25.375000000000000,67.625000000000000,1
67,7503,15734,29.375000000000000,67.875000000000000,1
68,7504,15735,27.375000000000000,67.875000000000000,1
69,7505,15736,25.375000000000000,67.875000000000000,1
70,7521,15792,29.375000000000000,68.125000000000000,1
71,7522,15793,27.375000000000000,68.125000000000000,1
72,7523,15794,25.375000000000000,68.125000000000000,1
73,7539,15850,29.375000000000000,68.375000000000000,1
74,7540,15851,27.375000000000000,68.375000000000000,1
75,7541,15852,25.375000000000000,68.375000000000000,1
76,7557,15908,29.375000000000000,68.625000000000000,1
77,7558,15909,27.375000000000000,68.625000000000000,1
78,7559,15910,25.375000000000000,68.625000000000000,1
79,7575,15966,29.375000000000000,68.875000000000000,1
80,7576,15967,27.375000000000000,68.875000000000000,1
81,7577,15968,25.375000000000000,68.875000000000000,1
82,7578,15969,23.375000000000000,68.875000000000000,1
83,7594,16024,29.375000000000000,69.125000000000000,1
84,7595,16025,27.375000000000000,69.125000000000000,1
85,7596,16026,25.375000000000000,69.125000000000000,1
86,7597,16027,23.375000000000000,69.125000000000000,1
87,7613,16082,29.375000000000000,69.375000000000000,1
88,7614,16083,27.375000000000000,69.375000000000000,1
89,7615,16084,25.375000000000000,69.375000000000000,1
90,7616,16085,23.375000000000000,69.375000000000000,1
91,7632,16140,29.375000000000000,69.625000000000000,1
92,7633,16141,27.375000000000000,69.625000000000000,1
93,7634,16142,25.375000000000000,69.625000000000000,1
94,7635,16143,23.375000000000000,69.625000000000000,1
95,7651,16198,29.375000000000000,69.875000000000000,1
96,7652,16199,27.375000000000000,69.875000000000000,1
97,7653,16200,25.375000000000000,69.875000000000000,1
98,7654,16201,23.375000000000000,69.875000000000000,1
99,7655,16202,21.375000000000000,69.875000000000000,1
100,7671,16256,29.375000000000000,70.125000000000000,1
101,7672,16257,27.375000000000000,70.125000000000000,1
102,7673,16258,25.375000000000000,70.125000000000000,1
103,7674,16259,23.375000000000000,70.125000000000000,1
104,7675,16260,21.375000000000000,70.125000000000000,1
105,7691,16314,29.375000000000000,70.375000000000000,1
106,7692,16315,27.375000000000000,70.375000000000000,1
107,7693,16316,25.375000000000000,70.375000000000000,1
108,7694,16317,23.375000000000000,70.375000000000000,1
109,7695,16318,21.375000000000000,70.375000000000000,1
110,7711,16372,29.375000000000000,70.625000000000000,1
111,7712,16373,27.375000000000000,70.625000000000000,1
112,7713,16374,25.375000000000000,70.625000000000000,1
113,7714,16375,23.375000000000000,70.625000000000000,1
114,7715,16376,21.375000000000000,70.625000000000000,1
115,7731,16430,29.375000000000000,70.875000000000000,1
116,7732,16431,27.375000000000000,70.875000000000000,1
117,7733,16432,25.375000000000000,70.875000000000000,1
118,7734,16433,23.375000000000000,70.875000000000000,1
119,7735,16434,21.375000000000000,70.875000000000000,1
120,7751,16488,29.375000000000000,71.125000000000000,1
121,7752,16489,27.375000000000000,71.125000000000000,1
122,7753,16490,25.375000000000000,71.125000000000000,1
123,7754,16491,23.375000000000000,71.125000000000000,1
124,7755,16492,21.375000000000000,71.125000000000000,1
125,7771,16546,29.375000000000000,71.375000000000000,1
126,7772,16547,27.375000000000000,71.375000000000000,1
127,7773,16548,25.375000000000000,71.375000000000000,1
128,7774,16549,23.375000000000000,71.375000000000000,1
129,7775,16550,21.375000000000000,71.375000000000000,1
130,7791,16604,29.375000000000000,71.625000000000000,1
131,7792,16605,27.375000000000000,71.625000000000000,1
132,7793,16606,25.375000000000000,71.625000000000000,1
133,7794,16607,23.375000000000000,71.625000000000000,1
134,7795,16608,21.375000000000000,71.625000000000000,1
135,7811,16662,29.375000000000000,71.875000000000000,1
136,7812,16663,27.375000000000000,71.875000000000000,1
137,7813,16664,25.375000000000000,71.875000000000000,1
138,7814,16665,23.375000000000000,71.875000000000000,1
139,7815,16666,21.375000000000000,71.875000000000000,1
140,7831,16720,29.375000000000000,72.125000000000000,1
141,7832,16721,27.375000000000000,72.125000000000000,1
142,7833,16722,25.375000000000000,72.125000000000000,1
143,7834,16723,23.375000000000000,72.125000000000000,1
144,7835,16724,21.375000000000000,72.125000000000000,1
145,7851,16778,29.375000000000000,72.375000000000000,1
146,7852,16779,27.375000000000000,72.375000000000000,1
147,7853,16780,25.375000000000000,72.375000000000000,1
148,7854,16781,23.375000000000000,72.375000000000000,1
149,7870,16836,29.375000000000000,72.625000000000000,1
150,7871,16837,27.375000000000000,72.625000000000000,1
151,7872,16838,25.375000000000000,72.625000000000000,1
152,7873,16839,23.375000000000000,72.625000000000000,1
153,7874,16840,21.375000000000000,72.625000000000000,1
154,7890,16894,29.375000000000000,72.875000000000000,1
155,7891,16895,27.375000000000000,72.875000000000000,1
156,7892,16896,25.375000000000000,72.875000000000000,1
157,7893,16897,23.375000000000000,72.875000000000000,1
158,7894,16898,21.375000000000000,72.875000000000000,1
159,7910,16952,29.375000000000000,73.125000000000000,1
160,7911,16953,27.375000000000000,73.125000000000000,1
161,7912,16954,25.375000000000000,73.125000000000000,1
162,7913,16955,23.375000000000000,73.125000000000000,1
163,7914,16956,21.375000000000000,73.125000000000000,1
164,7930,17010,29.375000000000000,73.375000000000000,1
165,7931,17011,27.375000000000000,73.375000000000000,1
166,7932,17012,25.375000000000000,73.375000000000000,1
167,7933,17013,23.375000000000000,73.375000000000000,1
168,7934,17014,21.375000000000000,73.375000000000000,1
169,7950,17068,29.375000000000000,73.625000000000000,1
170,7951,17069,27.375000000000000,73.625000000000000,1
171,7952,17070,25.375000000000000,73.625000000000000,1
172,7953,17071,23.375000000000000,73.625000000000000,1
173,7954,17072,21.375000000000000,73.625000000000000,1
174,7970,17126,29.375000000000000,73.875000000000000,1
175,7971,17127,27.375000000000000,73.875000000000000,1
176,7972,17128,25.375000000000000,73.875000000000000,1
177,7973,17129,23.375000000000000,73.875000000000000,1
178,7974,17130,21.375000000000000,73.875000000000000,1
179,7975,17131,19.375000000000000,73.875000000000000,1
180,7976,17132,17.375000000000000,73.875000000000000,1
181,7977,17133,15.375000000000000,73.875000000000000,1
182,7993,17184,29.375000000000000,74.125000000000000,1
183,7994,17185,27.375000000000000,74.125000000000000,1
184,7995,17186,25.375000000000000,74.125000000000000,1
185,7996,17187,23.375000000000000,74.125000000000000,1
186,7997,17188,21.375000000000000,74.125000000000000,1
187,7998,17189,19.375000000000000,74.125000000000000,1
188,7999,17190,17.375000000000000,74.125000000000000,1
189,8000,17191,15.375000000000000,74.125000000000000,1
190,8016,17242,29.375000000000000,74.375000000000000,1
191,8017,17243,27.375000000000000,74.375000000000000,1
192,8018,17244,25.375000000000000,74.375000000000000,1
193,8019,17245,23.375000000000000,74.375000000000000,1
194,8020,17246,21.375000000000000,74.375000000000000,1
195,8021,17247,19.375000000000000,74.375000000000000,1
196,8022,17248,17.375000000000000,74.375000000000000,1
197,8023,17249,15.375000000000000,74.375000000000000,1
198,8039,17300,29.375000000000000,74.625000000000000,1
199,8040,17301,27.375000000000000,74.625000000000000,1
200,8041,17302,25.375000000000000,74.625000000000000,1
201,8042,17303,23.375000000000000,74.625000000000000,1
202,8043,17304,21.375000000000000,74.625000000000000,1
203,8044,17305,19.375000000000000,74.625000000000000,1
204,8045,17306,17.375000000000000,74.625000000000000,1
205,8046,17307,15.375000000000000,74.625000000000000,1
206,8062,17358,29.375000000000000,74.875000000000000,1
207,8063,17359,27.375000000000000,74.875000000000000,1
208,8064,17360,25.375000000000000,74.875000000000000,1
209,8065,17361,23.375000000000000,74.875000000000000,1
210,8066,17362,21.375000000000000,74.875000000000000,1
211,8067,17363,19.375000000000000,74.875000000000000,1
212,8068,17364,17.375000000000000,74.875000000000000,1
213,8069,17365,15.375000000000000,74.875000000000000,1
214,8070,17366,13.375000000000000,74.875000000000000,1
215,8086,17416,29.375000000000000,75.125000000000000,1
216,8087,17417,27.375000000000000,75.125000000000000,1
217,8088,17418,25.375000000000000,75.125000000000000,1
218,8089,17419,23.375000000000000,75.125000000000000,1
219,8090,17420,21.375000000000000,75.125000000000000,1
220,8091,17421,19.375000000000000,75.125000000000000,1
221,8092,17422,17.375000000000000,75.125000000000000,1
222,8093,17423,15.375000000000000,75.125000000000000,1
223,8094,17424,13.375000000000000,75.125000000000000,1
224,8110,17474,29.375000000000000,75.375000000000000,1
225,8111,17475,27.375000000000000,75.375000000000000,1
226,8112,17476,25.375000000000000,75.375000000000000,1
227,8113,17477,23.375000000000000,75.375000000000000,1
228,8114,17478,21.375000000000000,75.375000000000000,1
229,8115,17479,19.375000000000000,75.375000000000000,1
230,8116,17480,17.375000000000000,75.375000000000000,1
231,8117,17481,15.375000000000000,75.375000000000000,1
232,8118,17482,13.375000000000000,75.375000000000000,1
233,8134,17532,29.375000000000000,75.625000000000000,1
234,8135,17533,27.375000000000000,75.625000000000000,1
235,8136,17534,25.375000000000000,75.625000000000000,1
236,8137,17535,23.375000000000000,75.625000000000000,1
237,8138,17536,21.375000000000000,75.625000000000000,1
238,8139,17537,19.375000000000000,75.625000000000000,1
239,8140,17538,17.375000000000000,75.625000000000000,1
240,8141,17539,15.375000000000000,75.625000000000000,1
241,8142,17540,13.375000000000000,75.625000000000000,1
242,8158,17590,29.375000000000000,75.875000000000000,1
243,8159,17591,27.375000000000000,75.875000000000000,1
244,8160,17592,25.375000000000000,75.875000000000000,1
245,8161,17593,23.375000000000000,75.875000000000000,1
246,8162,17594,21.375000000000000,75.875000000000000,1
247,8163,17595,19.375000000000000,75.875000000000000,1
248,8164,17596,17.375000000000000,75.875000000000000,1
249,8165,17597,15.375000000000000,75.875000000000000,1
250,8166,17598,13.375000000000000,75.875000000000000,1
251,8167,17599,11.375000000000000,75.875000000000000,1
252,8183,17648,29.375000000000000,76.125000000000000,1
253,8184,17649,27.375000000000000,76.125000000000000,1
254,8185,17650,25.375000000000000,76.125000000000000,1
255,8186,17651,23.375000000000000,76.125000000000000,1
256,8187,17652,21.375000000000000,76.125000000000000,1
257,8188,17653,19.375000000000000,76.125000000000000,1
258,8189,17654,17.375000000000000,76.125000000000000,1
259,8190,17655,15.375000000000000,76.125000000000000,1
260,8191,17656,13.375000000000000,76.125000000000000,1
261,8192,17657,11.375000000000000,76.125000000000000,1
262,8208,17706,29.375000000000000,76.375000000000000,1
263,8209,17707,27.375000000000000,76.375000000000000,1
264,8210,17708,25.375000000000000,76.375000000000000,1
265,8211,17709,23.375000000000000,76.375000000000000,1
266,8212,17710,21.375000000000000,76.375000000000000,1
267,8213,17711,19.375000000000000,76.375000000000000,1
268,8214,17712,17.375000000000000,76.375000000000000,1
269,8215,17713,15.375000000000000,76.375000000000000,1
270,8216,17714,13.375000000000000,76.375000000000000,1
271,8217,17715,11.375000000000000,76.375000000000000,1
272,8218,17716,9.375000000000000,76.375000000000000,1
273,8234,17764,29.375000000000000,76.625000000000000,1
274,8235,17765,27.375000000000000,76.625000000000000,1
275,8236,17766,25.375000000000000,76.625000000000000,1
276,8237,17767,23.375000000000000,76.625000000000000,1
277,8238,17768,21.375000000000000,76.625000000000000,1
278,8239,17769,19.375000000000000,76.625000000000000,1
279,8240,17770,17.375000000000000,76.625000000000000,1
280,8241,17771,15.375000000000000,76.625000000000000,1
281,8242,17772,13.375000000000000,76.625000000000000,1
282,8243,17773,11.375000000000000,76.625000000000000,1
283,8244,17774,9.375000000000000,76.625000000000000,1
284,8260,17822,29.375000000000000,76.875000000000000,1
285,8261,17823,27.375000000000000,76.875000000000000,1
286,8262,17824,25.375000000000000,76.875000000000000,1
287,8263,17825,23.375000000000000,76.875000000000000,1
288,8264,17826,21.375000000000000,76.875000000000000,1
289,8265,17827,19.375000000000000,76.875000000000000,1
290,8266,17828,17.375000000000000,76.875000000000000,1
291,8267,17829,15.375000000000000,76.875000000000000,1
292,8268,17830,13.375000000000000,76.875000000000000,1
293,8269,17831,11.375000000000000,76.875000000000000,1
294,8270,17832,9.375000000000000,76.875000000000000,1
295,8286,17880,29.375000000000000,77.125000000000000,1
296,8287,17881,27.375000000000000,77.125000000000000,1
297,8288,17882,25.375000000000000,77.125000000000000,1
298,8289,17883,23.375000000000000,77.125000000000000,1
299,8290,17884,21.375000000000000,77.125000000000000,1
300,8291,17885,19.375000000000000,77.125000000000000,1
301,8292,17886,17.375000000000000,77.125000000000000,1
302,8293,17887,15.375000000000000,77.125000000000000,1
303,8294,17888,13.375000000000000,77.125000000000000,1
304,8295,17889,11.375000000000000,77.125000000000000,1
305,8296,17890,9.375000000000000,77.125000000000000,1
306,8312,17938,29.375000000000000,77.375000000000000,1
307,8313,17939,27.375000000000000,77.375000000000000,1
308,8314,17940,25.375000000000000,77.375000000000000,1
309,8315,17941,23.375000000000000,77.375000000000000,1
310,8316,17942,21.375000000000000,77.375000000000000,1
311,8317,17943,19.375000000000000,77.375000000000000,1
312,8318,17944,17.375000000000000,77.375000000000000,1
313,8319,17945,15.375000000000000,77.375000000000000,1
314,8320,17946,13.375000000000000,77.375000000000000,1
315,8321,17947,11.375000000000000,77.375000000000000,1
316,8322,17948,9.375000000000000,77.375000000000000,1
317,8338,17996,29.375000000000000,77.625000000000000,1
318,8339,17997,27.375000000000000,77.625000000000000,1
319,8340,17998,25.375000000000000,77.625000000000000,1
320,8341,17999,23.375000000000000,77.625000000000000,1
321,8342,18000,21.375000000000000,77.625000000000000,1
322,8343,18001,19.375000000000000,77.625000000000000,1
323,8344,18002,17.375000000000000,77.625000000000000,1
324,8345,18003,15.375000000000000,77.625000000000000,1
325,8346,18004,13.375000000000000,77.625000000000000,1
326,8347,18005,11.375000000000000,77.625000000000000,1
327,8348,18006,9.375000000000000,77.625000000000000,1
328,8364,18054,29.375000000000000,77.875000000000000,1
329,8365,18055,27.375000000000000,77.875000000000000,1
330,8366,18056,25.375000000000000,77.875000000000000,1
331,8367,18057,23.375000000000000,77.875000000000000,1
332,8368,18058,21.375000000000000,77.875000000000000,1
333,8369,18059,19.375000000000000,77.875000000000000,1
334,8370,18060,17.375000000000000,77.875000000000000,1
335,8371,18061,15.375000000000000,77.875000000000000,1
336,8372,18062,13.375000000000000,77.875000000000000,1
337,8373,18063,11.375000000000000,77.875000000000000,1
338,8374,18064,9.375000000000000,77.875000000000000,1
339,8390,18112,29.375000000000000,78.125000000000000,1
340,8391,18113,27.375000000000000,78.125000000000000,1
341,8392,18114,25.375000000000000,78.125000000000000,1
342,8393,18115,23.375000000000000,78.125000000000000,1
343,8394,18116,21.375000000000000,78.125000000000000,1
344,8395,18117,19.375000000000000,78.125000000000000,1
345,8396,18118,17.375000000000000,78.125000000000000,1
346,8397,18119,15.375000000000000,78.125000000000000,1
347,8398,18120,13.375000000000000,78.125000000000000,1
348,8399,18121,11.375000000000000,78.125000000000000,1
349,8400,18122,9.375000000000000,78.125000000000000,1
350,8416,18170,29.375000000000000,78.375000000000000,1
351,8417,18171,27.375000000000000,78.375000000000000,1
352,8418,18172,25.375000000000000,78.375000000000000,1
353,8419,18173,23.375000000000000,78.375000000000000,1
354,8420,18174,21.375000000000000,78.375000000000000,1
355,8421,18175,19.375000000000000,78.375000000000000,1
356,8422,18176,17.375000000000000,78.375000000000000,1
357,8423,18177,15.375000000000000,78.375000000000000,1
358,8424,18178,13.375000000000000,78.375000000000000,1
359,8425,18179,11.375000000000000,78.375000000000000,1
360,8426,18180,9.375000000000000,78.375000000000000,1
361,8442,18228,29.375000000000000,78.625000000000000,1
362,8443,18229,27.375000000000000,78.625000000000000,1
363,8444,18230,25.375000000000000,78.625000000000000,1
364,8445,18231,23.375000000000000,78.625000000000000,1
365,8446,18232,21.375000000000000,78.625000000000000,1
366,8447,18233,19.375000000000000,78.625000000000000,1
367,8448,18234,17.375000000000000,78.625000000000000,1
368,8449,18235,15.375000000000000,78.625000000000000,1
369,8450,18236,13.375000000000000,78.625000000000000,1
370,8451,18237,11.375000000000000,78.625000000000000,1
371,8452,18238,9.375000000000000,78.625000000000000,1
372,8468,18286,29.375000000000000,78.875000000000000,1
373,8469,18287,27.375000000000000,78.875000000000000,1
374,8470,18288,25.375000000000000,78.875000000000000,1
375,8471,18289,23.375000000000000,78.875000000000000,1
376,8472,18290,21.375000000000000,78.875000000000000,1
377,8473,18291,19.375000000000000,78.875000000000000,1
378,8474,18292,17.375000000000000,78.875000000000000,1
379,8475,18293,15.375000000000000,78.875000000000000,1
380,8476,18294,13.375000000000000,78.875000000000000,1
381,8477,18295,11.375000000000000,78.875000000000000,1
382,8493,18344,29.375000000000000,79.125000000000000,1
383,8494,18345,27.375000000000000,79.125000000000000,1
384,8495,18346,25.375000000000000,79.125000000000000,1
385,8496,18347,23.375000000000000,79.125000000000000,1
386,8497,18348,21.375000000000000,79.125000000000000,1
387,8498,18349,19.375000000000000,79.125000000000000,1
388,8499,18350,17.375000000000000,79.125000000000000,1
389,8500,18351,15.375000000000000,79.125000000000000,1
390,8501,18352,13.375000000000000,79.125000000000000,1
391,8502,18353,11.375000000000000,79.125000000000000,1
392,8518,18402,29.375000000000000,79.375000000000000,1
393,8519,18403,27.375000000000000,79.375000000000000,1
394,8520,18404,25.375000000000000,79.375000000000000,1
395,8521,18405,23.375000000000000,79.375000000000000,1
396,8522,18406,21.375000000000000,79.375000000000000,1
397,8523,18407,19.375000000000000,79.375000000000000,1
398,8524,18408,17.375000000000000,79.375000000000000,1
399,8525,18409,15.375000000000000,79.375000000000000,1
400,8526,18410,13.375000000000000,79.375000000000000,1
401,8527,18411,11.375000000000000,79.375000000000000,1
402,8543,18460,29.375000000000000,79.625000000000000,1
403,8544,18461,27.375000000000000,79.625000000000000,1
404,8545,18462,25.375000000000000,79.625000000000000,1
405,8546,18463,23.375000000000000,79.625000000000000,1
406,8547,18464,21.375000000000000,79.625000000000000,1
407,8548,18465,19.375000000000000,79.625000000000000,1
408,8549,18466,17.375000000000000,79.625000000000000,1
409,8550,18467,15.375000000000000,79.625000000000000,1
410,8551,18468,13.375000000000000,79.625000000000000,1
411,8552,18469,11.375000000000000,79.625000000000000,1
412,8568,18518,29.375000000000000,79.875000000000000,1
413,8569,18519,27.375000000000000,79.875000000000000,1
414,8570,18520,25.375000000000000,79.875000000000000,1
415,8571,18521,23.375000000000000,79.875000000000000,1
416,8572,18522,21.375000000000000,79.875000000000000,1
417,8573,18523,19.375000000000000,79.875000000000000,1
418,8574,18524,17.375000000000000,79.875000000000000,1
419,8575,18525,15.375000000000000,79.875000000000000,1
420,8576,18526,13.375000000000000,79.875000000000000,1
421,8592,18576,29.375000000000000,80.125000000000000,1
422,8593,18577,27.375000000000000,80.125000000000000,1
423,8594,18578,25.375000000000000,80.125000000000000,1
424,8595,18579,23.375000000000000,80.125000000000000,1
425,8596,18580,21.375000000000000,80.125000000000000,1
426,8597,18581,19.375000000000000,80.125000000000000,1
427,8598,18582,17.375000000000000,80.125000000000000,1
428,8599,18584,13.375000000000000,80.125000000000000,1
429,8615,18634,29.375000000000000,80.375000000000000,1
430,8616,18635,27.375000000000000,80.375000000000000,1
431,8617,18636,25.375000000000000,80.375000000000000,1
432,8618,18637,23.375000000000000,80.375000000000000,1
433,8619,18638,21.375000000000000,80.375000000000000,1
434,8620,18639,19.375000000000000,80.375000000000000,1
435,8621,18640,17.375000000000000,80.375000000000000,1
436,8637,18692,29.375000000000000,80.625000000000000,1
437,8638,18693,27.375000000000000,80.625000000000000,1
438,8639,18694,25.375000000000000,80.625000000000000,1
439,8640,18695,23.375000000000000,80.625000000000000,1
440,8641,18696,21.375000000000000,80.625000000000000,1
441,8642,18697,19.375000000000000,80.625000000000000,1
442,8643,18698,17.375000000000000,80.625000000000000,1
443,8659,18750,29.375000000000000,80.875000000000000,1
444,8660,18751,27.375000000000000,80.875000000000000,1
445,8661,18752,25.375000000000000,80.875000000000000,1
446,8662,18753,23.375000000000000,80.875000000000000,1
447,8663,18754,21.375000000000000,80.875000000000000,1
448,8664,18755,19.375000000000000,80.875000000000000,1
449,8665,18756,17.375000000000000,80.875000000000000,1
450,8681,18808,29.375000000000000,81.125000000000000,1
451,8682,18809,27.375000000000000,81.125000000000000,1
452,8683,18810,25.375000000000000,81.125000000000000,1
453,8684,18811,23.375000000000000,81.125000000000000,1
454,8685,18812,21.375000000000000,81.125000000000000,1
455,8686,18813,19.375000000000000,81.125000000000000,1
456,8687,18814,17.375000000000000,81.125000000000000,1
457,8703,18866,29.375000000000000,81.375000000000000,1
458,8704,18867,27.375000000000000,81.375000000000000,1
459,8705,18868,25.375000000000000,81.375000000000000,1
460,8706,18869,23.375000000000000,81.375000000000000,1
461,8707,18870,21.375000000000000,81.375000000000000,1
462,8708,18871,19.375000000000000,81.375000000000000,1
463,8709,18872,17.375000000000000,81.375000000000000,1
464,8725,18924,29.375000000000000,81.625000000000000,1
465,8726,18925,27.375000000000000,81.625000000000000,1
466,8727,18926,25.375000000000000,81.625000000000000,1
467,8728,18927,23.375000000000000,81.625000000000000,1
468,8729,18928,21.375000000000000,81.625000000000000,1
469,8730,18929,19.375000000000000,81.625000000000000,1
470,8731,18930,17.375000000000000,81.625000000000000,1
471,8747,18982,29.375000000000000,81.875000000000000,1
472,8748,18983,27.375000000000000,81.875000000000000,1
473,8749,18984,25.375000000000000,81.875000000000000,1
474,8750,18985,23.375000000000000,81.875000000000000,1
475,8751,18986,21.375000000000000,81.875000000000000,1
476,8752,18987,19.375000000000000,81.875000000000000,1
477,8753,18988,17.375000000000000,81.875000000000000,1
478,8769,19040,29.375000000000000,82.125000000000000,1
479,8770,19041,27.375000000000000,82.125000000000000,1
480,8771,19042,25.375000000000000,82.125000000000000,1
481,8772,19043,23.375000000000000,82.125000000000000,1
482,8773,19044,21.375000000000000,82.125000000000000,1
483,8774,19045,19.375000000000000,82.125000000000000,1
484,8775,19046,17.375000000000000,82.125000000000000,1
485,8791,19098,29.375000000000000,82.375000000000000,1
486,8792,19099,27.375000000000000,82.375000000000000,1
487,8793,19100,25.375000000000000,82.375000000000000,1
488,8794,19101,23.375000000000000,82.375000000000000,1
489,8795,19102,21.375000000000000,82.375000000000000,1
490,8796,19103,19.375000000000000,82.375000000000000,1
491,8797,19104,17.375000000000000,82.375000000000000,1
492,8813,19156,29.375000000000000,82.625000000000000,1
493,8814,19157,27.375000000000000,82.625000000000000,1
494,8815,19158,25.375000000000000,82.625000000000000,1
495,8816,19159,23.375000000000000,82.625000000000000,1
496,8817,19160,21.375000000000000,82.625000000000000,1
497,8818,19161,19.375000000000000,82.625000000000000,1
498,8819,19162,17.375000000000000,82.625000000000000,1
499,8835,19214,29.375000000000000,82.875000000000000,1
500,8836,19215,27.375000000000000,82.875000000000000,1
501,8837,19216,25.375000000000000,82.875000000000000,1
502,8838,19217,23.375000000000000,82.875000000000000,1
503,8839,19218,21.375000000000000,82.875000000000000,1
504,8840,19219,19.375000000000000,82.875000000000000,1
505,8856,19272,29.375000000000000,83.125000000000000,1
506,8857,19273,27.375000000000000,83.125000000000000,1
507,8858,19274,25.375000000000000,83.125000000000000,1
508,8859,19275,23.375000000000000,83.125000000000000,1
509,8860,19276,21.375000000000000,83.125000000000000,1
510,8861,19277,19.375000000000000,83.125000000000000,1
511,8877,19330,29.375000000000000,83.375000000000000,1
512,8878,19331,27.375000000000000,83.375000000000000,1
513,8879,19332,25.375000000000000,83.375000000000000,1
514,8880,19333,23.375000000000000,83.375000000000000,1
515,8881,19334,21.375000000000000,83.375000000000000,1
516,8882,19335,19.375000000000000,83.375000000000000,1
517,8898,19388,29.375000000000000,83.625000000000000,1
518,8899,19389,27.375000000000000,83.625000000000000,1
519,8900,19390,25.375000000000000,83.625000000000000,1
520,8901,19391,23.375000000000000,83.625000000000000,1
521,8902,19392,21.375000000000000,83.625000000000000,1
522,8903,19393,19.375000000000000,83.625000000000000,1
523,8919,19446,29.375000000000000,83.875000000000000,1
524,8920,19447,27.375000000000000,83.875000000000000,1
525,8921,19448,25.375000000000000,83.875000000000000,1
526,8922,19449,23.375000000000000,83.875000000000000,1
527,8923,19450,21.375000000000000,83.875000000000000,1
528,8924,19451,19.375000000000000,83.875000000000000,1
529,8940,19504,29.375000000000000,84.125000000000000,1
530,8941,19505,27.375000000000000,84.125000000000000,1
531,8942,19506,25.375000000000000,84.125000000000000,1
532,8943,19507,23.375000000000000,84.125000000000000,1
533,8944,19508,21.375000000000000,84.125000000000000,1
534,8945,19509,19.375000000000000,84.125000000000000,1
535,8961,19562,29.375000000000000,84.375000000000000,1
536,8962,19563,27.375000000000000,84.375000000000000,1
537,8963,19564,25.375000000000000,84.375000000000000,1
538,8964,19565,23.375000000000000,84.375000000000000,1
539,8965,19566,21.375000000000000,84.375000000000000,1
540,8966,19567,19.375000000000000,84.375000000000000,1
541,8982,19620,29.375000000000000,84.625000000000000,1
542,8983,19621,27.375000000000000,84.625000000000000,1
543,8984,19622,25.375000000000000,84.625000000000000,1
544,8985,19623,23.375000000000000,84.625000000000000,1
545,8986,19624,21.375000000000000,84.625000000000000,1
546,8987,19625,19.375000000000000,84.625000000000000,1
547,9003,19678,29.375000000000000,84.875000000000000,1
548,9004,19679,27.375000000000000,84.875000000000000,1
549,9005,19680,25.375000000000000,84.875000000000000,1
550,9006,19681,23.375000000000000,84.875000000000000,1
551,9007,19682,21.375000000000000,84.875000000000000,1
552,9008,19683,19.375000000000000,84.875000000000000,1
553,9024,19736,29.375000000000000,85.125000000000000,1
554,9025,19737,27.375000000000000,85.125000000000000,1
555,9026,19738,25.375000000000000,85.125000000000000,1
556,9027,19739,23.375000000000000,85.125000000000000,1
557,9028,19740,21.375000000000000,85.125000000000000,1
558,9044,19794,29.375000000000000,85.375000000000000,1
559,9045,19795,27.375000000000000,85.375000000000000,1
560,9046,19796,25.375000000000000,85.375000000000000,1
561,9047,19797,23.375000000000000,85.375000000000000,1
562,9048,19798,21.375000000000000,85.375000000000000,1
563,9064,19852,29.375000000000000,85.625000000000000,1
564,9065,19853,27.375000000000000,85.625000000000000,1
565,9066,19854,25.375000000000000,85.625000000000000,1
566,9067,19855,23.375000000000000,85.625000000000000,1
567,9068,19856,21.375000000000000,85.625000000000000,1
568,9084,19910,29.375000000000000,85.875000000000000,1
569,9085,19911,27.375000000000000,85.875000000000000,1
570,9086,19912,25.375000000000000,85.875000000000000,1
571,9087,19913,23.375000000000000,85.875000000000000,1
572,9088,19914,21.375000000000000,85.875000000000000,1
573,9104,19968,29.375000000000000,86.125000000000000,1
574,9105,19969,27.375000000000000,86.125000000000000,1
575,9106,19970,25.375000000000000,86.125000000000000,1
576,9107,19971,23.375000000000000,86.125000000000000,1
577,9108,19972,21.375000000000000,86.125000000000000,1
578,9124,20026,29.375000000000000,86.375000000000000,1
579,9125,20027,27.375000000000000,86.375000000000000,1
580,9126,20028,25.375000000000000,86.375000000000000,1
581,9127,20029,23.375000000000000,86.375000000000000,1
582,9128,20030,21.375000000000000,86.375000000000000,1
583,9144,20084,29.375000000000000,86.625000000000000,1
584,9145,20085,27.375000000000000,86.625000000000000,1
585,9146,20086,25.375000000000000,86.625000000000000,1
586,9147,20087,23.375000000000000,86.625000000000000,1
587,9148,20088,21.375000000000000,86.625000000000000,1
588,9164,20142,29.375000000000000,86.875000000000000,1
589,9165,20143,27.375000000000000,86.875000000000000,1
590,9166,20144,25.375000000000000,86.875000000000000,1
591,9167,20145,23.375000000000000,86.875000000000000,1
592,9168,20146,21.375000000000000,86.875000000000000,1
593,9184,20200,29.375000000000000,87.125000000000000,1
594,9185,20201,27.375000000000000,87.125000000000000,1
595,9186,20202,25.375000000000000,87.125000000000000,1
596,9187,20203,23.375000000000000,87.125000000000000,1
597,9203,20258,29.375000000000000,87.375000000000000,1
598,9204,20259,27.375000000000000,87.375000000000000,1
599,9205,20260,25.375000000000000,87.375000000000000,1
600,9206,20261,23.375000000000000,87.375000000000000,1
601,9222,20316,29.375000000000000,87.625000000000000,1
602,9223,20317,27.375000000000000,87.625000000000000,1
603,9224,20318,25.375000000000000,87.625000000000000,1
604,9225,20319,23.375000000000000,87.625000000000000,1
605,9241,20374,29.375000000000000,87.875000000000000,1
606,9242,20375,27.375000000000000,87.875000000000000,1
607,9243,20376,25.375000000000000,87.875000000000000,1
608,9244,20377,23.375000000000000,87.875000000000000,1
609,9260,20432,29.375000000000000,88.125000000000000,1
610,9261,20433,27.375000000000000,88.125000000000000,1
611,9262,20434,25.375000000000000,88.125000000000000,1
612,9263,20435,23.375000000000000,88.125000000000000,1
613,9279,20490,29.375000000000000,88.375000000000000,1
614,9280,20491,27.375000000000000,88.375000000000000,1
615,9281,20492,25.375000000000000,88.375000000000000,1
616,9282,20493,23.375000000000000,88.375000000000000,1
617,9298,20548,29.375000000000000,88.625000000000000,1
618,9299,20549,27.375000000000000,88.625000000000000,1
619,9300,20550,25.375000000000000,88.625000000000000,1
620,9301,20551,23.375000000000000,88.625000000000000,1
621,9317,20606,29.375000000000000,88.875000000000000,1
622,9318,20607,27.375000000000000,88.875000000000000,1
623,9319,20608,25.375000000000000,88.875000000000000,1
624,9320,20609,23.375000000000000,88.875000000000000,1
625,9336,20664,29.375000000000000,89.125000000000000,1
626,9337,20665,27.375000000000000,89.125000000000000,1
627,9338,20666,25.375000000000000,89.125000000000000,1
628,9339,20667,23.375000000000000,89.125000000000000,1
629,9355,20722,29.375000000000000,89.375000000000000,1
630,9356,20723,27.375000000000000,89.375000000000000,1
631,9357,20724,25.375000000000000,89.375000000000000,1
632,9358,20725,23.375000000000000,89.375000000000000,1
633,9374,20780,29.375000000000000,89.625000000000000,1
634,9375,20781,27.375000000000000,89.625000000000000,1
635,9376,20782,25.375000000000000,89.625000000000000,1
636,9377,20783,23.375000000000000,89.625000000000000,1
637,9393,20838,29.375000000000000,89.875000000000000,1
638,9394,20839,27.375000000000000,89.875000000000000,1
639,9395,20840,25.375000000000000,89.875000000000000,1
640,9396,20841,23.375000000000000,89.875000000000000,1
641,9412,20896,29.375000000000000,90.125000000000000,1
642,9413,20897,27.375000000000000,90.125000000000000,1
643,9414,20898,25.375000000000000,90.125000000000000,1
644,9415,20899,23.375000000000000,90.125000000000000,1
645,9431,20954,29.375000000000000,90.375000000000000,1
646,9432,20955,27.375000000000000,90.375000000000000,1
647,9433,20956,25.375000000000000,90.375000000000000,1
648,9449,21012,29.375000000000000,90.625000000000000,1
649,9450,21013,27.375000000000000,90.625000000000000,1
650,9451,21014,25.375000000000000,90.625000000000000,1
651,9452,21015,23.375000000000000,90.625000000000000,1
652,9468,21070,29.375000000000000,90.875000000000000,1
653,9469,21071,27.375000000000000,90.875000000000000,1
654,9470,21072,25.375000000000000,90.875000000000000,1
655,9471,21073,23.375000000000000,90.875000000000000,1
656,9487,21128,29.375000000000000,91.125000000000000,1
657,9488,21129,27.375000000000000,91.125000000000000,1
658,9489,21130,25.375000000000000,91.125000000000000,1
659,9490,21131,23.375000000000000,91.125000000000000,1
660,9506,21186,29.375000000000000,91.375000000000000,1
661,9507,21187,27.375000000000000,91.375000000000000,1
662,9508,21188,25.375000000000000,91.375000000000000,1
663,9509,21189,23.375000000000000,91.375000000000000,1
664,9525,21244,29.375000000000000,91.625000000000000,1
665,9526,21245,27.375000000000000,91.625000000000000,1
666,9527,21246,25.375000000000000,91.625000000000000,1
667,9528,21247,23.375000000000000,91.625000000000000,1
668,9544,21302,29.375000000000000,91.875000000000000,1
669,9545,21303,27.375000000000000,91.875000000000000,1
670,9546,21304,25.375000000000000,91.875000000000000,1
671,9547,21305,23.375000000000000,91.875000000000000,1
672,9563,21360,29.375000000000000,92.125000000000000,1
673,9564,21361,27.375000000000000,92.125000000000000,1
674,9565,21362,25.375000000000000,92.125000000000000,1
675,9566,21363,23.375000000000000,92.125000000000000,1
676,9567,21364,21.375000000000000,92.125000000000000,1
677,9583,21418,29.375000000000000,92.375000000000000,1
678,9584,21419,27.375000000000000,92.375000000000000,1
679,9585,21420,25.375000000000000,92.375000000000000,1
680,9586,21421,23.375000000000000,92.375000000000000,1
681,9587,21422,21.375000000000000,92.375000000000000,1
682,9603,21476,29.375000000000000,92.625000000000000,1
683,9604,21477,27.375000000000000,92.625000000000000,1
684,9605,21478,25.375000000000000,92.625000000000000,1
685,9606,21479,23.375000000000000,92.625000000000000,1
686,9607,21480,21.375000000000000,92.625000000000000,1
687,9623,21534,29.375000000000000,92.875000000000000,1
688,9624,21535,27.375000000000000,92.875000000000000,1
689,9625,21536,25.375000000000000,92.875000000000000,1
690,9626,21537,23.375000000000000,92.875000000000000,1
691,9627,21538,21.375000000000000,92.875000000000000,1
692,9643,21592,29.375000000000000,93.125000000000000,1
693,9644,21593,27.375000000000000,93.125000000000000,1
694,9645,21594,25.375000000000000,93.125000000000000,1
695,9646,21595,23.375000000000000,93.125000000000000,1
696,9647,21596,21.375000000000000,93.125000000000000,1
697,9663,21650,29.375000000000000,93.375000000000000,1
698,9664,21651,27.375000000000000,93.375000000000000,1
699,9665,21652,25.375000000000000,93.375000000000000,1
700,9666,21653,23.375000000000000,93.375000000000000,1
701,9667,21654,21.375000000000000,93.375000000000000,1
702,9683,21708,29.375000000000000,93.625000000000000,1
703,9684,21709,27.375000000000000,93.625000000000000,1
704,9685,21710,25.375000000000000,93.625000000000000,1
705,9686,21711,23.375000000000000,93.625000000000000,1
706,9687,21712,21.375000000000000,93.625000000000000,1
707,9703,21766,29.375000000000000,93.875000000000000,1
708,9704,21767,27.375000000000000,93.875000000000000,1
709,9705,21768,25.375000000000000,93.875000000000000,1
710,9706,21769,23.375000000000000,93.875000000000000,1
711,9707,21770,21.375000000000000,93.875000000000000,1
712,9708,21771,19.375000000000000,93.875000000000000,1
713,9724,21824,29.375000000000000,94.125000000000000,1
714,9725,21825,27.375000000000000,94.125000000000000,1
715,9726,21826,25.375000000000000,94.125000000000000,1
716,9727,21827,23.375000000000000,94.125000000000000,1
717,9728,21828,21.375000000000000,94.125000000000000,1
718,9729,21829,19.375000000000000,94.125000000000000,1
719,9745,21882,29.375000000000000,94.375000000000000,1
720,9746,21883,27.375000000000000,94.375000000000000,1
721,9747,21884,25.375000000000000,94.375000000000000,1
722,9748,21885,23.375000000000000,94.375000000000000,1
723,9749,21886,21.375000000000000,94.375000000000000,1
724,9750,21887,19.375000000000000,94.375000000000000,1
725,9766,21940,29.375000000000000,94.625000000000000,1
726,9767,21941,27.375000000000000,94.625000000000000,1
727,9768,21942,25.375000000000000,94.625000000000000,1
728,9769,21943,23.375000000000000,94.625000000000000,1
729,9770,21944,21.375000000000000,94.625000000000000,1
730,9771,21945,19.375000000000000,94.625000000000000,1
731,9772,21946,17.375000000000000,94.625000000000000,1
732,9788,21998,29.375000000000000,94.875000000000000,1
733,9789,21999,27.375000000000000,94.875000000000000,1
734,9790,22000,25.375000000000000,94.875000000000000,1
735,9791,22001,23.375000000000000,94.875000000000000,1
736,9792,22002,21.375000000000000,94.875000000000000,1
737,9793,22003,19.375000000000000,94.875000000000000,1
738,9794,22004,17.375000000000000,94.875000000000000,1
739,9810,22056,29.375000000000000,95.125000000000000,1
740,9811,22057,27.375000000000000,95.125000000000000,1
741,9812,22058,25.375000000000000,95.125000000000000,1
742,9813,22059,23.375000000000000,95.125000000000000,1
743,9814,22060,21.375000000000000,95.125000000000000,1
744,9832,22114,29.375000000000000,95.375000000000000,1
745,9833,22115,27.375000000000000,95.375000000000000,1
746,9834,22116,25.375000000000000,95.375000000000000,1
747,9835,22117,23.375000000000000,95.375000000000000,1
748,9836,22118,21.375000000000000,95.375000000000000,1
749,9854,22172,29.375000000000000,95.625000000000000,1
750,9855,22173,27.375000000000000,95.625000000000000,1
751,9856,22174,25.375000000000000,95.625000000000000,1
752,9857,22175,23.375000000000000,95.625000000000000,1
753,9858,22176,21.375000000000000,95.625000000000000,1
754,9876,22230,29.375000000000000,95.875000000000000,1
755,9877,22231,27.375000000000000,95.875000000000000,1
756,9878,22232,25.375000000000000,95.875000000000000,1
757,9879,22233,23.375000000000000,95.875000000000000,1
758,9880,22234,21.375000000000000,95.875000000000000,1
759,9898,22288,29.375000000000000,96.125000000000000,1
760,9899,22289,27.375000000000000,96.125000000000000,1
761,9900,22290,25.375000000000000,96.125000000000000,1
762,9901,22291,23.375000000000000,96.125000000000000,1
763,9902,22292,21.375000000000000,96.125000000000000,1
764,9920,22346,29.375000000000000,96.375000000000000,1
765,9921,22347,27.375000000000000,96.375000000000000,1
766,9922,22348,25.375000000000000,96.375000000000000,1
767,9923,22349,23.375000000000000,96.375000000000000,1
768,9924,22350,21.375000000000000,96.375000000000000,1
769,9942,22404,29.375000000000000,96.625000000000000,1
770,9943,22405,27.375000000000000,96.625000000000000,1
771,9944,22406,25.375000000000000,96.625000000000000,1
772,9945,22407,23.375000000000000,96.625000000000000,1
773,9946,22408,21.375000000000000,96.625000000000000,1
774,9964,22462,29.375000000000000,96.875000000000000,1
775,9965,22463,27.375000000000000,96.875000000000000,1
776,9966,22464,25.375000000000000,96.875000000000000,1
777,9967,22465,23.375000000000000,96.875000000000000,1
778,9968,22466,21.375000000000000,96.875000000000000,1
779,9985,22520,29.375000000000000,97.125000000000000,1
780,9986,22521,27.375000000000000,97.125000000000000,1
781,9987,22522,25.375000000000000,97.125000000000000,1
782,9988,22523,23.375000000000000,97.125000000000000,1
783,9989,22524,21.375000000000000,97.125000000000000,1
784,10007,22578,29.375000000000000,97.375000000000000,1
785,10008,22579,27.375000000000000,97.375000000000000,1
786,10009,22580,25.375000000000000,97.375000000000000,1
787,10010,22581,23.375000000000000,97.375000000000000,1
788,10011,22582,21.375000000000000,97.375000000000000,1
789,10029,22636,29.375000000000000,97.625000000000000,1
790,10030,22637,27.375000000000000,97.625000000000000,1
791,10031,22638,25.375000000000000,97.625000000000000,1
792,10032,22639,23.375000000000000,97.625000000000000,1
793,10033,22640,21.375000000000000,97.625000000000000,1
794,10051,22694,29.375000000000000,97.875000000000000,1
795,10052,22695,27.375000000000000,97.875000000000000,1
796,10053,22696,25.375000000000000,97.875000000000000,1
797,10054,22697,23.375000000000000,97.875000000000000,1
798,10055,22698,21.375000000000000,97.875000000000000,1
799,10073,22752,29.375000000000000,98.125000000000000,1
800,10074,22753,27.375000000000000,98.125000000000000,1
801,10075,22754,25.375000000000000,98.125000000000000,1
802,10076,22755,23.375000000000000,98.125000000000000,1
803,10077,22756,21.375000000000000,98.125000000000000,1
804,10095,22810,29.375000000000000,98.375000000000000,1
805,10096,22811,27.375000000000000,98.375000000000000,1
806,10097,22812,25.375000000000000,98.375000000000000,1
807,10098,22813,23.375000000000000,98.375000000000000,1
808,10099,22814,21.375000000000000,98.375000000000000,1
809,10117,22868,29.375000000000000,98.625000000000000,1
810,10118,22869,27.375000000000000,98.625000000000000,1
811,10119,22870,25.375000000000000,98.625000000000000,1
812,10120,22871,23.375000000000000,98.625000000000000,1
813,10121,22872,21.375000000000000,98.625000000000000,1
814,10139,22926,29.375000000000000,98.875000000000000,1
815,10140,22927,27.375000000000000,98.875000000000000,1
816,10141,22928,25.375000000000000,98.875000000000000,1
817,10142,22929,23.375000000000000,98.875000000000000,1
818,10143,22930,21.375000000000000,98.875000000000000,1
819,10162,22984,29.375000000000000,99.125000000000000,1
820,10163,22985,27.375000000000000,99.125000000000000,1
821,10164,22986,25.375000000000000,99.125000000000000,1
822,10165,22987,23.375000000000000,99.125000000000000,1
823,10166,22988,21.375000000000000,99.125000000000000,1
824,10185,23042,29.375000000000000,99.375000000000000,1
825,10186,23043,27.375000000000000,99.375000000000000,1
826,10187,23044,25.375000000000000,99.375000000000000,1
827,10188,23045,23.375000000000000,99.375000000000000,1
828,10189,23046,21.375000000000000,99.375000000000000,1
829,10209,23100,29.375000000000000,99.625000000000000,1
830,10210,23101,27.375000000000000,99.625000000000000,1
831,10211,23102,25.375000000000000,99.625000000000000,1
832,10212,23103,23.375000000000000,99.625000000000000,1
833,10213,23104,21.375000000000000,99.625000000000000,1
834,10233,23158,29.375000000000000,99.875000000000000,1
835,10234,23159,27.375000000000000,99.875000000000000,1
836,10235,23160,25.375000000000000,99.875000000000000,1
837,10236,23161,23.375000000000000,99.875000000000000,1
838,10237,23162,21.375000000000000,99.875000000000000,1