FID,OBJECTID,field,Var1,Var2,value
0,11728,26726,-30.625000000000000,115.125000000000000,1
1,11755,26784,-30.625000000000000,115.375000000000000,1
2,11782,26842,-30.625000000000000,115.625000000000000,1
3,11809,26900,-30.625000000000000,115.875000000000000,1
4,11836,26958,-30.625000000000000,116.125000000000000,1
5,11863,27016,-30.625000000000000,116.375000000000000,1
6,11864,27017,-32.625000000000000,116.375000000000000,1
7,11891,27074,-30.625000000000000,116.625000000000000,1
8,11892,27075,-32.625000000000000,116.625000000000000,1
9,11919,27132,-30.625000000000000,116.875000000000000,1
10,11920,27133,-32.625000000000000,116.875000000000000,1
11,11947,27190,-30.625000000000000,117.125000000000000,1
12,11948,27191,-32.625000000000000,117.125000000000000,1
13,11975,27248,-30.625000000000000,117.375000000000000,1
14,11976,27249,-32.625000000000000,117.375000000000000,1
15,12002,27306,-30.625000000000000,117.625000000000000,1
16,12003,27307,-32.625000000000000,117.625000000000000,1
17,12028,27364,-30.625000000000000,117.875000000000000,1
18,12029,27365,-32.625000000000000,117.875000000000000,1
19,12054,27422,-30.625000000000000,118.125000000000000,1
20,12055,27423,-32.625000000000000,118.125000000000000,1
21,12080,27480,-30.625000000000000,118.375000000000000,1
22,12081,27481,-32.625000000000000,118.375000000000000,1
23,12105,27538,-30.625000000000000,118.625000000000000,1
24,12106,27539,-32.625000000000000,118.625000000000000,1
25,12128,27596,-30.625000000000000,118.875000000000000,1
26,12129,27597,-32.625000000000000,118.875000000000000,1
27,12151,27654,-30.625000000000000,119.125000000000000,1
28,12152,27655,-32.625000000000000,119.125000000000000,1
29,12173,27712,-30.625000000000000,119.375000000000000,1
30,12174,27713,-32.625000000000000,119.375000000000000,1
31,12196,27770,-30.625000000000000,119.625000000000000,1
32,12197,27771,-32.625000000000000,119.625000000000000,1
33,12219,27828,-30.625000000000000,119.875000000000000,1
34,12220,27829,-32.625000000000000,119.875000000000000,1
35,12243,27886,-30.625000000000000,120.125000000000000,1
36,12244,27887,-32.625000000000000,120.125000000000000,1
37,12267,27944,-30.625000000000000,120.375000000000000,1
38,12268,27945,-32.625000000000000,120.375000000000000,1
39,12290,28002,-30.625000000000000,120.625000000000000,1
40,12291,28003,-32.625000000000000,120.625000000000000,1
41,12311,28060,-30.625000000000000,120.875000000000000,1
42,12312,28061,-32.625000000000000,120.875000000000000,1
43,12332,28118,-30.625000000000000,121.125000000000000,1
44,12333,28119,-32.625000000000000,121.125000000000000,1
45,12350,28176,-30.625000000000000,121.375000000000000,1
46,12351,28177,-32.625000000000000,121.375000000000000,1
47,12369,28234,-30.625000000000000,121.625000000000000,1
48,12370,28235,-32.625000000000000,121.625000000000000,1
49,12389,28292,-30.625000000000000,121.875000000000000,1
50,12390,28293,-32.625000000000000,121.875000000000000,1
51,12408,28350,-30.625000000000000,122.125000000000000,1
52,12409,28351,-32.625000000000000,122.125000000000000,1
53,12426,28408,-30.625000000000000,122.375000000000000,1
54,12427,28409,-32.625000000000000,122.375000000000000,1
55,12444,28466,-30.625000000000000,122.625000000000000,1
56,12445,28467,-32.625000000000000,122.625000000000000,1
57,12465,28524,-30.625000000000000,122.875000000000000,1
58,12466,28525,-32.625000000000000,122.875000000000000,1
59,12485,28582,-30.625000000000000,123.125000000000000,1
60,12486,28583,-32.625000000000000,123.125000000000000,1
61,12503,28640,-30.625000000000000,123.375000000000000,1
62,12504,28641,-32.625000000000000,123.375000000000000,1
63,12522,28698,-30.625000000000000,123.625000000000000,1
64,12523,28699,-32.625000000000000,123.625000000000000,1
65,12541,28756,-30.625000000000000,123.875000000000000,1
66,12542,28757,-32.625000000000000,123.875000000000000,1
67,12560,28814,-30.625000000000000,124.125000000000000,1
68,12561,28815,-32.625000000000000,124.125000000000000,1
69,12580,28872,-30.625000000000000,124.375000000000000,1
70,12581,28873,-32.625000000000000,124.375000000000000,1
71,12600,28930,-30.625000000000000,124.625000000000000,1
72,12601,28931,-32.625000000000000,124.625000000000000,1
73,12620,28988,-30.625000000000000,124.875000000000000,1
74,12621,28989,-32.625000000000000,124.875000000000000,1
75,12641,29046,-30.625000000000000,125.125000000000000,1
76,12642,29047,-32.625000000000000,125.125000000000000,1
77,12662,29104,-30.625000000000000,125.375000000000000,1
78,12683,29162,-30.625000000000000,125.625000000000000,1
79,12703,29220,-30.625000000000000,125.875000000000000,1
80,12724,29278,-30.625000000000000,126.125000000000000,1
81,12744,29336,-30.625000000000000,126.375000000000000,1
82,12765,29394,-30.625000000000000,126.625000000000000,1
83,12787,29452,-30.625000000000000,126.875000000000000,1
84,12809,29510,-30.625000000000000,127.125000000000000,1
85,12831,29568,-30.625000000000000,127.375000000000000,1
86,12852,29626,-30.625000000000000,127.625000000000000,1
87,12873,29684,-30.625000000000000,127.875000000000000,1
88,12893,29742,-30.625000000000000,128.125000000000000,1
89,12913,29800,-30.625000000000000,128.375000000000000,1
90,12933,29858,-30.625000000000000,128.625000000000000,1
91,12951,29916,-30.625000000000000,128.875000000000000,1
92,12969,29974,-30.625000000000000,129.125000000000000,1
93,12987,30032,-30.625000000000000,129.375000000000000,1
94,13006,30090,-30.625000000000000,129.625000000000000,1
95,13024,30148,-30.625000000000000,129.875000000000000,1
96,13043,30206,-30.625000000000000,130.125000000000000,1
97,13063,30264,-30.625000000000000,130.375000000000000,1
98,13082,30322,-30.625000000000000,130.625000000000000,1
99,13102,30380,-30.625000000000000,130.875000000000000,1
100,13121,30438,-30.625000000000000,131.125000000000000,1
101,13139,30496,-30.625000000000000,131.375000000000000,1
102,13157,30554,-30.625000000000000,131.625000000000000,1
103,13175,30612,-30.625000000000000,131.875000000000000,1
104,13193,30670,-30.625000000000000,132.125000000000000,1
105,13211,30728,-30.625000000000000,132.375000000000000,1
106,13229,30786,-30.625000000000000,132.625000000000000,1
107,13248,30844,-30.625000000000000,132.875000000000000,1
108,13267,30902,-30.625000000000000,133.125000000000000,1
109,13286,30960,-30.625000000000000,133.375000000000000,1
110,13305,31018,-30.625000000000000,133.625000000000000,1
111,13324,31076,-30.625000000000000,133.875000000000000,1
112,13343,31134,-30.625000000000000,134.125000000000000,1
113,13362,31192,-30.625000000000000,134.375000000000000,1
114,13363,31193,-32.625000000000000,134.375000000000000,1
115,13382,31250,-30.625000000000000,134.625000000000000,1
116,13383,31251,-32.625000000000000,134.625000000000000,1
117,13402,31308,-30.625000000000000,134.875000000000000,1
118,13403,31309,-32.625000000000000,134.875000000000000,1
119,13422,31366,-30.625000000000000,135.125000000000000,1
120,13423,31367,-32.625000000000000,135.125000000000000,1
121,13442,31424,-30.625000000000000,135.375000000000000,1
122,13443,31425,-32.625000000000000,135.375000000000000,1
123,13461,31482,-30.625000000000000,135.625000000000000,1
124,13462,31483,-32.625000000000000,135.625000000000000,1
125,13480,31540,-30.625000000000000,135.875000000000000,1
126,13481,31541,-32.625000000000000,135.875000000000000,1
127,13499,31598,-30.625000000000000,136.125000000000000,1
128,13500,31599,-32.625000000000000,136.125000000000000,1
129,13516,31656,-30.625000000000000,136.375000000000000,1
130,13517,31657,-32.625000000000000,136.375000000000000,1
131,13533,31714,-30.625000000000000,136.625000000000000,1
132,13534,31715,-32.625000000000000,136.625000000000000,1
133,13550,31772,-30.625000000000000,136.875000000000000,1
134,13551,31773,-32.625000000000000,136.875000000000000,1
135,13567,31830,-30.625000000000000,137.125000000000000,1
136,13568,31831,-32.625000000000000,137.125000000000000,1
137,13584,31888,-30.625000000000000,137.375000000000000,1
138,13585,31889,-32.625000000000000,137.375000000000000,1
139,13601,31946,-30.625000000000000,137.625000000000000,1
140,13602,31947,-32.625000000000000,137.625000000000000,1
141,13618,32004,-30.625000000000000,137.875000000000000,1
142,13619,32005,-32.625000000000000,137.875000000000000,1
143,13634,32062,-30.625000000000000,138.125000000000000,1
144,13635,32063,-32.625000000000000,138.125000000000000,1
145,13650,32120,-30.625000000000000,138.375000000000000,1
146,13651,32121,-32.625000000000000,138.375000000000000,1
147,13666,32178,-30.625000000000000,138.625000000000000,1
148,13667,32179,-32.625000000000000,138.625000000000000,1
149,13681,32236,-30.625000000000000,138.875000000000000,1
150,13682,32237,-32.625000000000000,138.875000000000000,1
151,13683,32238,-34.625000000000000,138.875000000000000,1
152,13697,32294,-30.625000000000000,139.125000000000000,1
153,13698,32295,-32.625000000000000,139.125000000000000,1
154,13699,32296,-34.625000000000000,139.125000000000000,1
155,13713,32352,-30.625000000000000,139.375000000000000,1
156,13714,32353,-32.625000000000000,139.375000000000000,1
157,13715,32354,-34.625000000000000,139.375000000000000,1
158,13729,32410,-30.625000000000000,139.625000000000000,1
159,13730,32411,-32.625000000000000,139.625000000000000,1
160,13731,32412,-34.625000000000000,139.625000000000000,1
161,13745,32468,-30.625000000000000,139.875000000000000,1
162,13746,32469,-32.625000000000000,139.875000000000000,1
163,13747,32470,-34.625000000000000,139.875000000000000,1
164,13761,32526,-30.625000000000000,140.125000000000000,1
165,13762,32527,-32.625000000000000,140.125000000000000,1
166,13763,32528,-34.625000000000000,140.125000000000000,1
167,13777,32584,-30.625000000000000,140.375000000000000,1
168,13778,32585,-32.625000000000000,140.375000000000000,1
169,13779,32586,-34.625000000000000,140.375000000000000,1
170,13793,32642,-30.625000000000000,140.625000000000000,1
171,13794,32643,-32.625000000000000,140.625000000000000,1
172,13795,32644,-34.625000000000000,140.625000000000000,1
173,13808,32700,-30.625000000000000,140.875000000000000,1
174,13809,32701,-32.625000000000000,140.875000000000000,1
175,13810,32702,-34.625000000000000,140.875000000000000,1
176,13821,32758,-30.625000000000000,141.125000000000000,1
177,13822,32759,-32.625000000000000,141.125000000000000,1
178,13823,32760,-34.625000000000000,141.125000000000000,1
179,13835,32816,-30.625000000000000,141.375000000000000,1
180,13836,32817,-32.625000000000000,141.375000000000000,1
181,13837,32818,-34.625000000000000,141.375000000000000,1
182,13838,32819,-36.625000000000000,141.375000000000000,1
183,13851,32874,-30.625000000000000,141.625000000000000,1
184,13852,32875,-32.625000000000000,141.625000000000000,1
185,13853,32876,-34.625000000000000,141.625000000000000,1
186,13854,32877,-36.625000000000000,141.625000000000000,1
187,13870,32932,-30.625000000000000,141.875000000000000,1
188,13871,32933,-32.625000000000000,141.875000000000000,1
189,13872,32934,-34.625000000000000,141.875000000000000,1
190,13873,32935,-36.625000000000000,141.875000000000000,1
191,13891,32990,-30.625000000000000,142.125000000000000,1
192,13892,32991,-32.625000000000000,142.125000000000000,1
193,13893,32992,-34.625000000000000,142.125000000000000,1
194,13894,32993,-36.625000000000000,142.125000000000000,1
195,13911,33048,-30.625000000000000,142.375000000000000,1
196,13912,33049,-32.625000000000000,142.375000000000000,1
197,13913,33050,-34.625000000000000,142.375000000000000,1
198,13914,33051,-36.625000000000000,142.375000000000000,1
199,13932,33106,-30.625000000000000,142.625000000000000,1
200,13933,33107,-32.625000000000000,142.625000000000000,1
201,13934,33108,-34.625000000000000,142.625000000000000,1
202,13935,33109,-36.625000000000000,142.625000000000000,1
203,13953,33164,-30.625000000000000,142.875000000000000,1
204,13954,33165,-32.625000000000000,142.875000000000000,1
205,13955,33166,-34.625000000000000,142.875000000000000,1
206,13956,33167,-36.625000000000000,142.875000000000000,1
207,13973,33222,-30.625000000000000,143.125000000000000,1
208,13974,33223,-32.625000000000000,143.125000000000000,1
209,13975,33224,-34.625000000000000,143.125000000000000,1
210,13976,33225,-36.625000000000000,143.125000000000000,1
211,13977,33226,-38.625000000000000,143.125000000000000,1
212,13991,33280,-30.625000000000000,143.375000000000000,1
213,13992,33281,-32.625000000000000,143.375000000000000,1
214,13993,33282,-34.625000000000000,143.375000000000000,1
215,13994,33283,-36.625000000000000,143.375000000000000,1
216,13995,33284,-38.625000000000000,143.375000000000000,1
217,14008,33338,-30.625000000000000,143.625000000000000,1
218,14009,33339,-32.625000000000000,143.625000000000000,1
219,14010,33340,-34.625000000000000,143.625000000000000,1
220,14011,33341,-36.625000000000000,143.625000000000000,1
221,14012,33342,-38.625000000000000,143.625000000000000,1
222,14022,33396,-30.625000000000000,143.875000000000000,1
223,14023,33397,-32.625000000000000,143.875000000000000,1
224,14024,33398,-34.625000000000000,143.875000000000000,1
225,14025,33399,-36.625000000000000,143.875000000000000,1
226,14026,33400,-38.625000000000000,143.875000000000000,1
227,14036,33454,-30.625000000000000,144.125000000000000,1
228,14037,33455,-32.625000000000000,144.125000000000000,1
229,14038,33456,-34.625000000000000,144.125000000000000,1
230,14039,33457,-36.625000000000000,144.125000000000000,1
231,14049,33512,-30.625000000000000,144.375000000000000,1
232,14050,33513,-32.625000000000000,144.375000000000000,1
233,14051,33514,-34.625000000000000,144.375000000000000,1
234,14052,33515,-36.625000000000000,144.375000000000000,1
235,14063,33570,-30.625000000000000,144.625000000000000,1
236,14064,33571,-32.625000000000000,144.625000000000000,1
237,14065,33572,-34.625000000000000,144.625000000000000,1
238,14066,33573,-36.625000000000000,144.625000000000000,1
239,14076,33628,-30.625000000000000,144.875000000000000,1
240,14077,33629,-32.625000000000000,144.875000000000000,1
241,14078,33630,-34.625000000000000,144.875000000000000,1
242,14079,33631,-36.625000000000000,144.875000000000000,1
243,14089,33686,-30.625000000000000,145.125000000000000,1
244,14090,33687,-32.625000000000000,145.125000000000000,1
245,14091,33688,-34.625000000000000,145.125000000000000,1
246,14092,33689,-36.625000000000000,145.125000000000000,1
247,14102,33744,-30.625000000000000,145.375000000000000,1
248,14103,33745,-32.625000000000000,145.375000000000000,1
249,14104,33746,-34.625000000000000,145.375000000000000,1
250,14105,33747,-36.625000000000000,145.375000000000000,1
251,14113,33802,-30.625000000000000,145.625000000000000,1
252,14114,33803,-32.625000000000000,145.625000000000000,1
253,14115,33804,-34.625000000000000,145.625000000000000,1
254,14116,33805,-36.625000000000000,145.625000000000000,1
255,14117,33806,-38.625000000000000,145.625000000000000,1
256,14125,33860,-30.625000000000000,145.875000000000000,1
257,14126,33861,-32.625000000000000,145.875000000000000,1
258,14127,33862,-34.625000000000000,145.875000000000000,1
259,14128,33863,-36.625000000000000,145.875000000000000,1
260,14129,33864,-38.625000000000000,145.875000000000000,1
261,14138,33918,-30.625000000000000,146.125000000000000,1
262,14139,33919,-32.625000000000000,146.125000000000000,1
263,14140,33920,-34.625000000000000,146.125000000000000,1
264,14141,33921,-36.625000000000000,146.125000000000000,1
265,14142,33922,-38.625000000000000,146.125000000000000,1
266,14148,33976,-30.625000000000000,146.375000000000000,1
267,14149,33977,-32.625000000000000,146.375000000000000,1
268,14150,33978,-34.625000000000000,146.375000000000000,1
269,14151,33979,-36.625000000000000,146.375000000000000,1
270,14152,33980,-38.625000000000000,146.375000000000000,1
271,14153,33982,-42.625000000000000,146.375000000000000,1
272,14159,34034,-30.625000000000000,146.625000000000000,1
273,14160,34035,-32.625000000000000,146.625000000000000,1
274,14161,34036,-34.625000000000000,146.625000000000000,1
275,14162,34037,-36.625000000000000,146.625000000000000,1
276,14163,34038,-38.625000000000000,146.625000000000000,1
277,14164,34040,-42.625000000000000,146.625000000000000,1
278,14171,34092,-30.625000000000000,146.875000000000000,1
279,14172,34093,-32.625000000000000,146.875000000000000,1
280,14173,34094,-34.625000000000000,146.875000000000000,1
281,14174,34095,-36.625000000000000,146.875000000000000,1
282,14175,34096,-38.625000000000000,146.875000000000000,1
283,14176,34098,-42.625000000000000,146.875000000000000,1
284,14183,34150,-30.625000000000000,147.125000000000000,1
285,14184,34151,-32.625000000000000,147.125000000000000,1
286,14185,34152,-34.625000000000000,147.125000000000000,1
287,14186,34153,-36.625000000000000,147.125000000000000,1
288,14187,34156,-42.625000000000000,147.125000000000000,1
289,14194,34208,-30.625000000000000,147.375000000000000,1
290,14195,34209,-32.625000000000000,147.375000000000000,1
291,14196,34210,-34.625000000000000,147.375000000000000,1
292,14197,34211,-36.625000000000000,147.375000000000000,1
293,14198,34214,-42.625000000000000,147.375000000000000,1
294,14205,34266,-30.625000000000000,147.625000000000000,1
295,14206,34267,-32.625000000000000,147.625000000000000,1
296,14207,34268,-34.625000000000000,147.625000000000000,1
297,14208,34269,-36.625000000000000,147.625000000000000,1
298,14209,34272,-42.625000000000000,147.625000000000000,1
299,14215,34324,-30.625000000000000,147.875000000000000,1
300,14216,34325,-32.625000000000000,147.875000000000000,1
301,14217,34326,-34.625000000000000,147.875000000000000,1
302,14218,34327,-36.625000000000000,147.875000000000000,1
303,14219,34330,-42.625000000000000,147.875000000000000,1
304,14225,34382,-30.625000000000000,148.125000000000000,1
305,14226,34383,-32.625000000000000,148.125000000000000,1
306,14227,34384,-34.625000000000000,148.125000000000000,1
307,14228,34385,-36.625000000000000,148.125000000000000,1
308,14229,34388,-42.625000000000000,148.125000000000000,1
309,14235,34440,-30.625000000000000,148.375000000000000,1
310,14236,34441,-32.625000000000000,148.375000000000000,1
311,14237,34442,-34.625000000000000,148.375000000000000,1
312,14238,34443,-36.625000000000000,148.375000000000000,1
313,14245,34498,-30.625000000000000,148.625000000000000,1
314,14246,34499,-32.625000000000000,148.625000000000000,1
315,14247,34500,-34.625000000000000,148.625000000000000,1
316,14248,34501,-36.625000000000000,148.625000000000000,1
317,14253,34556,-30.625000000000000,148.875000000000000,1
318,14254,34557,-32.625000000000000,148.875000000000000,1
319,14255,34558,-34.625000000000000,148.875000000000000,1
320,14259,34614,-30.625000000000000,149.125000000000000,1
321,14260,34615,-32.625000000000000,149.125000000000000,1
322,14261,34616,-34.625000000000000,149.125000000000000,1
323,14265,34672,-30.625000000000000,149.375000000000000,1
324,14266,34673,-32.625000000000000,149.375000000000000,1
325,14267,34674,-34.625000000000000,149.375000000000000,1
326,14271,34730,-30.625000000000000,149.625000000000000,1
327,14272,34731,-32.625000000000000,149.625000000000000,1
328,14273,34732,-34.625000000000000,149.625000000000000,1
329,14277,34788,-30.625000000000000,149.875000000000000,1
330,14278,34789,-32.625000000000000,149.875000000000000,1
331,14279,34790,-34.625000000000000,149.875000000000000,1
332,14283,34846,-30.625000000000000,150.125000000000000,1
333,14284,34847,-32.625000000000000,150.125000000000000,1
334,14285,34848,-34.625000000000000,150.125000000000000,1
335,14289,34904,-30.625000000000000,150.375000000000000,1
336,14290,34905,-32.625000000000000,150.375000000000000,1
337,14291,34906,-34.625000000000000,150.375000000000000,1
338,14295,34962,-30.625000000000000,150.625000000000000,1
339,14296,34963,-32.625000000000000,150.625000000000000,1
340,14297,34964,-34.625000000000000,150.625000000000000,1
341,14301,35020,-30.625000000000000,150.875000000000000,1
342,14302,35021,-32.625000000000000,150.875000000000000,1
343,14303,35022,-34.625000000000000,150.875000000000000,1
344,14307,35078,-30.625000000000000,151.125000000000000,1
345,14308,35079,-32.625000000000000,151.125000000000000,1
346,14311,35136,-30.625000000000000,151.375000000000000,1
347,14314,35194,-30.625000000000000,151.625000000000000,1
348,14318,35252,-30.625000000000000,151.875000000000000,1
349,14322,35310,-30.625000000000000,152.125000000000000,1
350,14326,35368,-30.625000000000000,152.375000000000000,1
351,14330,35426,-30.625000000000000,152.625000000000000,1
352,14334,35484,-30.625000000000000,152.875000000000000,1
353,14399,38971,-44.625000000000000,167.875000000000000,1
354,14400,39029,-44.625000000000000,168.125000000000000,1
355,14401,39087,-44.625000000000000,168.375000000000000,1
356,14402,39145,-44.625000000000000,168.625000000000000,1
357,14403,39203,-44.625000000000000,168.875000000000000,1
358,14404,39261,-44.625000000000000,169.125000000000000,1
359,14405,39319,-44.625000000000000,169.375000000000000,1
360,14406,39377,-44.625000000000000,169.625000000000000,1
361,14407,39435,-44.625000000000000,169.875000000000000,1
362,14408,39493,-44.625000000000000,170.125000000000000,1
363,14409,39551,-44.625000000000000,170.375000000000000,1
364,14410,39609,-44.625000000000000,170.625000000000000,1
365,14411,39667,-44.625000000000000,170.875000000000000,1
366,14412,39725,-44.625000000000000,171.125000000000000,1
367,14413,39782,-42.625000000000000,171.375000000000000,1
368,14414,39840,-42.625000000000000,171.625000000000000,1
369,14415,39898,-42.625000000000000,171.875000000000000,1
370,14416,39956,-42.625000000000000,172.125000000000000,1
371,14417,40014,-42.625000000000000,172.375000000000000,1
372,14418,40072,-42.625000000000000,172.625000000000000,1
373,14419,40130,-42.625000000000000,172.875000000000000,1
374,14420,40188,-42.625000000000000,173.125000000000000,1
375,14421,40246,-42.625000000000000,173.375000000000000,1
376,14422,40533,-36.625000000000000,174.625000000000000,1
377,14423,40592,-38.625000000000000,174.875000000000000,1
378,14424,40650,-38.625000000000000,175.125000000000000,1
379,14425,40708,-38.625000000000000,175.375000000000000,1
380,14426,40709,-40.625000000000000,175.375000000000000,1
381,14427,40766,-38.625000000000000,175.625000000000000,1
382,14428,40767,-40.625000000000000,175.625000000000000,1
383,14429,40824,-38.625000000000000,175.875000000000000,1
384,14430,40825,-40.625000000000000,175.875000000000000,1
385,14431,40882,-38.625000000000000,176.125000000000000,1
386,14432,40883,-40.625000000000000,176.125000000000000,1