FID,OBJECTID,field,Var1,Var2,value
0,9815,22061,19.375000000000000,95.125000000000000,1
1,9816,22062,17.375000000000000,95.125000000000000,1
2,9837,22119,19.375000000000000,95.375000000000000,1
3,9838,22120,17.375000000000000,95.375000000000000,1
4,9859,22177,19.375000000000000,95.625000000000000,1
5,9860,22178,17.375000000000000,95.625000000000000,1
6,9881,22235,19.375000000000000,95.875000000000000,1
7,9882,22236,17.375000000000000,95.875000000000000,1
8,9903,22293,19.375000000000000,96.125000000000000,1
9,9904,22294,17.375000000000000,96.125000000000000,1
10,9925,22351,19.375000000000000,96.375000000000000,1
11,9926,22352,17.375000000000000,96.375000000000000,1
12,9947,22409,19.375000000000000,96.625000000000000,1
13,9948,22410,17.375000000000000,96.625000000000000,1
14,9969,22467,19.375000000000000,96.875000000000000,1
15,9990,22525,19.375000000000000,97.125000000000000,1
16,9991,22526,17.375000000000000,97.125000000000000,1
17,10012,22583,19.375000000000000,97.375000000000000,1
18,10013,22584,17.375000000000000,97.375000000000000,1
19,10034,22641,19.375000000000000,97.625000000000000,1
20,10035,22642,17.375000000000000,97.625000000000000,1
21,10056,22699,19.375000000000000,97.875000000000000,1
22,10057,22700,17.375000000000000,97.875000000000000,1
23,10078,22757,19.375000000000000,98.125000000000000,1
24,10079,22758,17.375000000000000,98.125000000000000,1
25,10100,22815,19.375000000000000,98.375000000000000,1
26,10101,22816,17.375000000000000,98.375000000000000,1
27,10122,22873,19.375000000000000,98.625000000000000,1
28,10123,22874,17.375000000000000,98.625000000000000,1
29,10144,22931,19.375000000000000,98.875000000000000,1
30,10145,22932,17.375000000000000,98.875000000000000,1
31,10146,22933,15.375000000000000,98.875000000000000,1
32,10167,22989,19.375000000000000,99.125000000000000,1
33,10168,22990,17.375000000000000,99.125000000000000,1
34,10169,22991,15.375000000000000,99.125000000000000,1
35,10190,23047,19.375000000000000,99.375000000000000,1
36,10191,23048,17.375000000000000,99.375000000000000,1
37,10192,23049,15.375000000000000,99.375000000000000,1
38,10193,23053,7.375000000000000,99.375000000000000,1
39,10214,23105,19.375000000000000,99.625000000000000,1
40,10215,23106,17.375000000000000,99.625000000000000,1
41,10216,23107,15.375000000000000,99.625000000000000,1
42,10217,23111,7.375000000000000,99.625000000000000,1
43,10238,23163,19.375000000000000,99.875000000000000,1
44,10239,23164,17.375000000000000,99.875000000000000,1
45,10240,23165,15.375000000000000,99.875000000000000,1
46,10241,23169,7.375000000000000,99.875000000000000,1
47,10262,23221,19.375000000000000,100.125000000000000,1
48,10263,23222,17.375000000000000,100.125000000000000,1
49,10264,23223,15.375000000000000,100.125000000000000,1
50,10265,23227,7.375000000000000,100.125000000000000,1
51,10266,23231,-0.625000000000000,100.125000000000000,1
52,10287,23279,19.375000000000000,100.375000000000000,1
53,10288,23280,17.375000000000000,100.375000000000000,1
54,10289,23281,15.375000000000000,100.375000000000000,1
55,10290,23289,-0.625000000000000,100.375000000000000,1
56,10311,23337,19.375000000000000,100.625000000000000,1
57,10312,23338,17.375000000000000,100.625000000000000,1
58,10313,23339,15.375000000000000,100.625000000000000,1
59,10314,23347,-0.625000000000000,100.625000000000000,1
60,10335,23395,19.375000000000000,100.875000000000000,1
61,10336,23396,17.375000000000000,100.875000000000000,1
62,10337,23397,15.375000000000000,100.875000000000000,1
63,10338,23405,-0.625000000000000,100.875000000000000,1
64,10359,23453,19.375000000000000,101.125000000000000,1
65,10360,23454,17.375000000000000,101.125000000000000,1
66,10361,23455,15.375000000000000,101.125000000000000,1
67,10362,23463,-0.625000000000000,101.125000000000000,1
68,10383,23511,19.375000000000000,101.375000000000000,1
69,10384,23512,17.375000000000000,101.375000000000000,1
70,10385,23513,15.375000000000000,101.375000000000000,1
71,10386,23514,13.375000000000000,101.375000000000000,1
72,10387,23518,5.375000000000000,101.375000000000000,1
73,10388,23519,3.375000000000000,101.375000000000000,1
74,10389,23520,1.375000000000000,101.375000000000000,1
75,10390,23521,-0.625000000000000,101.375000000000000,1
76,10391,23522,-2.625000000000000,101.375000000000000,1
77,10412,23569,19.375000000000000,101.625000000000000,1
78,10413,23570,17.375000000000000,101.625000000000000,1
79,10414,23571,15.375000000000000,101.625000000000000,1
80,10415,23572,13.375000000000000,101.625000000000000,1
81,10416,23576,5.375000000000000,101.625000000000000,1
82,10417,23577,3.375000000000000,101.625000000000000,1
83,10418,23578,1.375000000000000,101.625000000000000,1
84,10419,23579,-0.625000000000000,101.625000000000000,1
85,10420,23580,-2.625000000000000,101.625000000000000,1
86,10441,23627,19.375000000000000,101.875000000000000,1
87,10442,23628,17.375000000000000,101.875000000000000,1
88,10443,23629,15.375000000000000,101.875000000000000,1
89,10444,23630,13.375000000000000,101.875000000000000,1
90,10445,23634,5.375000000000000,101.875000000000000,1
91,10446,23635,3.375000000000000,101.875000000000000,1
92,10447,23636,1.375000000000000,101.875000000000000,1
93,10448,23637,-0.625000000000000,101.875000000000000,1
94,10449,23638,-2.625000000000000,101.875000000000000,1
95,10470,23685,19.375000000000000,102.125000000000000,1
96,10471,23686,17.375000000000000,102.125000000000000,1
97,10472,23687,15.375000000000000,102.125000000000000,1
98,10473,23688,13.375000000000000,102.125000000000000,1
99,10474,23692,5.375000000000000,102.125000000000000,1
100,10475,23693,3.375000000000000,102.125000000000000,1
101,10476,23694,1.375000000000000,102.125000000000000,1
102,10477,23695,-0.625000000000000,102.125000000000000,1
103,10478,23696,-2.625000000000000,102.125000000000000,1
104,10499,23743,19.375000000000000,102.375000000000000,1
105,10500,23744,17.375000000000000,102.375000000000000,1
106,10501,23745,15.375000000000000,102.375000000000000,1
107,10502,23746,13.375000000000000,102.375000000000000,1
108,10503,23750,5.375000000000000,102.375000000000000,1
109,10504,23751,3.375000000000000,102.375000000000000,1
110,10505,23752,1.375000000000000,102.375000000000000,1
111,10506,23753,-0.625000000000000,102.375000000000000,1
112,10507,23754,-2.625000000000000,102.375000000000000,1
113,10528,23801,19.375000000000000,102.625000000000000,1
114,10529,23802,17.375000000000000,102.625000000000000,1
115,10530,23803,15.375000000000000,102.625000000000000,1
116,10531,23804,13.375000000000000,102.625000000000000,1
117,10532,23808,5.375000000000000,102.625000000000000,1
118,10533,23809,3.375000000000000,102.625000000000000,1
119,10534,23811,-0.625000000000000,102.625000000000000,1
120,10535,23812,-2.625000000000000,102.625000000000000,1
121,10556,23859,19.375000000000000,102.875000000000000,1
122,10557,23860,17.375000000000000,102.875000000000000,1
123,10558,23861,15.375000000000000,102.875000000000000,1
124,10559,23862,13.375000000000000,102.875000000000000,1
125,10560,23866,5.375000000000000,102.875000000000000,1
126,10561,23867,3.375000000000000,102.875000000000000,1
127,10562,23869,-0.625000000000000,102.875000000000000,1
128,10563,23870,-2.625000000000000,102.875000000000000,1
129,10584,23917,19.375000000000000,103.125000000000000,1
130,10585,23918,17.375000000000000,103.125000000000000,1
131,10586,23919,15.375000000000000,103.125000000000000,1
132,10587,23920,13.375000000000000,103.125000000000000,1
133,10588,23921,11.375000000000000,103.125000000000000,1
134,10589,23925,3.375000000000000,103.125000000000000,1
135,10590,23927,-0.625000000000000,103.125000000000000,1
136,10591,23928,-2.625000000000000,103.125000000000000,1
137,10612,23975,19.375000000000000,103.375000000000000,1
138,10613,23976,17.375000000000000,103.375000000000000,1
139,10614,23977,15.375000000000000,103.375000000000000,1
140,10615,23978,13.375000000000000,103.375000000000000,1
141,10616,23979,11.375000000000000,103.375000000000000,1
142,10617,23983,3.375000000000000,103.375000000000000,1
143,10618,23985,-0.625000000000000,103.375000000000000,1
144,10619,23986,-2.625000000000000,103.375000000000000,1
145,10640,24033,19.375000000000000,103.625000000000000,1
146,10641,24034,17.375000000000000,103.625000000000000,1
147,10642,24035,15.375000000000000,103.625000000000000,1
148,10643,24036,13.375000000000000,103.625000000000000,1
149,10644,24037,11.375000000000000,103.625000000000000,1
150,10645,24044,-2.625000000000000,103.625000000000000,1
151,10666,24091,19.375000000000000,103.875000000000000,1
152,10667,24092,17.375000000000000,103.875000000000000,1
153,10668,24093,15.375000000000000,103.875000000000000,1
154,10669,24094,13.375000000000000,103.875000000000000,1
155,10670,24095,11.375000000000000,103.875000000000000,1
156,10671,24102,-2.625000000000000,103.875000000000000,1
157,10672,24103,-4.625000000000000,103.875000000000000,1
158,10693,24149,19.375000000000000,104.125000000000000,1
159,10694,24150,17.375000000000000,104.125000000000000,1
160,10695,24151,15.375000000000000,104.125000000000000,1
161,10696,24152,13.375000000000000,104.125000000000000,1
162,10697,24153,11.375000000000000,104.125000000000000,1
163,10698,24160,-2.625000000000000,104.125000000000000,1
164,10699,24161,-4.625000000000000,104.125000000000000,1
165,10720,24207,19.375000000000000,104.375000000000000,1
166,10721,24208,17.375000000000000,104.375000000000000,1
167,10722,24209,15.375000000000000,104.375000000000000,1
168,10723,24210,13.375000000000000,104.375000000000000,1
169,10724,24211,11.375000000000000,104.375000000000000,1
170,10725,24218,-2.625000000000000,104.375000000000000,1
171,10726,24219,-4.625000000000000,104.375000000000000,1
172,10747,24265,19.375000000000000,104.625000000000000,1
173,10748,24266,17.375000000000000,104.625000000000000,1
174,10749,24267,15.375000000000000,104.625000000000000,1
175,10750,24268,13.375000000000000,104.625000000000000,1
176,10751,24269,11.375000000000000,104.625000000000000,1
177,10752,24277,-4.625000000000000,104.625000000000000,1
178,10773,24323,19.375000000000000,104.875000000000000,1
179,10774,24324,17.375000000000000,104.875000000000000,1
180,10775,24325,15.375000000000000,104.875000000000000,1
181,10776,24326,13.375000000000000,104.875000000000000,1
182,10777,24327,11.375000000000000,104.875000000000000,1
183,10778,24328,9.375000000000000,104.875000000000000,1
184,10779,24334,-2.625000000000000,104.875000000000000,1
185,10780,24335,-4.625000000000000,104.875000000000000,1
186,10801,24381,19.375000000000000,105.125000000000000,1
187,10802,24382,17.375000000000000,105.125000000000000,1
188,10803,24383,15.375000000000000,105.125000000000000,1
189,10804,24384,13.375000000000000,105.125000000000000,1
190,10805,24385,11.375000000000000,105.125000000000000,1
191,10806,24386,9.375000000000000,105.125000000000000,1
192,10807,24392,-2.625000000000000,105.125000000000000,1
193,10808,24393,-4.625000000000000,105.125000000000000,1
194,10829,24439,19.375000000000000,105.375000000000000,1
195,10830,24440,17.375000000000000,105.375000000000000,1
196,10831,24441,15.375000000000000,105.375000000000000,1
197,10832,24442,13.375000000000000,105.375000000000000,1
198,10833,24443,11.375000000000000,105.375000000000000,1
199,10834,24444,9.375000000000000,105.375000000000000,1
200,10835,24450,-2.625000000000000,105.375000000000000,1
201,10836,24451,-4.625000000000000,105.375000000000000,1
202,10857,24497,19.375000000000000,105.625000000000000,1
203,10858,24498,17.375000000000000,105.625000000000000,1
204,10859,24499,15.375000000000000,105.625000000000000,1
205,10860,24500,13.375000000000000,105.625000000000000,1
206,10861,24501,11.375000000000000,105.625000000000000,1
207,10862,24502,9.375000000000000,105.625000000000000,1
208,10863,24508,-2.625000000000000,105.625000000000000,1
209,10864,24509,-4.625000000000000,105.625000000000000,1
210,10885,24556,17.375000000000000,105.875000000000000,1
211,10886,24557,15.375000000000000,105.875000000000000,1
212,10887,24558,13.375000000000000,105.875000000000000,1
213,10888,24559,11.375000000000000,105.875000000000000,1
214,10889,24560,9.375000000000000,105.875000000000000,1
215,10890,24567,-4.625000000000000,105.875000000000000,1
216,10911,24614,17.375000000000000,106.125000000000000,1
217,10912,24615,15.375000000000000,106.125000000000000,1
218,10913,24616,13.375000000000000,106.125000000000000,1
219,10914,24617,11.375000000000000,106.125000000000000,1
220,10915,24618,9.375000000000000,106.125000000000000,1
221,10916,24624,-2.625000000000000,106.125000000000000,1
222,10937,24673,15.375000000000000,106.375000000000000,1
223,10938,24674,13.375000000000000,106.375000000000000,1
224,10939,24675,11.375000000000000,106.375000000000000,1
225,10940,24684,-6.625000000000000,106.375000000000000,1
226,10961,24731,15.375000000000000,106.625000000000000,1
227,10962,24732,13.375000000000000,106.625000000000000,1
228,10963,24733,11.375000000000000,106.625000000000000,1
229,10964,24742,-6.625000000000000,106.625000000000000,1
230,10985,24789,15.375000000000000,106.875000000000000,1
231,10986,24790,13.375000000000000,106.875000000000000,1
232,10987,24791,11.375000000000000,106.875000000000000,1
233,10988,24800,-6.625000000000000,106.875000000000000,1
234,11009,24847,15.375000000000000,107.125000000000000,1
235,11010,24848,13.375000000000000,107.125000000000000,1
236,11011,24849,11.375000000000000,107.125000000000000,1
237,11012,24858,-6.625000000000000,107.125000000000000,1
238,11033,24905,15.375000000000000,107.375000000000000,1
239,11034,24906,13.375000000000000,107.375000000000000,1
240,11035,24907,11.375000000000000,107.375000000000000,1
241,11036,24916,-6.625000000000000,107.375000000000000,1
242,11057,24963,15.375000000000000,107.625000000000000,1
243,11058,24964,13.375000000000000,107.625000000000000,1
244,11059,24965,11.375000000000000,107.625000000000000,1
245,11060,24974,-6.625000000000000,107.625000000000000,1
246,11080,25021,15.375000000000000,107.875000000000000,1
247,11081,25022,13.375000000000000,107.875000000000000,1
248,11082,25023,11.375000000000000,107.875000000000000,1
249,11083,25032,-6.625000000000000,107.875000000000000,1
250,11103,25079,15.375000000000000,108.125000000000000,1
251,11104,25080,13.375000000000000,108.125000000000000,1
252,11105,25081,11.375000000000000,108.125000000000000,1
253,11106,25090,-6.625000000000000,108.125000000000000,1
254,11126,25137,15.375000000000000,108.375000000000000,1
255,11127,25138,13.375000000000000,108.375000000000000,1
256,11128,25139,11.375000000000000,108.375000000000000,1
257,11129,25148,-6.625000000000000,108.375000000000000,1
258,11149,25195,15.375000000000000,108.625000000000000,1
259,11150,25196,13.375000000000000,108.625000000000000,1
260,11151,25197,11.375000000000000,108.625000000000000,1
261,11228,25435,-0.625000000000000,109.625000000000000,1
262,11248,25493,-0.625000000000000,109.875000000000000,1
263,11269,25551,-0.625000000000000,110.125000000000000,1
264,11290,25609,-0.625000000000000,110.375000000000000,1
265,11311,25667,-0.625000000000000,110.625000000000000,1
266,11331,25725,-0.625000000000000,110.875000000000000,1
267,11332,25728,-6.625000000000000,110.875000000000000,1
268,11352,25783,-0.625000000000000,111.125000000000000,1
269,11372,25840,1.375000000000000,111.375000000000000,1
270,11373,25841,-0.625000000000000,111.375000000000000,1
271,11374,25842,-2.625000000000000,111.375000000000000,1
272,11394,25898,1.375000000000000,111.625000000000000,1
273,11395,25899,-0.625000000000000,111.625000000000000,1
274,11396,25900,-2.625000000000000,111.625000000000000,1
275,11416,25956,1.375000000000000,111.875000000000000,1
276,11417,25957,-0.625000000000000,111.875000000000000,1
277,11418,25958,-2.625000000000000,111.875000000000000,1
278,11438,26014,1.375000000000000,112.125000000000000,1
279,11439,26015,-0.625000000000000,112.125000000000000,1
280,11440,26016,-2.625000000000000,112.125000000000000,1
281,11460,26072,1.375000000000000,112.375000000000000,1
282,11461,26073,-0.625000000000000,112.375000000000000,1
283,11462,26074,-2.625000000000000,112.375000000000000,1
284,11482,26130,1.375000000000000,112.625000000000000,1
285,11483,26131,-0.625000000000000,112.625000000000000,1
286,11484,26132,-2.625000000000000,112.625000000000000,1
287,11504,26188,1.375000000000000,112.875000000000000,1
288,11505,26189,-0.625000000000000,112.875000000000000,1
289,11506,26190,-2.625000000000000,112.875000000000000,1
290,11526,26246,1.375000000000000,113.125000000000000,1
291,11527,26247,-0.625000000000000,113.125000000000000,1
292,11528,26248,-2.625000000000000,113.125000000000000,1
293,11548,26303,3.375000000000000,113.375000000000000,1
294,11549,26304,1.375000000000000,113.375000000000000,1
295,11550,26305,-0.625000000000000,113.375000000000000,1
296,11551,26306,-2.625000000000000,113.375000000000000,1
297,11571,26361,3.375000000000000,113.625000000000000,1
298,11572,26362,1.375000000000000,113.625000000000000,1
299,11573,26363,-0.625000000000000,113.625000000000000,1
300,11574,26364,-2.625000000000000,113.625000000000000,1
301,11593,26419,3.375000000000000,113.875000000000000,1
302,11594,26420,1.375000000000000,113.875000000000000,1
303,11595,26421,-0.625000000000000,113.875000000000000,1
304,11596,26422,-2.625000000000000,113.875000000000000,1
305,11618,26477,3.375000000000000,114.125000000000000,1
306,11619,26478,1.375000000000000,114.125000000000000,1
307,11620,26479,-0.625000000000000,114.125000000000000,1
308,11621,26480,-2.625000000000000,114.125000000000000,1
309,11643,26535,3.375000000000000,114.375000000000000,1
310,11644,26536,1.375000000000000,114.375000000000000,1
311,11645,26537,-0.625000000000000,114.375000000000000,1
312,11646,26538,-2.625000000000000,114.375000000000000,1
313,11668,26593,3.375000000000000,114.625000000000000,1
314,11669,26594,1.375000000000000,114.625000000000000,1
315,11670,26595,-0.625000000000000,114.625000000000000,1
316,11671,26596,-2.625000000000000,114.625000000000000,1
317,11694,26651,3.375000000000000,114.875000000000000,1
318,11695,26652,1.375000000000000,114.875000000000000,1
319,11696,26653,-0.625000000000000,114.875000000000000,1
320,11697,26654,-2.625000000000000,114.875000000000000,1
321,11720,26709,3.375000000000000,115.125000000000000,1
322,11721,26710,1.375000000000000,115.125000000000000,1
323,11722,26711,-0.625000000000000,115.125000000000000,1
324,11723,26712,-2.625000000000000,115.125000000000000,1
325,11747,26767,3.375000000000000,115.375000000000000,1
326,11748,26768,1.375000000000000,115.375000000000000,1
327,11749,26769,-0.625000000000000,115.375000000000000,1
328,11750,26770,-2.625000000000000,115.375000000000000,1
329,11774,26825,3.375000000000000,115.625000000000000,1
330,11775,26826,1.375000000000000,115.625000000000000,1
331,11776,26827,-0.625000000000000,115.625000000000000,1
332,11777,26828,-2.625000000000000,115.625000000000000,1
333,11801,26883,3.375000000000000,115.875000000000000,1
334,11802,26884,1.375000000000000,115.875000000000000,1
335,11803,26885,-0.625000000000000,115.875000000000000,1
336,11804,26886,-2.625000000000000,115.875000000000000,1
337,11828,26941,3.375000000000000,116.125000000000000,1
338,11829,26942,1.375000000000000,116.125000000000000,1
339,11830,26943,-0.625000000000000,116.125000000000000,1
340,11831,26944,-2.625000000000000,116.125000000000000,1
341,11855,26998,5.375000000000000,116.375000000000000,1
342,11856,26999,3.375000000000000,116.375000000000000,1
343,11857,27000,1.375000000000000,116.375000000000000,1
344,11858,27001,-0.625000000000000,116.375000000000000,1
345,11883,27056,5.375000000000000,116.625000000000000,1
346,11884,27057,3.375000000000000,116.625000000000000,1
347,11885,27058,1.375000000000000,116.625000000000000,1
348,11886,27059,-0.625000000000000,116.625000000000000,1
349,11911,27114,5.375000000000000,116.875000000000000,1
350,11912,27115,3.375000000000000,116.875000000000000,1
351,11913,27116,1.375000000000000,116.875000000000000,1
352,11914,27117,-0.625000000000000,116.875000000000000,1
353,11939,27172,5.375000000000000,117.125000000000000,1
354,11940,27173,3.375000000000000,117.125000000000000,1
355,11941,27174,1.375000000000000,117.125000000000000,1
356,11942,27175,-0.625000000000000,117.125000000000000,1
357,11967,27230,5.375000000000000,117.375000000000000,1
358,11968,27231,3.375000000000000,117.375000000000000,1
359,11969,27232,1.375000000000000,117.375000000000000,1
360,11970,27233,-0.625000000000000,117.375000000000000,1
361,11995,27288,5.375000000000000,117.625000000000000,1
362,11996,27289,3.375000000000000,117.625000000000000,1
363,11997,27290,1.375000000000000,117.625000000000000,1
364,12022,27346,5.375000000000000,117.875000000000000,1
365,12023,27348,1.375000000000000,117.875000000000000,1
366,12048,27404,5.375000000000000,118.125000000000000,1
367,12049,27406,1.375000000000000,118.125000000000000,1
368,12074,27462,5.375000000000000,118.375000000000000,1
369,12075,27464,1.375000000000000,118.375000000000000,1
370,12100,27520,5.375000000000000,118.625000000000000,1
371,12145,27640,-2.625000000000000,119.125000000000000,1
372,12167,27698,-2.625000000000000,119.375000000000000,1
373,12189,27756,-2.625000000000000,119.625000000000000,1
374,12190,27757,-4.625000000000000,119.625000000000000,1
375,12212,27814,-2.625000000000000,119.875000000000000,1
376,12213,27815,-4.625000000000000,119.875000000000000,1
377,12236,27872,-2.625000000000000,120.125000000000000,1
378,12237,27873,-4.625000000000000,120.125000000000000,1
379,12260,27930,-2.625000000000000,120.375000000000000,1
380,12261,27931,-4.625000000000000,120.375000000000000,1
381,12284,27988,-2.625000000000000,120.625000000000000,1
382,12305,28046,-2.625000000000000,120.875000000000000,1
383,12326,28104,-2.625000000000000,121.125000000000000,1
384,12363,28221,-4.625000000000000,121.625000000000000,1
385,12382,28279,-4.625000000000000,121.875000000000000,1
386,12456,28504,9.375000000000000,122.875000000000000,1
387,12457,28511,-4.625000000000000,122.875000000000000,1
388,12477,28562,9.375000000000000,123.125000000000000,1
389,12478,28569,-4.625000000000000,123.125000000000000,1
390,12572,28853,7.375000000000000,124.375000000000000,1
391,12592,28911,7.375000000000000,124.625000000000000,1
392,12612,28969,7.375000000000000,124.875000000000000,1
393,12632,29027,7.375000000000000,125.125000000000000,1
394,12653,29085,7.375000000000000,125.375000000000000,1
395,12674,29143,7.375000000000000,125.625000000000000,1
396,12695,29201,7.375000000000000,125.875000000000000,1
397,12715,29259,7.375000000000000,126.125000000000000,1
398,13508,31642,-2.625000000000000,136.375000000000000,1
399,13525,31700,-2.625000000000000,136.625000000000000,1
400,13542,31758,-2.625000000000000,136.875000000000000,1
401,13559,31816,-2.625000000000000,137.125000000000000,1
402,13576,31874,-2.625000000000000,137.375000000000000,1
403,13593,31932,-2.625000000000000,137.625000000000000,1
404,13610,31990,-2.625000000000000,137.875000000000000,1
405,13627,32048,-2.625000000000000,138.125000000000000,1
406,13643,32106,-2.625000000000000,138.375000000000000,1
407,13659,32164,-2.625000000000000,138.625000000000000,1
408,13673,32222,-2.625000000000000,138.875000000000000,1
409,13674,32223,-4.625000000000000,138.875000000000000,1
410,13675,32224,-6.625000000000000,138.875000000000000,1
411,13689,32280,-2.625000000000000,139.125000000000000,1
412,13690,32281,-4.625000000000000,139.125000000000000,1
413,13691,32282,-6.625000000000000,139.125000000000000,1
414,13705,32338,-2.625000000000000,139.375000000000000,1
415,13706,32339,-4.625000000000000,139.375000000000000,1
416,13707,32340,-6.625000000000000,139.375000000000000,1
417,13721,32396,-2.625000000000000,139.625000000000000,1
418,13722,32397,-4.625000000000000,139.625000000000000,1
419,13723,32398,-6.625000000000000,139.625000000000000,1
420,13737,32454,-2.625000000000000,139.875000000000000,1
421,13738,32455,-4.625000000000000,139.875000000000000,1
422,13739,32456,-6.625000000000000,139.875000000000000,1
423,13753,32512,-2.625000000000000,140.125000000000000,1
424,13754,32513,-4.625000000000000,140.125000000000000,1
425,13755,32514,-6.625000000000000,140.125000000000000,1
426,13769,32570,-2.625000000000000,140.375000000000000,1
427,13770,32571,-4.625000000000000,140.375000000000000,1
428,13771,32572,-6.625000000000000,140.375000000000000,1
429,13784,32628,-2.625000000000000,140.625000000000000,1
430,13785,32629,-4.625000000000000,140.625000000000000,1
431,13786,32630,-6.625000000000000,140.625000000000000,1
432,13787,32631,-8.625000000000000,140.625000000000000,1
433,13799,32686,-2.625000000000000,140.875000000000000,1
434,13800,32687,-4.625000000000000,140.875000000000000,1
435,13801,32688,-6.625000000000000,140.875000000000000,1
436,13802,32689,-8.625000000000000,140.875000000000000,1
437,13812,32744,-2.625000000000000,141.125000000000000,1
438,13813,32745,-4.625000000000000,141.125000000000000,1
439,13814,32746,-6.625000000000000,141.125000000000000,1
440,13815,32747,-8.625000000000000,141.125000000000000,1
441,13825,32803,-4.625000000000000,141.375000000000000,1
442,13826,32804,-6.625000000000000,141.375000000000000,1
443,13827,32805,-8.625000000000000,141.375000000000000,1
444,13840,32861,-4.625000000000000,141.625000000000000,1
445,13841,32862,-6.625000000000000,141.625000000000000,1
446,13842,32863,-8.625000000000000,141.625000000000000,1
447,13858,32919,-4.625000000000000,141.875000000000000,1
448,13859,32920,-6.625000000000000,141.875000000000000,1
449,13860,32921,-8.625000000000000,141.875000000000000,1
450,13879,32977,-4.625000000000000,142.125000000000000,1
451,13880,32978,-6.625000000000000,142.125000000000000,1
452,13881,32979,-8.625000000000000,142.125000000000000,1
453,13899,33035,-4.625000000000000,142.375000000000000,1
454,13900,33036,-6.625000000000000,142.375000000000000,1
455,13901,33037,-8.625000000000000,142.375000000000000,1
456,13920,33093,-4.625000000000000,142.625000000000000,1
457,13921,33094,-6.625000000000000,142.625000000000000,1
458,13922,33095,-8.625000000000000,142.625000000000000,1
459,13941,33151,-4.625000000000000,142.875000000000000,1
460,13942,33152,-6.625000000000000,142.875000000000000,1
461,13943,33153,-8.625000000000000,142.875000000000000,1
462,13961,33209,-4.625000000000000,143.125000000000000,1
463,13962,33210,-6.625000000000000,143.125000000000000,1
464,13963,33211,-8.625000000000000,143.125000000000000,1
465,13980,33267,-4.625000000000000,143.375000000000000,1
466,13981,33268,-6.625000000000000,143.375000000000000,1
467,13998,33325,-4.625000000000000,143.625000000000000,1
468,13999,33326,-6.625000000000000,143.625000000000000,1
469,14013,33383,-4.625000000000000,143.875000000000000,1
470,14014,33384,-6.625000000000000,143.875000000000000,1
471,14027,33441,-4.625000000000000,144.125000000000000,1
472,14028,33442,-6.625000000000000,144.125000000000000,1
473,14040,33499,-4.625000000000000,144.375000000000000,1
474,14041,33500,-6.625000000000000,144.375000000000000,1
475,14054,33557,-4.625000000000000,144.625000000000000,1
476,14055,33558,-6.625000000000000,144.625000000000000,1
477,14067,33615,-4.625000000000000,144.875000000000000,1
478,14068,33616,-6.625000000000000,144.875000000000000,1
479,14080,33673,-4.625000000000000,145.125000000000000,1
480,14081,33674,-6.625000000000000,145.125000000000000,1
481,14093,33731,-4.625000000000000,145.375000000000000,1
482,14094,33732,-6.625000000000000,145.375000000000000,1
483,14106,33790,-6.625000000000000,145.625000000000000,1
484,14118,33848,-6.625000000000000,145.875000000000000,1
485,14131,33906,-6.625000000000000,146.125000000000000,1