FID,OBJECTID,field,Var1,Var2,value
0,18078,66871,-48.625000000000000,-71.875000000000000,1
1,18110,66929,-48.625000000000000,-71.625000000000000,1
2,18111,66930,-50.625000000000000,-71.625000000000000,1
3,18140,66986,-46.625000000000000,-71.375000000000000,1
4,18141,66987,-48.625000000000000,-71.375000000000000,1
5,18142,66988,-50.625000000000000,-71.375000000000000,1
6,18179,67044,-46.625000000000000,-71.125000000000000,1
7,18180,67045,-48.625000000000000,-71.125000000000000,1
8,18181,67046,-50.625000000000000,-71.125000000000000,1
9,18218,67101,-44.625000000000000,-70.875000000000000,1
10,18219,67102,-46.625000000000000,-70.875000000000000,1
11,18220,67103,-48.625000000000000,-70.875000000000000,1
12,18221,67104,-50.625000000000000,-70.875000000000000,1
13,18257,67158,-42.625000000000000,-70.625000000000000,1
14,18258,67159,-44.625000000000000,-70.625000000000000,1
15,18259,67160,-46.625000000000000,-70.625000000000000,1
16,18260,67161,-48.625000000000000,-70.625000000000000,1
17,18261,67162,-50.625000000000000,-70.625000000000000,1
18,18296,67216,-42.625000000000000,-70.375000000000000,1
19,18297,67217,-44.625000000000000,-70.375000000000000,1
20,18298,67218,-46.625000000000000,-70.375000000000000,1
21,18299,67219,-48.625000000000000,-70.375000000000000,1
22,18300,67220,-50.625000000000000,-70.375000000000000,1
23,18334,67273,-40.625000000000000,-70.125000000000000,1
24,18335,67274,-42.625000000000000,-70.125000000000000,1
25,18336,67275,-44.625000000000000,-70.125000000000000,1
26,18337,67276,-46.625000000000000,-70.125000000000000,1
27,18338,67277,-48.625000000000000,-70.125000000000000,1
28,18339,67278,-50.625000000000000,-70.125000000000000,1
29,18340,67279,-52.625000000000000,-70.125000000000000,1
30,18373,67330,-38.625000000000000,-69.875000000000000,1
31,18374,67331,-40.625000000000000,-69.875000000000000,1
32,18375,67332,-42.625000000000000,-69.875000000000000,1
33,18376,67333,-44.625000000000000,-69.875000000000000,1
34,18377,67334,-46.625000000000000,-69.875000000000000,1
35,18378,67335,-48.625000000000000,-69.875000000000000,1
36,18379,67336,-50.625000000000000,-69.875000000000000,1
37,18380,67337,-52.625000000000000,-69.875000000000000,1
38,18412,67388,-38.625000000000000,-69.625000000000000,1
39,18413,67389,-40.625000000000000,-69.625000000000000,1
40,18414,67390,-42.625000000000000,-69.625000000000000,1
41,18415,67391,-44.625000000000000,-69.625000000000000,1
42,18416,67392,-46.625000000000000,-69.625000000000000,1
43,18417,67393,-48.625000000000000,-69.625000000000000,1
44,18418,67394,-50.625000000000000,-69.625000000000000,1
45,18419,67395,-52.625000000000000,-69.625000000000000,1
46,18450,67445,-36.625000000000000,-69.375000000000000,1
47,18451,67446,-38.625000000000000,-69.375000000000000,1
48,18452,67447,-40.625000000000000,-69.375000000000000,1
49,18453,67448,-42.625000000000000,-69.375000000000000,1
50,18454,67449,-44.625000000000000,-69.375000000000000,1
51,18455,67450,-46.625000000000000,-69.375000000000000,1
52,18456,67451,-48.625000000000000,-69.375000000000000,1
53,18457,67452,-50.625000000000000,-69.375000000000000,1
54,18458,67453,-52.625000000000000,-69.375000000000000,1
55,18488,67502,-34.625000000000000,-69.125000000000000,1
56,18489,67503,-36.625000000000000,-69.125000000000000,1
57,18490,67504,-38.625000000000000,-69.125000000000000,1
58,18491,67505,-40.625000000000000,-69.125000000000000,1
59,18492,67506,-42.625000000000000,-69.125000000000000,1
60,18493,67507,-44.625000000000000,-69.125000000000000,1
61,18494,67508,-46.625000000000000,-69.125000000000000,1
62,18495,67509,-48.625000000000000,-69.125000000000000,1
63,18496,67510,-50.625000000000000,-69.125000000000000,1
64,18497,67511,-52.625000000000000,-69.125000000000000,1
65,18527,67560,-34.625000000000000,-68.875000000000000,1
66,18528,67561,-36.625000000000000,-68.875000000000000,1
67,18529,67562,-38.625000000000000,-68.875000000000000,1
68,18530,67563,-40.625000000000000,-68.875000000000000,1
69,18531,67564,-42.625000000000000,-68.875000000000000,1
70,18532,67565,-44.625000000000000,-68.875000000000000,1
71,18533,67566,-46.625000000000000,-68.875000000000000,1
72,18534,67567,-48.625000000000000,-68.875000000000000,1
73,18535,67568,-50.625000000000000,-68.875000000000000,1
74,18536,67569,-52.625000000000000,-68.875000000000000,1
75,18566,67617,-32.625000000000000,-68.625000000000000,1
76,18567,67618,-34.625000000000000,-68.625000000000000,1
77,18568,67619,-36.625000000000000,-68.625000000000000,1
78,18569,67620,-38.625000000000000,-68.625000000000000,1
79,18570,67621,-40.625000000000000,-68.625000000000000,1
80,18571,67622,-42.625000000000000,-68.625000000000000,1
81,18572,67623,-44.625000000000000,-68.625000000000000,1
82,18573,67624,-46.625000000000000,-68.625000000000000,1
83,18574,67625,-48.625000000000000,-68.625000000000000,1
84,18575,67626,-50.625000000000000,-68.625000000000000,1
85,18603,67674,-30.625000000000000,-68.375000000000000,1
86,18604,67675,-32.625000000000000,-68.375000000000000,1
87,18605,67676,-34.625000000000000,-68.375000000000000,1
88,18606,67677,-36.625000000000000,-68.375000000000000,1
89,18607,67678,-38.625000000000000,-68.375000000000000,1
90,18608,67679,-40.625000000000000,-68.375000000000000,1
91,18609,67680,-42.625000000000000,-68.375000000000000,1
92,18610,67681,-44.625000000000000,-68.375000000000000,1
93,18611,67682,-46.625000000000000,-68.375000000000000,1
94,18612,67683,-48.625000000000000,-68.375000000000000,1
95,18613,67684,-50.625000000000000,-68.375000000000000,1
96,18641,67732,-30.625000000000000,-68.125000000000000,1
97,18642,67733,-32.625000000000000,-68.125000000000000,1
98,18643,67734,-34.625000000000000,-68.125000000000000,1
99,18644,67735,-36.625000000000000,-68.125000000000000,1
100,18645,67736,-38.625000000000000,-68.125000000000000,1
101,18646,67737,-40.625000000000000,-68.125000000000000,1
102,18647,67738,-42.625000000000000,-68.125000000000000,1
103,18648,67739,-44.625000000000000,-68.125000000000000,1
104,18649,67740,-46.625000000000000,-68.125000000000000,1
105,18650,67741,-48.625000000000000,-68.125000000000000,1
106,18651,67742,-50.625000000000000,-68.125000000000000,1
107,18678,67789,-28.625000000000000,-67.875000000000000,1
108,18679,67790,-30.625000000000000,-67.875000000000000,1
109,18680,67791,-32.625000000000000,-67.875000000000000,1
110,18681,67792,-34.625000000000000,-67.875000000000000,1
111,18682,67793,-36.625000000000000,-67.875000000000000,1
112,18683,67794,-38.625000000000000,-67.875000000000000,1
113,18684,67795,-40.625000000000000,-67.875000000000000,1
114,18685,67796,-42.625000000000000,-67.875000000000000,1
115,18686,67797,-44.625000000000000,-67.875000000000000,1
116,18687,67798,-46.625000000000000,-67.875000000000000,1
117,18688,67799,-48.625000000000000,-67.875000000000000,1
118,18689,67800,-50.625000000000000,-67.875000000000000,1
119,18715,67846,-26.625000000000000,-67.625000000000000,1
120,18716,67847,-28.625000000000000,-67.625000000000000,1
121,18717,67848,-30.625000000000000,-67.625000000000000,1
122,18718,67849,-32.625000000000000,-67.625000000000000,1
123,18719,67850,-34.625000000000000,-67.625000000000000,1
124,18720,67851,-36.625000000000000,-67.625000000000000,1
125,18721,67852,-38.625000000000000,-67.625000000000000,1
126,18722,67853,-40.625000000000000,-67.625000000000000,1
127,18723,67854,-42.625000000000000,-67.625000000000000,1
128,18724,67855,-44.625000000000000,-67.625000000000000,1
129,18725,67856,-46.625000000000000,-67.625000000000000,1
130,18726,67857,-48.625000000000000,-67.625000000000000,1
131,18727,67858,-50.625000000000000,-67.625000000000000,1
132,18753,67904,-26.625000000000000,-67.375000000000000,1
133,18754,67905,-28.625000000000000,-67.375000000000000,1
134,18755,67906,-30.625000000000000,-67.375000000000000,1
135,18756,67907,-32.625000000000000,-67.375000000000000,1
136,18757,67908,-34.625000000000000,-67.375000000000000,1
137,18758,67909,-36.625000000000000,-67.375000000000000,1
138,18759,67910,-38.625000000000000,-67.375000000000000,1
139,18760,67911,-40.625000000000000,-67.375000000000000,1
140,18761,67912,-42.625000000000000,-67.375000000000000,1
141,18762,67913,-44.625000000000000,-67.375000000000000,1
142,18763,67914,-46.625000000000000,-67.375000000000000,1
143,18764,67915,-48.625000000000000,-67.375000000000000,1
144,18765,67916,-50.625000000000000,-67.375000000000000,1
145,18789,67961,-24.625000000000000,-67.125000000000000,1
146,18790,67962,-26.625000000000000,-67.125000000000000,1
147,18791,67963,-28.625000000000000,-67.125000000000000,1
148,18792,67964,-30.625000000000000,-67.125000000000000,1
149,18793,67965,-32.625000000000000,-67.125000000000000,1
150,18794,67966,-34.625000000000000,-67.125000000000000,1
151,18795,67967,-36.625000000000000,-67.125000000000000,1
152,18796,67968,-38.625000000000000,-67.125000000000000,1
153,18797,67969,-40.625000000000000,-67.125000000000000,1
154,18798,67970,-42.625000000000000,-67.125000000000000,1
155,18799,67971,-44.625000000000000,-67.125000000000000,1
156,18800,67972,-46.625000000000000,-67.125000000000000,1
157,18801,67973,-48.625000000000000,-67.125000000000000,1
158,18802,67974,-50.625000000000000,-67.125000000000000,1
159,18825,68018,-22.625000000000000,-66.875000000000000,1
160,18826,68019,-24.625000000000000,-66.875000000000000,1
161,18827,68020,-26.625000000000000,-66.875000000000000,1
162,18828,68021,-28.625000000000000,-66.875000000000000,1
163,18829,68022,-30.625000000000000,-66.875000000000000,1
164,18830,68023,-32.625000000000000,-66.875000000000000,1
165,18831,68024,-34.625000000000000,-66.875000000000000,1
166,18832,68025,-36.625000000000000,-66.875000000000000,1
167,18833,68026,-38.625000000000000,-66.875000000000000,1
168,18834,68027,-40.625000000000000,-66.875000000000000,1
169,18835,68028,-42.625000000000000,-66.875000000000000,1
170,18836,68029,-44.625000000000000,-66.875000000000000,1
171,18837,68030,-46.625000000000000,-66.875000000000000,1
172,18838,68031,-48.625000000000000,-66.875000000000000,1
173,18839,68032,-50.625000000000000,-66.875000000000000,1
174,18862,68076,-22.625000000000000,-66.625000000000000,1
175,18863,68077,-24.625000000000000,-66.625000000000000,1
176,18864,68078,-26.625000000000000,-66.625000000000000,1
177,18865,68079,-28.625000000000000,-66.625000000000000,1
178,18866,68080,-30.625000000000000,-66.625000000000000,1
179,18867,68081,-32.625000000000000,-66.625000000000000,1
180,18868,68082,-34.625000000000000,-66.625000000000000,1
181,18869,68083,-36.625000000000000,-66.625000000000000,1
182,18870,68084,-38.625000000000000,-66.625000000000000,1
183,18871,68085,-40.625000000000000,-66.625000000000000,1
184,18872,68086,-42.625000000000000,-66.625000000000000,1
185,18873,68087,-44.625000000000000,-66.625000000000000,1
186,18874,68088,-46.625000000000000,-66.625000000000000,1
187,18875,68089,-48.625000000000000,-66.625000000000000,1
188,18876,68090,-50.625000000000000,-66.625000000000000,1
189,18898,68133,-20.625000000000000,-66.375000000000000,1
190,18899,68134,-22.625000000000000,-66.375000000000000,1
191,18900,68135,-24.625000000000000,-66.375000000000000,1
192,18901,68136,-26.625000000000000,-66.375000000000000,1
193,18902,68137,-28.625000000000000,-66.375000000000000,1
194,18903,68138,-30.625000000000000,-66.375000000000000,1
195,18904,68139,-32.625000000000000,-66.375000000000000,1
196,18905,68140,-34.625000000000000,-66.375000000000000,1
197,18906,68141,-36.625000000000000,-66.375000000000000,1
198,18907,68142,-38.625000000000000,-66.375000000000000,1
199,18908,68143,-40.625000000000000,-66.375000000000000,1
200,18909,68144,-42.625000000000000,-66.375000000000000,1
201,18910,68145,-44.625000000000000,-66.375000000000000,1
202,18911,68146,-46.625000000000000,-66.375000000000000,1
203,18912,68147,-48.625000000000000,-66.375000000000000,1
204,18913,68148,-50.625000000000000,-66.375000000000000,1
205,18933,68191,-20.625000000000000,-66.125000000000000,1
206,18934,68192,-22.625000000000000,-66.125000000000000,1
207,18935,68193,-24.625000000000000,-66.125000000000000,1
208,18936,68194,-26.625000000000000,-66.125000000000000,1
209,18937,68195,-28.625000000000000,-66.125000000000000,1
210,18938,68196,-30.625000000000000,-66.125000000000000,1
211,18939,68197,-32.625000000000000,-66.125000000000000,1
212,18940,68198,-34.625000000000000,-66.125000000000000,1
213,18941,68199,-36.625000000000000,-66.125000000000000,1
214,18942,68200,-38.625000000000000,-66.125000000000000,1
215,18943,68201,-40.625000000000000,-66.125000000000000,1
216,18964,68249,-20.625000000000000,-65.875000000000000,1
217,18965,68250,-22.625000000000000,-65.875000000000000,1
218,18966,68251,-24.625000000000000,-65.875000000000000,1
219,18967,68252,-26.625000000000000,-65.875000000000000,1
220,18968,68253,-28.625000000000000,-65.875000000000000,1
221,18969,68254,-30.625000000000000,-65.875000000000000,1
222,18970,68255,-32.625000000000000,-65.875000000000000,1
223,18971,68256,-34.625000000000000,-65.875000000000000,1
224,18972,68257,-36.625000000000000,-65.875000000000000,1
225,18973,68258,-38.625000000000000,-65.875000000000000,1
226,18974,68259,-40.625000000000000,-65.875000000000000,1
227,18995,68307,-20.625000000000000,-65.625000000000000,1
228,18996,68308,-22.625000000000000,-65.625000000000000,1
229,18997,68309,-24.625000000000000,-65.625000000000000,1
230,18998,68310,-26.625000000000000,-65.625000000000000,1
231,18999,68311,-28.625000000000000,-65.625000000000000,1
232,19000,68312,-30.625000000000000,-65.625000000000000,1
233,19001,68313,-32.625000000000000,-65.625000000000000,1
234,19002,68314,-34.625000000000000,-65.625000000000000,1
235,19003,68315,-36.625000000000000,-65.625000000000000,1
236,19004,68316,-38.625000000000000,-65.625000000000000,1
237,19005,68317,-40.625000000000000,-65.625000000000000,1
238,19026,68365,-20.625000000000000,-65.375000000000000,1
239,19027,68366,-22.625000000000000,-65.375000000000000,1
240,19028,68367,-24.625000000000000,-65.375000000000000,1
241,19029,68368,-26.625000000000000,-65.375000000000000,1
242,19030,68369,-28.625000000000000,-65.375000000000000,1
243,19031,68370,-30.625000000000000,-65.375000000000000,1
244,19032,68371,-32.625000000000000,-65.375000000000000,1
245,19033,68372,-34.625000000000000,-65.375000000000000,1
246,19034,68373,-36.625000000000000,-65.375000000000000,1
247,19035,68374,-38.625000000000000,-65.375000000000000,1
248,19036,68375,-40.625000000000000,-65.375000000000000,1
249,19057,68423,-20.625000000000000,-65.125000000000000,1
250,19058,68424,-22.625000000000000,-65.125000000000000,1
251,19059,68425,-24.625000000000000,-65.125000000000000,1
252,19060,68426,-26.625000000000000,-65.125000000000000,1
253,19061,68427,-28.625000000000000,-65.125000000000000,1
254,19062,68428,-30.625000000000000,-65.125000000000000,1
255,19063,68429,-32.625000000000000,-65.125000000000000,1
256,19064,68430,-34.625000000000000,-65.125000000000000,1
257,19065,68431,-36.625000000000000,-65.125000000000000,1
258,19066,68432,-38.625000000000000,-65.125000000000000,1
259,19067,68433,-40.625000000000000,-65.125000000000000,1
260,19089,68481,-20.625000000000000,-64.875000000000000,1
261,19090,68482,-22.625000000000000,-64.875000000000000,1
262,19091,68483,-24.625000000000000,-64.875000000000000,1
263,19092,68484,-26.625000000000000,-64.875000000000000,1
264,19093,68485,-28.625000000000000,-64.875000000000000,1
265,19094,68486,-30.625000000000000,-64.875000000000000,1
266,19095,68487,-32.625000000000000,-64.875000000000000,1
267,19096,68488,-34.625000000000000,-64.875000000000000,1
268,19097,68489,-36.625000000000000,-64.875000000000000,1
269,19098,68490,-38.625000000000000,-64.875000000000000,1
270,19099,68491,-40.625000000000000,-64.875000000000000,1
271,19120,68539,-20.625000000000000,-64.625000000000000,1
272,19121,68540,-22.625000000000000,-64.625000000000000,1
273,19122,68541,-24.625000000000000,-64.625000000000000,1
274,19123,68542,-26.625000000000000,-64.625000000000000,1
275,19124,68543,-28.625000000000000,-64.625000000000000,1
276,19125,68544,-30.625000000000000,-64.625000000000000,1
277,19126,68545,-32.625000000000000,-64.625000000000000,1
278,19127,68546,-34.625000000000000,-64.625000000000000,1
279,19128,68547,-36.625000000000000,-64.625000000000000,1
280,19129,68548,-38.625000000000000,-64.625000000000000,1
281,19130,68549,-40.625000000000000,-64.625000000000000,1
282,19151,68597,-20.625000000000000,-64.375000000000000,1
283,19152,68598,-22.625000000000000,-64.375000000000000,1
284,19153,68599,-24.625000000000000,-64.375000000000000,1
285,19154,68600,-26.625000000000000,-64.375000000000000,1
286,19155,68601,-28.625000000000000,-64.375000000000000,1
287,19156,68602,-30.625000000000000,-64.375000000000000,1
288,19157,68603,-32.625000000000000,-64.375000000000000,1
289,19158,68604,-34.625000000000000,-64.375000000000000,1
290,19159,68605,-36.625000000000000,-64.375000000000000,1
291,19160,68606,-38.625000000000000,-64.375000000000000,1
292,19161,68607,-40.625000000000000,-64.375000000000000,1
293,19182,68655,-20.625000000000000,-64.125000000000000,1
294,19183,68656,-22.625000000000000,-64.125000000000000,1
295,19184,68657,-24.625000000000000,-64.125000000000000,1
296,19185,68658,-26.625000000000000,-64.125000000000000,1
297,19186,68659,-28.625000000000000,-64.125000000000000,1
298,19187,68660,-30.625000000000000,-64.125000000000000,1
299,19188,68661,-32.625000000000000,-64.125000000000000,1
300,19189,68662,-34.625000000000000,-64.125000000000000,1
301,19190,68663,-36.625000000000000,-64.125000000000000,1
302,19191,68664,-38.625000000000000,-64.125000000000000,1
303,19192,68665,-40.625000000000000,-64.125000000000000,1
304,19213,68713,-20.625000000000000,-63.875000000000000,1
305,19214,68714,-22.625000000000000,-63.875000000000000,1
306,19215,68715,-24.625000000000000,-63.875000000000000,1
307,19216,68716,-26.625000000000000,-63.875000000000000,1
308,19217,68717,-28.625000000000000,-63.875000000000000,1
309,19218,68718,-30.625000000000000,-63.875000000000000,1
310,19219,68719,-32.625000000000000,-63.875000000000000,1
311,19220,68720,-34.625000000000000,-63.875000000000000,1
312,19221,68721,-36.625000000000000,-63.875000000000000,1
313,19222,68722,-38.625000000000000,-63.875000000000000,1
314,19223,68723,-40.625000000000000,-63.875000000000000,1
315,19243,68771,-20.625000000000000,-63.625000000000000,1
316,19244,68772,-22.625000000000000,-63.625000000000000,1
317,19245,68773,-24.625000000000000,-63.625000000000000,1
318,19246,68774,-26.625000000000000,-63.625000000000000,1
319,19247,68775,-28.625000000000000,-63.625000000000000,1
320,19248,68776,-30.625000000000000,-63.625000000000000,1
321,19249,68777,-32.625000000000000,-63.625000000000000,1
322,19250,68778,-34.625000000000000,-63.625000000000000,1
323,19251,68779,-36.625000000000000,-63.625000000000000,1
324,19252,68780,-38.625000000000000,-63.625000000000000,1
325,19253,68781,-40.625000000000000,-63.625000000000000,1
326,19275,68829,-20.625000000000000,-63.375000000000000,1
327,19276,68830,-22.625000000000000,-63.375000000000000,1
328,19277,68831,-24.625000000000000,-63.375000000000000,1
329,19278,68832,-26.625000000000000,-63.375000000000000,1
330,19279,68833,-28.625000000000000,-63.375000000000000,1
331,19280,68834,-30.625000000000000,-63.375000000000000,1
332,19281,68835,-32.625000000000000,-63.375000000000000,1
333,19282,68836,-34.625000000000000,-63.375000000000000,1
334,19283,68837,-36.625000000000000,-63.375000000000000,1
335,19284,68838,-38.625000000000000,-63.375000000000000,1
336,19285,68839,-40.625000000000000,-63.375000000000000,1
337,19307,68887,-20.625000000000000,-63.125000000000000,1
338,19308,68888,-22.625000000000000,-63.125000000000000,1
339,19309,68889,-24.625000000000000,-63.125000000000000,1
340,19310,68890,-26.625000000000000,-63.125000000000000,1
341,19311,68891,-28.625000000000000,-63.125000000000000,1
342,19312,68892,-30.625000000000000,-63.125000000000000,1
343,19313,68893,-32.625000000000000,-63.125000000000000,1
344,19314,68894,-34.625000000000000,-63.125000000000000,1
345,19315,68895,-36.625000000000000,-63.125000000000000,1
346,19316,68896,-38.625000000000000,-63.125000000000000,1
347,19317,68897,-40.625000000000000,-63.125000000000000,1
348,19339,68945,-20.625000000000000,-62.875000000000000,1
349,19340,68946,-22.625000000000000,-62.875000000000000,1
350,19341,68947,-24.625000000000000,-62.875000000000000,1
351,19342,68948,-26.625000000000000,-62.875000000000000,1
352,19343,68949,-28.625000000000000,-62.875000000000000,1
353,19344,68950,-30.625000000000000,-62.875000000000000,1
354,19345,68951,-32.625000000000000,-62.875000000000000,1
355,19346,68952,-34.625000000000000,-62.875000000000000,1
356,19347,68953,-36.625000000000000,-62.875000000000000,1
357,19348,68954,-38.625000000000000,-62.875000000000000,1
358,19349,68955,-40.625000000000000,-62.875000000000000,1
359,19371,69003,-20.625000000000000,-62.625000000000000,1
360,19372,69004,-22.625000000000000,-62.625000000000000,1
361,19373,69005,-24.625000000000000,-62.625000000000000,1
362,19374,69006,-26.625000000000000,-62.625000000000000,1
363,19375,69007,-28.625000000000000,-62.625000000000000,1
364,19376,69008,-30.625000000000000,-62.625000000000000,1
365,19377,69009,-32.625000000000000,-62.625000000000000,1
366,19378,69010,-34.625000000000000,-62.625000000000000,1
367,19379,69011,-36.625000000000000,-62.625000000000000,1
368,19380,69012,-38.625000000000000,-62.625000000000000,1
369,19381,69013,-40.625000000000000,-62.625000000000000,1
370,19403,69061,-20.625000000000000,-62.375000000000000,1
371,19404,69062,-22.625000000000000,-62.375000000000000,1
372,19405,69063,-24.625000000000000,-62.375000000000000,1
373,19406,69064,-26.625000000000000,-62.375000000000000,1
374,19407,69065,-28.625000000000000,-62.375000000000000,1
375,19408,69066,-30.625000000000000,-62.375000000000000,1
376,19409,69067,-32.625000000000000,-62.375000000000000,1
377,19410,69068,-34.625000000000000,-62.375000000000000,1
378,19411,69069,-36.625000000000000,-62.375000000000000,1
379,19412,69070,-38.625000000000000,-62.375000000000000,1
380,19413,69071,-40.625000000000000,-62.375000000000000,1
381,19435,69119,-20.625000000000000,-62.125000000000000,1
382,19436,69120,-22.625000000000000,-62.125000000000000,1
383,19437,69121,-24.625000000000000,-62.125000000000000,1
384,19438,69122,-26.625000000000000,-62.125000000000000,1
385,19439,69123,-28.625000000000000,-62.125000000000000,1
386,19440,69124,-30.625000000000000,-62.125000000000000,1
387,19441,69125,-32.625000000000000,-62.125000000000000,1
388,19442,69126,-34.625000000000000,-62.125000000000000,1
389,19443,69127,-36.625000000000000,-62.125000000000000,1
390,19444,69128,-38.625000000000000,-62.125000000000000,1
391,19445,69129,-40.625000000000000,-62.125000000000000,1
392,19466,69177,-20.625000000000000,-61.875000000000000,1
393,19467,69178,-22.625000000000000,-61.875000000000000,1
394,19468,69179,-24.625000000000000,-61.875000000000000,1
395,19469,69180,-26.625000000000000,-61.875000000000000,1
396,19470,69181,-28.625000000000000,-61.875000000000000,1
397,19471,69182,-30.625000000000000,-61.875000000000000,1
398,19472,69183,-32.625000000000000,-61.875000000000000,1
399,19473,69184,-34.625000000000000,-61.875000000000000,1
400,19474,69185,-36.625000000000000,-61.875000000000000,1
401,19475,69186,-38.625000000000000,-61.875000000000000,1
402,19476,69187,-40.625000000000000,-61.875000000000000,1
403,19496,69235,-20.625000000000000,-61.625000000000000,1
404,19497,69236,-22.625000000000000,-61.625000000000000,1
405,19498,69237,-24.625000000000000,-61.625000000000000,1
406,19499,69238,-26.625000000000000,-61.625000000000000,1
407,19500,69239,-28.625000000000000,-61.625000000000000,1
408,19501,69240,-30.625000000000000,-61.625000000000000,1
409,19502,69241,-32.625000000000000,-61.625000000000000,1
410,19503,69242,-34.625000000000000,-61.625000000000000,1
411,19504,69243,-36.625000000000000,-61.625000000000000,1
412,19505,69244,-38.625000000000000,-61.625000000000000,1
413,19506,69245,-40.625000000000000,-61.625000000000000,1
414,19525,69293,-20.625000000000000,-61.375000000000000,1
415,19526,69294,-22.625000000000000,-61.375000000000000,1
416,19527,69295,-24.625000000000000,-61.375000000000000,1
417,19528,69296,-26.625000000000000,-61.375000000000000,1
418,19529,69297,-28.625000000000000,-61.375000000000000,1
419,19530,69298,-30.625000000000000,-61.375000000000000,1
420,19531,69299,-32.625000000000000,-61.375000000000000,1
421,19532,69300,-34.625000000000000,-61.375000000000000,1
422,19533,69301,-36.625000000000000,-61.375000000000000,1
423,19534,69302,-38.625000000000000,-61.375000000000000,1
424,19535,69303,-40.625000000000000,-61.375000000000000,1
425,19552,69351,-20.625000000000000,-61.125000000000000,1
426,19553,69352,-22.625000000000000,-61.125000000000000,1
427,19554,69353,-24.625000000000000,-61.125000000000000,1
428,19555,69354,-26.625000000000000,-61.125000000000000,1
429,19556,69355,-28.625000000000000,-61.125000000000000,1
430,19557,69356,-30.625000000000000,-61.125000000000000,1
431,19558,69357,-32.625000000000000,-61.125000000000000,1
432,19559,69358,-34.625000000000000,-61.125000000000000,1
433,19560,69359,-36.625000000000000,-61.125000000000000,1
434,19561,69360,-38.625000000000000,-61.125000000000000,1
435,19578,69409,-20.625000000000000,-60.875000000000000,1
436,19579,69410,-22.625000000000000,-60.875000000000000,1
437,19580,69411,-24.625000000000000,-60.875000000000000,1
438,19581,69412,-26.625000000000000,-60.875000000000000,1
439,19582,69413,-28.625000000000000,-60.875000000000000,1
440,19583,69414,-30.625000000000000,-60.875000000000000,1
441,19584,69415,-32.625000000000000,-60.875000000000000,1
442,19585,69416,-34.625000000000000,-60.875000000000000,1
443,19586,69417,-36.625000000000000,-60.875000000000000,1
444,19587,69418,-38.625000000000000,-60.875000000000000,1
445,19604,69467,-20.625000000000000,-60.625000000000000,1
446,19605,69468,-22.625000000000000,-60.625000000000000,1
447,19606,69469,-24.625000000000000,-60.625000000000000,1
448,19607,69470,-26.625000000000000,-60.625000000000000,1
449,19608,69471,-28.625000000000000,-60.625000000000000,1
450,19609,69472,-30.625000000000000,-60.625000000000000,1
451,19610,69473,-32.625000000000000,-60.625000000000000,1
452,19611,69474,-34.625000000000000,-60.625000000000000,1
453,19612,69475,-36.625000000000000,-60.625000000000000,1
454,19613,69476,-38.625000000000000,-60.625000000000000,1
455,19630,69525,-20.625000000000000,-60.375000000000000,1
456,19631,69526,-22.625000000000000,-60.375000000000000,1
457,19632,69527,-24.625000000000000,-60.375000000000000,1
458,19633,69528,-26.625000000000000,-60.375000000000000,1
459,19634,69529,-28.625000000000000,-60.375000000000000,1
460,19635,69530,-30.625000000000000,-60.375000000000000,1
461,19636,69531,-32.625000000000000,-60.375000000000000,1
462,19637,69532,-34.625000000000000,-60.375000000000000,1
463,19638,69533,-36.625000000000000,-60.375000000000000,1
464,19639,69534,-38.625000000000000,-60.375000000000000,1
465,19655,69583,-20.625000000000000,-60.125000000000000,1
466,19656,69584,-22.625000000000000,-60.125000000000000,1
467,19657,69585,-24.625000000000000,-60.125000000000000,1
468,19658,69586,-26.625000000000000,-60.125000000000000,1
469,19659,69587,-28.625000000000000,-60.125000000000000,1
470,19660,69588,-30.625000000000000,-60.125000000000000,1
471,19661,69589,-32.625000000000000,-60.125000000000000,1
472,19662,69590,-34.625000000000000,-60.125000000000000,1
473,19663,69591,-36.625000000000000,-60.125000000000000,1
474,19664,69592,-38.625000000000000,-60.125000000000000,1
475,19681,69641,-20.625000000000000,-59.875000000000000,1
476,19682,69642,-22.625000000000000,-59.875000000000000,1
477,19683,69643,-24.625000000000000,-59.875000000000000,1
478,19684,69644,-26.625000000000000,-59.875000000000000,1
479,19685,69645,-28.625000000000000,-59.875000000000000,1
480,19686,69646,-30.625000000000000,-59.875000000000000,1
481,19687,69647,-32.625000000000000,-59.875000000000000,1
482,19688,69648,-34.625000000000000,-59.875000000000000,1
483,19689,69649,-36.625000000000000,-59.875000000000000,1
484,19690,69650,-38.625000000000000,-59.875000000000000,1
485,19707,69699,-20.625000000000000,-59.625000000000000,1
486,19708,69700,-22.625000000000000,-59.625000000000000,1
487,19709,69701,-24.625000000000000,-59.625000000000000,1
488,19710,69702,-26.625000000000000,-59.625000000000000,1
489,19711,69703,-28.625000000000000,-59.625000000000000,1
490,19712,69704,-30.625000000000000,-59.625000000000000,1
491,19713,69705,-32.625000000000000,-59.625000000000000,1
492,19714,69706,-34.625000000000000,-59.625000000000000,1
493,19715,69707,-36.625000000000000,-59.625000000000000,1
494,19716,69708,-38.625000000000000,-59.625000000000000,1
495,19733,69757,-20.625000000000000,-59.375000000000000,1
496,19734,69758,-22.625000000000000,-59.375000000000000,1
497,19735,69759,-24.625000000000000,-59.375000000000000,1
498,19736,69760,-26.625000000000000,-59.375000000000000,1
499,19737,69761,-28.625000000000000,-59.375000000000000,1
500,19738,69762,-30.625000000000000,-59.375000000000000,1
501,19739,69763,-32.625000000000000,-59.375000000000000,1
502,19740,69764,-34.625000000000000,-59.375000000000000,1
503,19741,69765,-36.625000000000000,-59.375000000000000,1
504,19742,69766,-38.625000000000000,-59.375000000000000,1
505,19759,69815,-20.625000000000000,-59.125000000000000,1
506,19760,69816,-22.625000000000000,-59.125000000000000,1
507,19761,69817,-24.625000000000000,-59.125000000000000,1
508,19762,69818,-26.625000000000000,-59.125000000000000,1
509,19763,69819,-28.625000000000000,-59.125000000000000,1
510,19764,69820,-30.625000000000000,-59.125000000000000,1
511,19765,69821,-32.625000000000000,-59.125000000000000,1
512,19766,69822,-34.625000000000000,-59.125000000000000,1
513,19767,69823,-36.625000000000000,-59.125000000000000,1
514,19768,69824,-38.625000000000000,-59.125000000000000,1
515,19785,69873,-20.625000000000000,-58.875000000000000,1
516,19786,69874,-22.625000000000000,-58.875000000000000,1
517,19787,69875,-24.625000000000000,-58.875000000000000,1
518,19788,69876,-26.625000000000000,-58.875000000000000,1
519,19789,69877,-28.625000000000000,-58.875000000000000,1
520,19790,69878,-30.625000000000000,-58.875000000000000,1
521,19791,69879,-32.625000000000000,-58.875000000000000,1
522,19792,69880,-34.625000000000000,-58.875000000000000,1
523,19793,69881,-36.625000000000000,-58.875000000000000,1
524,19794,69882,-38.625000000000000,-58.875000000000000,1
525,19810,69931,-20.625000000000000,-58.625000000000000,1
526,19811,69932,-22.625000000000000,-58.625000000000000,1
527,19812,69933,-24.625000000000000,-58.625000000000000,1
528,19813,69934,-26.625000000000000,-58.625000000000000,1
529,19814,69935,-28.625000000000000,-58.625000000000000,1
530,19815,69936,-30.625000000000000,-58.625000000000000,1
531,19816,69937,-32.625000000000000,-58.625000000000000,1
532,19817,69938,-34.625000000000000,-58.625000000000000,1
533,19818,69939,-36.625000000000000,-58.625000000000000,1
534,19819,69940,-38.625000000000000,-58.625000000000000,1
535,19835,69989,-20.625000000000000,-58.375000000000000,1
536,19836,69990,-22.625000000000000,-58.375000000000000,1
537,19837,69991,-24.625000000000000,-58.375000000000000,1
538,19838,69992,-26.625000000000000,-58.375000000000000,1
539,19839,69993,-28.625000000000000,-58.375000000000000,1
540,19840,69994,-30.625000000000000,-58.375000000000000,1
541,19841,69995,-32.625000000000000,-58.375000000000000,1
542,19842,69996,-34.625000000000000,-58.375000000000000,1
543,19843,69997,-36.625000000000000,-58.375000000000000,1
544,19844,69998,-38.625000000000000,-58.375000000000000,1
545,19861,70047,-20.625000000000000,-58.125000000000000,1
546,19862,70048,-22.625000000000000,-58.125000000000000,1
547,19863,70049,-24.625000000000000,-58.125000000000000,1
548,19864,70050,-26.625000000000000,-58.125000000000000,1
549,19865,70051,-28.625000000000000,-58.125000000000000,1
550,19866,70052,-30.625000000000000,-58.125000000000000,1
551,19867,70053,-32.625000000000000,-58.125000000000000,1
552,19868,70054,-34.625000000000000,-58.125000000000000,1
553,19869,70055,-36.625000000000000,-58.125000000000000,1
554,19870,70056,-38.625000000000000,-58.125000000000000,1
555,19886,70105,-20.625000000000000,-57.875000000000000,1
556,19887,70106,-22.625000000000000,-57.875000000000000,1
557,19888,70107,-24.625000000000000,-57.875000000000000,1
558,19889,70108,-26.625000000000000,-57.875000000000000,1
559,19890,70109,-28.625000000000000,-57.875000000000000,1
560,19891,70110,-30.625000000000000,-57.875000000000000,1
561,19892,70111,-32.625000000000000,-57.875000000000000,1
562,19893,70112,-34.625000000000000,-57.875000000000000,1
563,19894,70113,-36.625000000000000,-57.875000000000000,1
564,19895,70114,-38.625000000000000,-57.875000000000000,1
565,19911,70163,-20.625000000000000,-57.625000000000000,1
566,19912,70164,-22.625000000000000,-57.625000000000000,1
567,19913,70165,-24.625000000000000,-57.625000000000000,1
568,19914,70166,-26.625000000000000,-57.625000000000000,1
569,19915,70167,-28.625000000000000,-57.625000000000000,1
570,19916,70168,-30.625000000000000,-57.625000000000000,1
571,19917,70169,-32.625000000000000,-57.625000000000000,1
572,19918,70170,-34.625000000000000,-57.625000000000000,1
573,19919,70171,-36.625000000000000,-57.625000000000000,1
574,19920,70172,-38.625000000000000,-57.625000000000000,1
575,19936,70221,-20.625000000000000,-57.375000000000000,1
576,19937,70222,-22.625000000000000,-57.375000000000000,1
577,19938,70223,-24.625000000000000,-57.375000000000000,1
578,19939,70224,-26.625000000000000,-57.375000000000000,1
579,19940,70225,-28.625000000000000,-57.375000000000000,1
580,19941,70226,-30.625000000000000,-57.375000000000000,1
581,19942,70227,-32.625000000000000,-57.375000000000000,1
582,19943,70228,-34.625000000000000,-57.375000000000000,1
583,19944,70229,-36.625000000000000,-57.375000000000000,1
584,19945,70230,-38.625000000000000,-57.375000000000000,1
585,19961,70279,-20.625000000000000,-57.125000000000000,1
586,19962,70280,-22.625000000000000,-57.125000000000000,1
587,19963,70281,-24.625000000000000,-57.125000000000000,1
588,19964,70282,-26.625000000000000,-57.125000000000000,1
589,19965,70283,-28.625000000000000,-57.125000000000000,1
590,19966,70284,-30.625000000000000,-57.125000000000000,1
591,19967,70285,-32.625000000000000,-57.125000000000000,1
592,19968,70286,-34.625000000000000,-57.125000000000000,1
593,19969,70287,-36.625000000000000,-57.125000000000000,1
594,19970,70288,-38.625000000000000,-57.125000000000000,1
595,19986,70337,-20.625000000000000,-56.875000000000000,1
596,19987,70338,-22.625000000000000,-56.875000000000000,1
597,19988,70339,-24.625000000000000,-56.875000000000000,1
598,19989,70340,-26.625000000000000,-56.875000000000000,1
599,19990,70341,-28.625000000000000,-56.875000000000000,1
600,19991,70342,-30.625000000000000,-56.875000000000000,1
601,19992,70343,-32.625000000000000,-56.875000000000000,1
602,19993,70344,-34.625000000000000,-56.875000000000000,1
603,19994,70345,-36.625000000000000,-56.875000000000000,1
604,19995,70346,-38.625000000000000,-56.875000000000000,1
605,20011,70395,-20.625000000000000,-56.625000000000000,1
606,20012,70396,-22.625000000000000,-56.625000000000000,1
607,20013,70397,-24.625000000000000,-56.625000000000000,1
608,20014,70398,-26.625000000000000,-56.625000000000000,1
609,20015,70399,-28.625000000000000,-56.625000000000000,1
610,20016,70400,-30.625000000000000,-56.625000000000000,1
611,20017,70401,-32.625000000000000,-56.625000000000000,1
612,20018,70402,-34.625000000000000,-56.625000000000000,1
613,20019,70403,-36.625000000000000,-56.625000000000000,1
614,20020,70404,-38.625000000000000,-56.625000000000000,1
615,20037,70453,-20.625000000000000,-56.375000000000000,1
616,20038,70454,-22.625000000000000,-56.375000000000000,1
617,20039,70455,-24.625000000000000,-56.375000000000000,1
618,20040,70456,-26.625000000000000,-56.375000000000000,1
619,20041,70457,-28.625000000000000,-56.375000000000000,1
620,20042,70458,-30.625000000000000,-56.375000000000000,1
621,20043,70459,-32.625000000000000,-56.375000000000000,1
622,20044,70460,-34.625000000000000,-56.375000000000000,1
623,20045,70461,-36.625000000000000,-56.375000000000000,1
624,20046,70462,-38.625000000000000,-56.375000000000000,1
625,20060,70511,-20.625000000000000,-56.125000000000000,1
626,20061,70512,-22.625000000000000,-56.125000000000000,1
627,20062,70513,-24.625000000000000,-56.125000000000000,1
628,20063,70514,-26.625000000000000,-56.125000000000000,1
629,20064,70515,-28.625000000000000,-56.125000000000000,1
630,20065,70516,-30.625000000000000,-56.125000000000000,1
631,20066,70517,-32.625000000000000,-56.125000000000000,1
632,20080,70569,-20.625000000000000,-55.875000000000000,1
633,20081,70570,-22.625000000000000,-55.875000000000000,1
634,20082,70571,-24.625000000000000,-55.875000000000000,1
635,20083,70572,-26.625000000000000,-55.875000000000000,1
636,20084,70573,-28.625000000000000,-55.875000000000000,1
637,20085,70574,-30.625000000000000,-55.875000000000000,1
638,20086,70575,-32.625000000000000,-55.875000000000000,1
639,20100,70627,-20.625000000000000,-55.625000000000000,1
640,20101,70628,-22.625000000000000,-55.625000000000000,1
641,20102,70629,-24.625000000000000,-55.625000000000000,1
642,20103,70630,-26.625000000000000,-55.625000000000000,1
643,20104,70631,-28.625000000000000,-55.625000000000000,1
644,20105,70632,-30.625000000000000,-55.625000000000000,1
645,20106,70633,-32.625000000000000,-55.625000000000000,1
646,20120,70685,-20.625000000000000,-55.375000000000000,1
647,20121,70686,-22.625000000000000,-55.375000000000000,1
648,20122,70687,-24.625000000000000,-55.375000000000000,1
649,20123,70688,-26.625000000000000,-55.375000000000000,1
650,20124,70689,-28.625000000000000,-55.375000000000000,1
651,20125,70690,-30.625000000000000,-55.375000000000000,1
652,20126,70691,-32.625000000000000,-55.375000000000000,1
653,20141,70743,-20.625000000000000,-55.125000000000000,1
654,20142,70744,-22.625000000000000,-55.125000000000000,1
655,20143,70745,-24.625000000000000,-55.125000000000000,1
656,20144,70746,-26.625000000000000,-55.125000000000000,1
657,20145,70747,-28.625000000000000,-55.125000000000000,1
658,20146,70748,-30.625000000000000,-55.125000000000000,1
659,20147,70749,-32.625000000000000,-55.125000000000000,1
660,20162,70801,-20.625000000000000,-54.875000000000000,1
661,20163,70802,-22.625000000000000,-54.875000000000000,1
662,20164,70803,-24.625000000000000,-54.875000000000000,1
663,20165,70804,-26.625000000000000,-54.875000000000000,1
664,20166,70805,-28.625000000000000,-54.875000000000000,1
665,20167,70806,-30.625000000000000,-54.875000000000000,1
666,20168,70807,-32.625000000000000,-54.875000000000000,1
667,20182,70859,-20.625000000000000,-54.625000000000000,1
668,20183,70860,-22.625000000000000,-54.625000000000000,1
669,20184,70861,-24.625000000000000,-54.625000000000000,1
670,20185,70862,-26.625000000000000,-54.625000000000000,1
671,20186,70863,-28.625000000000000,-54.625000000000000,1
672,20187,70864,-30.625000000000000,-54.625000000000000,1
673,20188,70865,-32.625000000000000,-54.625000000000000,1
674,20202,70917,-20.625000000000000,-54.375000000000000,1
675,20203,70918,-22.625000000000000,-54.375000000000000,1
676,20204,70919,-24.625000000000000,-54.375000000000000,1
677,20205,70920,-26.625000000000000,-54.375000000000000,1
678,20206,70921,-28.625000000000000,-54.375000000000000,1
679,20207,70922,-30.625000000000000,-54.375000000000000,1
680,20208,70923,-32.625000000000000,-54.375000000000000,1
681,20222,70975,-20.625000000000000,-54.125000000000000,1
682,20223,70976,-22.625000000000000,-54.125000000000000,1
683,20224,70977,-24.625000000000000,-54.125000000000000,1
684,20225,70978,-26.625000000000000,-54.125000000000000,1
685,20226,70979,-28.625000000000000,-54.125000000000000,1
686,20227,70980,-30.625000000000000,-54.125000000000000,1
687,20228,70981,-32.625000000000000,-54.125000000000000,1
688,20242,71033,-20.625000000000000,-53.875000000000000,1
689,20243,71034,-22.625000000000000,-53.875000000000000,1
690,20244,71035,-24.625000000000000,-53.875000000000000,1
691,20245,71036,-26.625000000000000,-53.875000000000000,1
692,20246,71037,-28.625000000000000,-53.875000000000000,1
693,20247,71038,-30.625000000000000,-53.875000000000000,1
694,20248,71039,-32.625000000000000,-53.875000000000000,1
695,20261,71091,-20.625000000000000,-53.625000000000000,1
696,20262,71092,-22.625000000000000,-53.625000000000000,1
697,20263,71093,-24.625000000000000,-53.625000000000000,1
698,20264,71094,-26.625000000000000,-53.625000000000000,1
699,20265,71095,-28.625000000000000,-53.625000000000000,1
700,20266,71096,-30.625000000000000,-53.625000000000000,1
701,20279,71149,-20.625000000000000,-53.375000000000000,1
702,20280,71150,-22.625000000000000,-53.375000000000000,1
703,20281,71151,-24.625000000000000,-53.375000000000000,1
704,20282,71152,-26.625000000000000,-53.375000000000000,1
705,20283,71153,-28.625000000000000,-53.375000000000000,1
706,20284,71154,-30.625000000000000,-53.375000000000000,1
707,20297,71207,-20.625000000000000,-53.125000000000000,1
708,20298,71208,-22.625000000000000,-53.125000000000000,1
709,20299,71209,-24.625000000000000,-53.125000000000000,1
710,20300,71210,-26.625000000000000,-53.125000000000000,1
711,20301,71211,-28.625000000000000,-53.125000000000000,1
712,20302,71212,-30.625000000000000,-53.125000000000000,1
713,20315,71265,-20.625000000000000,-52.875000000000000,1
714,20316,71266,-22.625000000000000,-52.875000000000000,1
715,20317,71267,-24.625000000000000,-52.875000000000000,1
716,20318,71268,-26.625000000000000,-52.875000000000000,1
717,20319,71269,-28.625000000000000,-52.875000000000000,1
718,20320,71270,-30.625000000000000,-52.875000000000000,1
719,20333,71323,-20.625000000000000,-52.625000000000000,1
720,20334,71324,-22.625000000000000,-52.625000000000000,1
721,20335,71325,-24.625000000000000,-52.625000000000000,1
722,20336,71326,-26.625000000000000,-52.625000000000000,1
723,20337,71327,-28.625000000000000,-52.625000000000000,1
724,20338,71328,-30.625000000000000,-52.625000000000000,1
725,20351,71381,-20.625000000000000,-52.375000000000000,1
726,20352,71382,-22.625000000000000,-52.375000000000000,1
727,20353,71383,-24.625000000000000,-52.375000000000000,1
728,20354,71384,-26.625000000000000,-52.375000000000000,1
729,20355,71385,-28.625000000000000,-52.375000000000000,1
730,20356,71386,-30.625000000000000,-52.375000000000000,1
731,20369,71439,-20.625000000000000,-52.125000000000000,1
732,20370,71440,-22.625000000000000,-52.125000000000000,1
733,20371,71441,-24.625000000000000,-52.125000000000000,1
734,20372,71442,-26.625000000000000,-52.125000000000000,1
735,20373,71443,-28.625000000000000,-52.125000000000000,1
736,20374,71444,-30.625000000000000,-52.125000000000000,1
737,20387,71497,-20.625000000000000,-51.875000000000000,1
738,20388,71498,-22.625000000000000,-51.875000000000000,1
739,20389,71499,-24.625000000000000,-51.875000000000000,1
740,20390,71500,-26.625000000000000,-51.875000000000000,1
741,20391,71501,-28.625000000000000,-51.875000000000000,1
742,20392,71502,-30.625000000000000,-51.875000000000000,1
743,20405,71555,-20.625000000000000,-51.625000000000000,1
744,20406,71556,-22.625000000000000,-51.625000000000000,1
745,20407,71557,-24.625000000000000,-51.625000000000000,1
746,20408,71558,-26.625000000000000,-51.625000000000000,1
747,20409,71559,-28.625000000000000,-51.625000000000000,1
748,20410,71560,-30.625000000000000,-51.625000000000000,1
749,20423,71613,-20.625000000000000,-51.375000000000000,1
750,20424,71614,-22.625000000000000,-51.375000000000000,1
751,20425,71615,-24.625000000000000,-51.375000000000000,1
752,20426,71616,-26.625000000000000,-51.375000000000000,1
753,20427,71617,-28.625000000000000,-51.375000000000000,1
754,20428,71618,-30.625000000000000,-51.375000000000000,1
755,20439,71671,-20.625000000000000,-51.125000000000000,1
756,20440,71672,-22.625000000000000,-51.125000000000000,1
757,20441,71673,-24.625000000000000,-51.125000000000000,1
758,20442,71674,-26.625000000000000,-51.125000000000000,1
759,20443,71675,-28.625000000000000,-51.125000000000000,1
760,20454,71729,-20.625000000000000,-50.875000000000000,1
761,20455,71730,-22.625000000000000,-50.875000000000000,1
762,20456,71731,-24.625000000000000,-50.875000000000000,1
763,20457,71732,-26.625000000000000,-50.875000000000000,1
764,20458,71733,-28.625000000000000,-50.875000000000000,1
765,20469,71787,-20.625000000000000,-50.625000000000000,1
766,20470,71788,-22.625000000000000,-50.625000000000000,1
767,20471,71789,-24.625000000000000,-50.625000000000000,1
768,20472,71790,-26.625000000000000,-50.625000000000000,1
769,20473,71791,-28.625000000000000,-50.625000000000000,1
770,20484,71845,-20.625000000000000,-50.375000000000000,1
771,20485,71846,-22.625000000000000,-50.375000000000000,1
772,20486,71847,-24.625000000000000,-50.375000000000000,1
773,20487,71848,-26.625000000000000,-50.375000000000000,1
774,20488,71849,-28.625000000000000,-50.375000000000000,1
775,20499,71903,-20.625000000000000,-50.125000000000000,1
776,20500,71904,-22.625000000000000,-50.125000000000000,1
777,20501,71905,-24.625000000000000,-50.125000000000000,1
778,20502,71906,-26.625000000000000,-50.125000000000000,1
779,20503,71907,-28.625000000000000,-50.125000000000000,1
780,20514,71961,-20.625000000000000,-49.875000000000000,1
781,20515,71962,-22.625000000000000,-49.875000000000000,1
782,20516,71963,-24.625000000000000,-49.875000000000000,1
783,20517,71964,-26.625000000000000,-49.875000000000000,1
784,20518,71965,-28.625000000000000,-49.875000000000000,1
785,20529,72019,-20.625000000000000,-49.625000000000000,1
786,20530,72020,-22.625000000000000,-49.625000000000000,1
787,20531,72021,-24.625000000000000,-49.625000000000000,1
788,20532,72022,-26.625000000000000,-49.625000000000000,1
789,20533,72023,-28.625000000000000,-49.625000000000000,1
790,20544,72077,-20.625000000000000,-49.375000000000000,1
791,20545,72078,-22.625000000000000,-49.375000000000000,1
792,20546,72079,-24.625000000000000,-49.375000000000000,1
793,20547,72080,-26.625000000000000,-49.375000000000000,1
794,20548,72081,-28.625000000000000,-49.375000000000000,1
795,20559,72135,-20.625000000000000,-49.125000000000000,1
796,20560,72136,-22.625000000000000,-49.125000000000000,1
797,20561,72137,-24.625000000000000,-49.125000000000000,1
798,20562,72138,-26.625000000000000,-49.125000000000000,1
799,20563,72139,-28.625000000000000,-49.125000000000000,1
800,20574,72193,-20.625000000000000,-48.875000000000000,1
801,20575,72194,-22.625000000000000,-48.875000000000000,1
802,20576,72195,-24.625000000000000,-48.875000000000000,1
803,20577,72196,-26.625000000000000,-48.875000000000000,1
804,20578,72197,-28.625000000000000,-48.875000000000000,1
805,20588,72251,-20.625000000000000,-48.625000000000000,1
806,20589,72252,-22.625000000000000,-48.625000000000000,1
807,20590,72253,-24.625000000000000,-48.625000000000000,1
808,20600,72309,-20.625000000000000,-48.375000000000000,1
809,20601,72310,-22.625000000000000,-48.375000000000000,1
810,20602,72311,-24.625000000000000,-48.375000000000000,1
811,20612,72367,-20.625000000000000,-48.125000000000000,1
812,20613,72368,-22.625000000000000,-48.125000000000000,1
813,20614,72369,-24.625000000000000,-48.125000000000000,1
814,20624,72425,-20.625000000000000,-47.875000000000000,1
815,20625,72426,-22.625000000000000,-47.875000000000000,1
816,20626,72427,-24.625000000000000,-47.875000000000000,1
817,20636,72483,-20.625000000000000,-47.625000000000000,1
818,20637,72484,-22.625000000000000,-47.625000000000000,1
819,20638,72485,-24.625000000000000,-47.625000000000000,1
820,20648,72541,-20.625000000000000,-47.375000000000000,1
821,20649,72542,-22.625000000000000,-47.375000000000000,1
822,20650,72543,-24.625000000000000,-47.375000000000000,1
823,20660,72599,-20.625000000000000,-47.125000000000000,1
824,20661,72600,-22.625000000000000,-47.125000000000000,1
825,20662,72601,-24.625000000000000,-47.125000000000000,1
826,20672,72657,-20.625000000000000,-46.875000000000000,1
827,20673,72658,-22.625000000000000,-46.875000000000000,1
828,20674,72659,-24.625000000000000,-46.875000000000000,1
829,20684,72715,-20.625000000000000,-46.625000000000000,1
830,20685,72716,-22.625000000000000,-46.625000000000000,1
831,20686,72717,-24.625000000000000,-46.625000000000000,1
832,20696,72773,-20.625000000000000,-46.375000000000000,1
833,20697,72774,-22.625000000000000,-46.375000000000000,1
834,20698,72775,-24.625000000000000,-46.375000000000000,1
835,20708,72831,-20.625000000000000,-46.125000000000000,1
836,20709,72832,-22.625000000000000,-46.125000000000000,1
837,20719,72889,-20.625000000000000,-45.875000000000000,1
838,20720,72890,-22.625000000000000,-45.875000000000000,1
839,20730,72947,-20.625000000000000,-45.625000000000000,1
840,20731,72948,-22.625000000000000,-45.625000000000000,1
841,20741,73005,-20.625000000000000,-45.375000000000000,1
842,20742,73006,-22.625000000000000,-45.375000000000000,1
843,20752,73063,-20.625000000000000,-45.125000000000000,1
844,20753,73064,-22.625000000000000,-45.125000000000000,1
845,20763,73121,-20.625000000000000,-44.875000000000000,1
846,20764,73122,-22.625000000000000,-44.875000000000000,1
847,20774,73179,-20.625000000000000,-44.625000000000000,1
848,20775,73180,-22.625000000000000,-44.625000000000000,1
849,20785,73237,-20.625000000000000,-44.375000000000000,1
850,20786,73238,-22.625000000000000,-44.375000000000000,1
851,20796,73295,-20.625000000000000,-44.125000000000000,1
852,20797,73296,-22.625000000000000,-44.125000000000000,1
853,20807,73353,-20.625000000000000,-43.875000000000000,1
854,20808,73354,-22.625000000000000,-43.875000000000000,1
855,20817,73411,-20.625000000000000,-43.625000000000000,1
856,20818,73412,-22.625000000000000,-43.625000000000000,1
857,20827,73469,-20.625000000000000,-43.375000000000000,1
858,20828,73470,-22.625000000000000,-43.375000000000000,1
859,20837,73527,-20.625000000000000,-43.125000000000000,1
860,20838,73528,-22.625000000000000,-43.125000000000000,1
861,20847,73585,-20.625000000000000,-42.875000000000000,1
862,20848,73586,-22.625000000000000,-42.875000000000000,1
863,20857,73643,-20.625000000000000,-42.625000000000000,1
864,20858,73644,-22.625000000000000,-42.625000000000000,1
865,20867,73701,-20.625000000000000,-42.375000000000000,1
866,20868,73702,-22.625000000000000,-42.375000000000000,1
867,20877,73759,-20.625000000000000,-42.125000000000000,1
868,20878,73760,-22.625000000000000,-42.125000000000000,1
869,20887,73817,-20.625000000000000,-41.875000000000000,1
870,20888,73818,-22.625000000000000,-41.875000000000000,1
871,20897,73875,-20.625000000000000,-41.625000000000000,1
872,20898,73876,-22.625000000000000,-41.625000000000000,1
873,20907,73933,-20.625000000000000,-41.375000000000000,1
874,20908,73934,-22.625000000000000,-41.375000000000000,1
875,20917,73991,-20.625000000000000,-41.125000000000000,1
876,20926,74049,-20.625000000000000,-40.875000000000000,1
877,20935,74107,-20.625000000000000,-40.625000000000000,1
878,20944,74165,-20.625000000000000,-40.375000000000000,1
879,20953,74223,-20.625000000000000,-40.125000000000000,1
880,20962,74281,-20.625000000000000,-39.875000000000000,1
881,20971,74339,-20.625000000000000,-39.625000000000000,1
882,20980,74397,-20.625000000000000,-39.375000000000000,1
883,20989,74455,-20.625000000000000,-39.125000000000000,1
884,20998,74513,-20.625000000000000,-38.875000000000000,1