FID,OBJECTID,field,Var1,Var2,value
0,8076,17406,49.375000000000000,75.125000000000000,1
1,8077,17407,47.375000000000000,75.125000000000000,1
2,8078,17408,45.375000000000000,75.125000000000000,1
3,8079,17409,43.375000000000000,75.125000000000000,1
4,8080,17410,41.375000000000000,75.125000000000000,1
5,8081,17411,39.375000000000000,75.125000000000000,1
6,8082,17412,37.375000000000000,75.125000000000000,1
7,8083,17413,35.375000000000000,75.125000000000000,1
8,8084,17414,33.375000000000000,75.125000000000000,1
9,8085,17415,31.375000000000000,75.125000000000000,1
10,8100,17464,49.375000000000000,75.375000000000000,1
11,8101,17465,47.375000000000000,75.375000000000000,1
12,8102,17466,45.375000000000000,75.375000000000000,1
13,8103,17467,43.375000000000000,75.375000000000000,1
14,8104,17468,41.375000000000000,75.375000000000000,1
15,8105,17469,39.375000000000000,75.375000000000000,1
16,8106,17470,37.375000000000000,75.375000000000000,1
17,8107,17471,35.375000000000000,75.375000000000000,1
18,8108,17472,33.375000000000000,75.375000000000000,1
19,8109,17473,31.375000000000000,75.375000000000000,1
20,8124,17522,49.375000000000000,75.625000000000000,1
21,8125,17523,47.375000000000000,75.625000000000000,1
22,8126,17524,45.375000000000000,75.625000000000000,1
23,8127,17525,43.375000000000000,75.625000000000000,1
24,8128,17526,41.375000000000000,75.625000000000000,1
25,8129,17527,39.375000000000000,75.625000000000000,1
26,8130,17528,37.375000000000000,75.625000000000000,1
27,8131,17529,35.375000000000000,75.625000000000000,1
28,8132,17530,33.375000000000000,75.625000000000000,1
29,8133,17531,31.375000000000000,75.625000000000000,1
30,8148,17580,49.375000000000000,75.875000000000000,1
31,8149,17581,47.375000000000000,75.875000000000000,1
32,8150,17582,45.375000000000000,75.875000000000000,1
33,8151,17583,43.375000000000000,75.875000000000000,1
34,8152,17584,41.375000000000000,75.875000000000000,1
35,8153,17585,39.375000000000000,75.875000000000000,1
36,8154,17586,37.375000000000000,75.875000000000000,1
37,8155,17587,35.375000000000000,75.875000000000000,1
38,8156,17588,33.375000000000000,75.875000000000000,1
39,8157,17589,31.375000000000000,75.875000000000000,1
40,8173,17638,49.375000000000000,76.125000000000000,1
41,8174,17639,47.375000000000000,76.125000000000000,1
42,8175,17640,45.375000000000000,76.125000000000000,1
43,8176,17641,43.375000000000000,76.125000000000000,1
44,8177,17642,41.375000000000000,76.125000000000000,1
45,8178,17643,39.375000000000000,76.125000000000000,1
46,8179,17644,37.375000000000000,76.125000000000000,1
47,8180,17645,35.375000000000000,76.125000000000000,1
48,8181,17646,33.375000000000000,76.125000000000000,1
49,8182,17647,31.375000000000000,76.125000000000000,1
50,8198,17696,49.375000000000000,76.375000000000000,1
51,8199,17697,47.375000000000000,76.375000000000000,1
52,8200,17698,45.375000000000000,76.375000000000000,1
53,8201,17699,43.375000000000000,76.375000000000000,1
54,8202,17700,41.375000000000000,76.375000000000000,1
55,8203,17701,39.375000000000000,76.375000000000000,1
56,8204,17702,37.375000000000000,76.375000000000000,1
57,8205,17703,35.375000000000000,76.375000000000000,1
58,8206,17704,33.375000000000000,76.375000000000000,1
59,8207,17705,31.375000000000000,76.375000000000000,1
60,8224,17754,49.375000000000000,76.625000000000000,1
61,8225,17755,47.375000000000000,76.625000000000000,1
62,8226,17756,45.375000000000000,76.625000000000000,1
63,8227,17757,43.375000000000000,76.625000000000000,1
64,8228,17758,41.375000000000000,76.625000000000000,1
65,8229,17759,39.375000000000000,76.625000000000000,1
66,8230,17760,37.375000000000000,76.625000000000000,1
67,8231,17761,35.375000000000000,76.625000000000000,1
68,8232,17762,33.375000000000000,76.625000000000000,1
69,8233,17763,31.375000000000000,76.625000000000000,1
70,8250,17812,49.375000000000000,76.875000000000000,1
71,8251,17813,47.375000000000000,76.875000000000000,1
72,8252,17814,45.375000000000000,76.875000000000000,1
73,8253,17815,43.375000000000000,76.875000000000000,1
74,8254,17816,41.375000000000000,76.875000000000000,1
75,8255,17817,39.375000000000000,76.875000000000000,1
76,8256,17818,37.375000000000000,76.875000000000000,1
77,8257,17819,35.375000000000000,76.875000000000000,1
78,8258,17820,33.375000000000000,76.875000000000000,1
79,8259,17821,31.375000000000000,76.875000000000000,1
80,8276,17870,49.375000000000000,77.125000000000000,1
81,8277,17871,47.375000000000000,77.125000000000000,1
82,8278,17872,45.375000000000000,77.125000000000000,1
83,8279,17873,43.375000000000000,77.125000000000000,1
84,8280,17874,41.375000000000000,77.125000000000000,1
85,8281,17875,39.375000000000000,77.125000000000000,1
86,8282,17876,37.375000000000000,77.125000000000000,1
87,8283,17877,35.375000000000000,77.125000000000000,1
88,8284,17878,33.375000000000000,77.125000000000000,1
89,8285,17879,31.375000000000000,77.125000000000000,1
90,8302,17928,49.375000000000000,77.375000000000000,1
91,8303,17929,47.375000000000000,77.375000000000000,1
92,8304,17930,45.375000000000000,77.375000000000000,1
93,8305,17931,43.375000000000000,77.375000000000000,1
94,8306,17932,41.375000000000000,77.375000000000000,1
95,8307,17933,39.375000000000000,77.375000000000000,1
96,8308,17934,37.375000000000000,77.375000000000000,1
97,8309,17935,35.375000000000000,77.375000000000000,1
98,8310,17936,33.375000000000000,77.375000000000000,1
99,8311,17937,31.375000000000000,77.375000000000000,1
100,8328,17986,49.375000000000000,77.625000000000000,1
101,8329,17987,47.375000000000000,77.625000000000000,1
102,8330,17988,45.375000000000000,77.625000000000000,1
103,8331,17989,43.375000000000000,77.625000000000000,1
104,8332,17990,41.375000000000000,77.625000000000000,1
105,8333,17991,39.375000000000000,77.625000000000000,1
106,8334,17992,37.375000000000000,77.625000000000000,1
107,8335,17993,35.375000000000000,77.625000000000000,1
108,8336,17994,33.375000000000000,77.625000000000000,1
109,8337,17995,31.375000000000000,77.625000000000000,1
110,8354,18044,49.375000000000000,77.875000000000000,1
111,8355,18045,47.375000000000000,77.875000000000000,1
112,8356,18046,45.375000000000000,77.875000000000000,1
113,8357,18047,43.375000000000000,77.875000000000000,1
114,8358,18048,41.375000000000000,77.875000000000000,1
115,8359,18049,39.375000000000000,77.875000000000000,1
116,8360,18050,37.375000000000000,77.875000000000000,1
117,8361,18051,35.375000000000000,77.875000000000000,1
118,8362,18052,33.375000000000000,77.875000000000000,1
119,8363,18053,31.375000000000000,77.875000000000000,1
120,8380,18102,49.375000000000000,78.125000000000000,1
121,8381,18103,47.375000000000000,78.125000000000000,1
122,8382,18104,45.375000000000000,78.125000000000000,1
123,8383,18105,43.375000000000000,78.125000000000000,1
124,8384,18106,41.375000000000000,78.125000000000000,1
125,8385,18107,39.375000000000000,78.125000000000000,1
126,8386,18108,37.375000000000000,78.125000000000000,1
127,8387,18109,35.375000000000000,78.125000000000000,1
128,8388,18110,33.375000000000000,78.125000000000000,1
129,8389,18111,31.375000000000000,78.125000000000000,1
130,8406,18160,49.375000000000000,78.375000000000000,1
131,8407,18161,47.375000000000000,78.375000000000000,1
132,8408,18162,45.375000000000000,78.375000000000000,1
133,8409,18163,43.375000000000000,78.375000000000000,1
134,8410,18164,41.375000000000000,78.375000000000000,1
135,8411,18165,39.375000000000000,78.375000000000000,1
136,8412,18166,37.375000000000000,78.375000000000000,1
137,8413,18167,35.375000000000000,78.375000000000000,1
138,8414,18168,33.375000000000000,78.375000000000000,1
139,8415,18169,31.375000000000000,78.375000000000000,1
140,8432,18218,49.375000000000000,78.625000000000000,1
141,8433,18219,47.375000000000000,78.625000000000000,1
142,8434,18220,45.375000000000000,78.625000000000000,1
143,8435,18221,43.375000000000000,78.625000000000000,1
144,8436,18222,41.375000000000000,78.625000000000000,1
145,8437,18223,39.375000000000000,78.625000000000000,1
146,8438,18224,37.375000000000000,78.625000000000000,1
147,8439,18225,35.375000000000000,78.625000000000000,1
148,8440,18226,33.375000000000000,78.625000000000000,1
149,8441,18227,31.375000000000000,78.625000000000000,1
150,8458,18276,49.375000000000000,78.875000000000000,1
151,8459,18277,47.375000000000000,78.875000000000000,1
152,8460,18278,45.375000000000000,78.875000000000000,1
153,8461,18279,43.375000000000000,78.875000000000000,1
154,8462,18280,41.375000000000000,78.875000000000000,1
155,8463,18281,39.375000000000000,78.875000000000000,1
156,8464,18282,37.375000000000000,78.875000000000000,1
157,8465,18283,35.375000000000000,78.875000000000000,1
158,8466,18284,33.375000000000000,78.875000000000000,1
159,8467,18285,31.375000000000000,78.875000000000000,1
160,8483,18334,49.375000000000000,79.125000000000000,1
161,8484,18335,47.375000000000000,79.125000000000000,1
162,8485,18336,45.375000000000000,79.125000000000000,1
163,8486,18337,43.375000000000000,79.125000000000000,1
164,8487,18338,41.375000000000000,79.125000000000000,1
165,8488,18339,39.375000000000000,79.125000000000000,1
166,8489,18340,37.375000000000000,79.125000000000000,1
167,8490,18341,35.375000000000000,79.125000000000000,1
168,8491,18342,33.375000000000000,79.125000000000000,1
169,8492,18343,31.375000000000000,79.125000000000000,1
170,8508,18392,49.375000000000000,79.375000000000000,1
171,8509,18393,47.375000000000000,79.375000000000000,1
172,8510,18394,45.375000000000000,79.375000000000000,1
173,8511,18395,43.375000000000000,79.375000000000000,1
174,8512,18396,41.375000000000000,79.375000000000000,1
175,8513,18397,39.375000000000000,79.375000000000000,1
176,8514,18398,37.375000000000000,79.375000000000000,1
177,8515,18399,35.375000000000000,79.375000000000000,1
178,8516,18400,33.375000000000000,79.375000000000000,1
179,8517,18401,31.375000000000000,79.375000000000000,1
180,8533,18450,49.375000000000000,79.625000000000000,1
181,8534,18451,47.375000000000000,79.625000000000000,1
182,8535,18452,45.375000000000000,79.625000000000000,1
183,8536,18453,43.375000000000000,79.625000000000000,1
184,8537,18454,41.375000000000000,79.625000000000000,1
185,8538,18455,39.375000000000000,79.625000000000000,1
186,8539,18456,37.375000000000000,79.625000000000000,1
187,8540,18457,35.375000000000000,79.625000000000000,1
188,8541,18458,33.375000000000000,79.625000000000000,1
189,8542,18459,31.375000000000000,79.625000000000000,1
190,8558,18508,49.375000000000000,79.875000000000000,1
191,8559,18509,47.375000000000000,79.875000000000000,1
192,8560,18510,45.375000000000000,79.875000000000000,1
193,8561,18511,43.375000000000000,79.875000000000000,1
194,8562,18512,41.375000000000000,79.875000000000000,1
195,8563,18513,39.375000000000000,79.875000000000000,1
196,8564,18514,37.375000000000000,79.875000000000000,1
197,8565,18515,35.375000000000000,79.875000000000000,1
198,8566,18516,33.375000000000000,79.875000000000000,1
199,8567,18517,31.375000000000000,79.875000000000000,1
200,8582,18566,49.375000000000000,80.125000000000000,1
201,8583,18567,47.375000000000000,80.125000000000000,1
202,8584,18568,45.375000000000000,80.125000000000000,1
203,8585,18569,43.375000000000000,80.125000000000000,1
204,8586,18570,41.375000000000000,80.125000000000000,1
205,8587,18571,39.375000000000000,80.125000000000000,1
206,8588,18572,37.375000000000000,80.125000000000000,1
207,8589,18573,35.375000000000000,80.125000000000000,1
208,8590,18574,33.375000000000000,80.125000000000000,1
209,8591,18575,31.375000000000000,80.125000000000000,1
210,8605,18624,49.375000000000000,80.375000000000000,1
211,8606,18625,47.375000000000000,80.375000000000000,1
212,8607,18626,45.375000000000000,80.375000000000000,1
213,8608,18627,43.375000000000000,80.375000000000000,1
214,8609,18628,41.375000000000000,80.375000000000000,1
215,8610,18629,39.375000000000000,80.375000000000000,1
216,8611,18630,37.375000000000000,80.375000000000000,1
217,8612,18631,35.375000000000000,80.375000000000000,1
218,8613,18632,33.375000000000000,80.375000000000000,1
219,8614,18633,31.375000000000000,80.375000000000000,1
220,8627,18682,49.375000000000000,80.625000000000000,1
221,8628,18683,47.375000000000000,80.625000000000000,1
222,8629,18684,45.375000000000000,80.625000000000000,1
223,8630,18685,43.375000000000000,80.625000000000000,1
224,8631,18686,41.375000000000000,80.625000000000000,1
225,8632,18687,39.375000000000000,80.625000000000000,1
226,8633,18688,37.375000000000000,80.625000000000000,1
227,8634,18689,35.375000000000000,80.625000000000000,1
228,8635,18690,33.375000000000000,80.625000000000000,1
229,8636,18691,31.375000000000000,80.625000000000000,1
230,8649,18740,49.375000000000000,80.875000000000000,1
231,8650,18741,47.375000000000000,80.875000000000000,1
232,8651,18742,45.375000000000000,80.875000000000000,1
233,8652,18743,43.375000000000000,80.875000000000000,1
234,8653,18744,41.375000000000000,80.875000000000000,1
235,8654,18745,39.375000000000000,80.875000000000000,1
236,8655,18746,37.375000000000000,80.875000000000000,1
237,8656,18747,35.375000000000000,80.875000000000000,1
238,8657,18748,33.375000000000000,80.875000000000000,1
239,8658,18749,31.375000000000000,80.875000000000000,1
240,8671,18798,49.375000000000000,81.125000000000000,1
241,8672,18799,47.375000000000000,81.125000000000000,1
242,8673,18800,45.375000000000000,81.125000000000000,1
243,8674,18801,43.375000000000000,81.125000000000000,1
244,8675,18802,41.375000000000000,81.125000000000000,1
245,8676,18803,39.375000000000000,81.125000000000000,1
246,8677,18804,37.375000000000000,81.125000000000000,1
247,8678,18805,35.375000000000000,81.125000000000000,1
248,8679,18806,33.375000000000000,81.125000000000000,1
249,8680,18807,31.375000000000000,81.125000000000000,1
250,8693,18856,49.375000000000000,81.375000000000000,1
251,8694,18857,47.375000000000000,81.375000000000000,1
252,8695,18858,45.375000000000000,81.375000000000000,1
253,8696,18859,43.375000000000000,81.375000000000000,1
254,8697,18860,41.375000000000000,81.375000000000000,1
255,8698,18861,39.375000000000000,81.375000000000000,1
256,8699,18862,37.375000000000000,81.375000000000000,1
257,8700,18863,35.375000000000000,81.375000000000000,1
258,8701,18864,33.375000000000000,81.375000000000000,1
259,8702,18865,31.375000000000000,81.375000000000000,1
260,8715,18914,49.375000000000000,81.625000000000000,1
261,8716,18915,47.375000000000000,81.625000000000000,1
262,8717,18916,45.375000000000000,81.625000000000000,1
263,8718,18917,43.375000000000000,81.625000000000000,1
264,8719,18918,41.375000000000000,81.625000000000000,1
265,8720,18919,39.375000000000000,81.625000000000000,1
266,8721,18920,37.375000000000000,81.625000000000000,1
267,8722,18921,35.375000000000000,81.625000000000000,1
268,8723,18922,33.375000000000000,81.625000000000000,1
269,8724,18923,31.375000000000000,81.625000000000000,1
270,8737,18972,49.375000000000000,81.875000000000000,1
271,8738,18973,47.375000000000000,81.875000000000000,1
272,8739,18974,45.375000000000000,81.875000000000000,1
273,8740,18975,43.375000000000000,81.875000000000000,1
274,8741,18976,41.375000000000000,81.875000000000000,1
275,8742,18977,39.375000000000000,81.875000000000000,1
276,8743,18978,37.375000000000000,81.875000000000000,1
277,8744,18979,35.375000000000000,81.875000000000000,1
278,8745,18980,33.375000000000000,81.875000000000000,1
279,8746,18981,31.375000000000000,81.875000000000000,1
280,8759,19030,49.375000000000000,82.125000000000000,1
281,8760,19031,47.375000000000000,82.125000000000000,1
282,8761,19032,45.375000000000000,82.125000000000000,1
283,8762,19033,43.375000000000000,82.125000000000000,1
284,8763,19034,41.375000000000000,82.125000000000000,1
285,8764,19035,39.375000000000000,82.125000000000000,1
286,8765,19036,37.375000000000000,82.125000000000000,1
287,8766,19037,35.375000000000000,82.125000000000000,1
288,8767,19038,33.375000000000000,82.125000000000000,1
289,8768,19039,31.375000000000000,82.125000000000000,1
290,8781,19088,49.375000000000000,82.375000000000000,1
291,8782,19089,47.375000000000000,82.375000000000000,1
292,8783,19090,45.375000000000000,82.375000000000000,1
293,8784,19091,43.375000000000000,82.375000000000000,1
294,8785,19092,41.375000000000000,82.375000000000000,1
295,8786,19093,39.375000000000000,82.375000000000000,1
296,8787,19094,37.375000000000000,82.375000000000000,1
297,8788,19095,35.375000000000000,82.375000000000000,1
298,8789,19096,33.375000000000000,82.375000000000000,1
299,8790,19097,31.375000000000000,82.375000000000000,1
300,8803,19146,49.375000000000000,82.625000000000000,1
301,8804,19147,47.375000000000000,82.625000000000000,1
302,8805,19148,45.375000000000000,82.625000000000000,1
303,8806,19149,43.375000000000000,82.625000000000000,1
304,8807,19150,41.375000000000000,82.625000000000000,1
305,8808,19151,39.375000000000000,82.625000000000000,1
306,8809,19152,37.375000000000000,82.625000000000000,1
307,8810,19153,35.375000000000000,82.625000000000000,1
308,8811,19154,33.375000000000000,82.625000000000000,1
309,8812,19155,31.375000000000000,82.625000000000000,1
310,8825,19204,49.375000000000000,82.875000000000000,1
311,8826,19205,47.375000000000000,82.875000000000000,1
312,8827,19206,45.375000000000000,82.875000000000000,1
313,8828,19207,43.375000000000000,82.875000000000000,1
314,8829,19208,41.375000000000000,82.875000000000000,1
315,8830,19209,39.375000000000000,82.875000000000000,1
316,8831,19210,37.375000000000000,82.875000000000000,1
317,8832,19211,35.375000000000000,82.875000000000000,1
318,8833,19212,33.375000000000000,82.875000000000000,1
319,8834,19213,31.375000000000000,82.875000000000000,1
320,8846,19262,49.375000000000000,83.125000000000000,1
321,8847,19263,47.375000000000000,83.125000000000000,1
322,8848,19264,45.375000000000000,83.125000000000000,1
323,8849,19265,43.375000000000000,83.125000000000000,1
324,8850,19266,41.375000000000000,83.125000000000000,1
325,8851,19267,39.375000000000000,83.125000000000000,1
326,8852,19268,37.375000000000000,83.125000000000000,1
327,8853,19269,35.375000000000000,83.125000000000000,1
328,8854,19270,33.375000000000000,83.125000000000000,1
329,8855,19271,31.375000000000000,83.125000000000000,1
330,8867,19320,49.375000000000000,83.375000000000000,1
331,8868,19321,47.375000000000000,83.375000000000000,1
332,8869,19322,45.375000000000000,83.375000000000000,1
333,8870,19323,43.375000000000000,83.375000000000000,1
334,8871,19324,41.375000000000000,83.375000000000000,1
335,8872,19325,39.375000000000000,83.375000000000000,1
336,8873,19326,37.375000000000000,83.375000000000000,1
337,8874,19327,35.375000000000000,83.375000000000000,1
338,8875,19328,33.375000000000000,83.375000000000000,1
339,8876,19329,31.375000000000000,83.375000000000000,1
340,8888,19378,49.375000000000000,83.625000000000000,1
341,8889,19379,47.375000000000000,83.625000000000000,1
342,8890,19380,45.375000000000000,83.625000000000000,1
343,8891,19381,43.375000000000000,83.625000000000000,1
344,8892,19382,41.375000000000000,83.625000000000000,1
345,8893,19383,39.375000000000000,83.625000000000000,1
346,8894,19384,37.375000000000000,83.625000000000000,1
347,8895,19385,35.375000000000000,83.625000000000000,1
348,8896,19386,33.375000000000000,83.625000000000000,1
349,8897,19387,31.375000000000000,83.625000000000000,1
350,8909,19436,49.375000000000000,83.875000000000000,1
351,8910,19437,47.375000000000000,83.875000000000000,1
352,8911,19438,45.375000000000000,83.875000000000000,1
353,8912,19439,43.375000000000000,83.875000000000000,1
354,8913,19440,41.375000000000000,83.875000000000000,1
355,8914,19441,39.375000000000000,83.875000000000000,1
356,8915,19442,37.375000000000000,83.875000000000000,1
357,8916,19443,35.375000000000000,83.875000000000000,1
358,8917,19444,33.375000000000000,83.875000000000000,1
359,8918,19445,31.375000000000000,83.875000000000000,1
360,8930,19494,49.375000000000000,84.125000000000000,1
361,8931,19495,47.375000000000000,84.125000000000000,1
362,8932,19496,45.375000000000000,84.125000000000000,1
363,8933,19497,43.375000000000000,84.125000000000000,1
364,8934,19498,41.375000000000000,84.125000000000000,1
365,8935,19499,39.375000000000000,84.125000000000000,1
366,8936,19500,37.375000000000000,84.125000000000000,1
367,8937,19501,35.375000000000000,84.125000000000000,1
368,8938,19502,33.375000000000000,84.125000000000000,1
369,8939,19503,31.375000000000000,84.125000000000000,1
370,8951,19552,49.375000000000000,84.375000000000000,1
371,8952,19553,47.375000000000000,84.375000000000000,1
372,8953,19554,45.375000000000000,84.375000000000000,1
373,8954,19555,43.375000000000000,84.375000000000000,1
374,8955,19556,41.375000000000000,84.375000000000000,1
375,8956,19557,39.375000000000000,84.375000000000000,1
376,8957,19558,37.375000000000000,84.375000000000000,1
377,8958,19559,35.375000000000000,84.375000000000000,1
378,8959,19560,33.375000000000000,84.375000000000000,1
379,8960,19561,31.375000000000000,84.375000000000000,1
380,8972,19610,49.375000000000000,84.625000000000000,1
381,8973,19611,47.375000000000000,84.625000000000000,1
382,8974,19612,45.375000000000000,84.625000000000000,1
383,8975,19613,43.375000000000000,84.625000000000000,1
384,8976,19614,41.375000000000000,84.625000000000000,1
385,8977,19615,39.375000000000000,84.625000000000000,1
386,8978,19616,37.375000000000000,84.625000000000000,1
387,8979,19617,35.375000000000000,84.625000000000000,1
388,8980,19618,33.375000000000000,84.625000000000000,1
389,8981,19619,31.375000000000000,84.625000000000000,1
390,8993,19668,49.375000000000000,84.875000000000000,1
391,8994,19669,47.375000000000000,84.875000000000000,1
392,8995,19670,45.375000000000000,84.875000000000000,1
393,8996,19671,43.375000000000000,84.875000000000000,1
394,8997,19672,41.375000000000000,84.875000000000000,1
395,8998,19673,39.375000000000000,84.875000000000000,1
396,8999,19674,37.375000000000000,84.875000000000000,1
397,9000,19675,35.375000000000000,84.875000000000000,1
398,9001,19676,33.375000000000000,84.875000000000000,1
399,9002,19677,31.375000000000000,84.875000000000000,1
400,9014,19726,49.375000000000000,85.125000000000000,1
401,9015,19727,47.375000000000000,85.125000000000000,1
402,9016,19728,45.375000000000000,85.125000000000000,1
403,9017,19729,43.375000000000000,85.125000000000000,1
404,9018,19730,41.375000000000000,85.125000000000000,1
405,9019,19731,39.375000000000000,85.125000000000000,1
406,9020,19732,37.375000000000000,85.125000000000000,1
407,9021,19733,35.375000000000000,85.125000000000000,1
408,9022,19734,33.375000000000000,85.125000000000000,1
409,9023,19735,31.375000000000000,85.125000000000000,1
410,9034,19784,49.375000000000000,85.375000000000000,1
411,9035,19785,47.375000000000000,85.375000000000000,1
412,9036,19786,45.375000000000000,85.375000000000000,1
413,9037,19787,43.375000000000000,85.375000000000000,1
414,9038,19788,41.375000000000000,85.375000000000000,1
415,9039,19789,39.375000000000000,85.375000000000000,1
416,9040,19790,37.375000000000000,85.375000000000000,1
417,9041,19791,35.375000000000000,85.375000000000000,1
418,9042,19792,33.375000000000000,85.375000000000000,1
419,9043,19793,31.375000000000000,85.375000000000000,1
420,9054,19842,49.375000000000000,85.625000000000000,1
421,9055,19843,47.375000000000000,85.625000000000000,1
422,9056,19844,45.375000000000000,85.625000000000000,1
423,9057,19845,43.375000000000000,85.625000000000000,1
424,9058,19846,41.375000000000000,85.625000000000000,1
425,9059,19847,39.375000000000000,85.625000000000000,1
426,9060,19848,37.375000000000000,85.625000000000000,1
427,9061,19849,35.375000000000000,85.625000000000000,1
428,9062,19850,33.375000000000000,85.625000000000000,1
429,9063,19851,31.375000000000000,85.625000000000000,1
430,9074,19900,49.375000000000000,85.875000000000000,1
431,9075,19901,47.375000000000000,85.875000000000000,1
432,9076,19902,45.375000000000000,85.875000000000000,1
433,9077,19903,43.375000000000000,85.875000000000000,1
434,9078,19904,41.375000000000000,85.875000000000000,1
435,9079,19905,39.375000000000000,85.875000000000000,1
436,9080,19906,37.375000000000000,85.875000000000000,1
437,9081,19907,35.375000000000000,85.875000000000000,1
438,9082,19908,33.375000000000000,85.875000000000000,1
439,9083,19909,31.375000000000000,85.875000000000000,1
440,9094,19958,49.375000000000000,86.125000000000000,1
441,9095,19959,47.375000000000000,86.125000000000000,1
442,9096,19960,45.375000000000000,86.125000000000000,1
443,9097,19961,43.375000000000000,86.125000000000000,1
444,9098,19962,41.375000000000000,86.125000000000000,1
445,9099,19963,39.375000000000000,86.125000000000000,1
446,9100,19964,37.375000000000000,86.125000000000000,1
447,9101,19965,35.375000000000000,86.125000000000000,1
448,9102,19966,33.375000000000000,86.125000000000000,1
449,9103,19967,31.375000000000000,86.125000000000000,1
450,9114,20016,49.375000000000000,86.375000000000000,1
451,9115,20017,47.375000000000000,86.375000000000000,1
452,9116,20018,45.375000000000000,86.375000000000000,1
453,9117,20019,43.375000000000000,86.375000000000000,1
454,9118,20020,41.375000000000000,86.375000000000000,1
455,9119,20021,39.375000000000000,86.375000000000000,1
456,9120,20022,37.375000000000000,86.375000000000000,1
457,9121,20023,35.375000000000000,86.375000000000000,1
458,9122,20024,33.375000000000000,86.375000000000000,1
459,9123,20025,31.375000000000000,86.375000000000000,1
460,9134,20074,49.375000000000000,86.625000000000000,1
461,9135,20075,47.375000000000000,86.625000000000000,1
462,9136,20076,45.375000000000000,86.625000000000000,1
463,9137,20077,43.375000000000000,86.625000000000000,1
464,9138,20078,41.375000000000000,86.625000000000000,1
465,9139,20079,39.375000000000000,86.625000000000000,1
466,9140,20080,37.375000000000000,86.625000000000000,1
467,9141,20081,35.375000000000000,86.625000000000000,1
468,9142,20082,33.375000000000000,86.625000000000000,1
469,9143,20083,31.375000000000000,86.625000000000000,1
470,9154,20132,49.375000000000000,86.875000000000000,1
471,9155,20133,47.375000000000000,86.875000000000000,1
472,9156,20134,45.375000000000000,86.875000000000000,1
473,9157,20135,43.375000000000000,86.875000000000000,1
474,9158,20136,41.375000000000000,86.875000000000000,1
475,9159,20137,39.375000000000000,86.875000000000000,1
476,9160,20138,37.375000000000000,86.875000000000000,1
477,9161,20139,35.375000000000000,86.875000000000000,1
478,9162,20140,33.375000000000000,86.875000000000000,1
479,9163,20141,31.375000000000000,86.875000000000000,1
480,9174,20190,49.375000000000000,87.125000000000000,1
481,9175,20191,47.375000000000000,87.125000000000000,1
482,9176,20192,45.375000000000000,87.125000000000000,1
483,9177,20193,43.375000000000000,87.125000000000000,1
484,9178,20194,41.375000000000000,87.125000000000000,1
485,9179,20195,39.375000000000000,87.125000000000000,1
486,9180,20196,37.375000000000000,87.125000000000000,1
487,9181,20197,35.375000000000000,87.125000000000000,1
488,9182,20198,33.375000000000000,87.125000000000000,1
489,9183,20199,31.375000000000000,87.125000000000000,1
490,9193,20248,49.375000000000000,87.375000000000000,1
491,9194,20249,47.375000000000000,87.375000000000000,1
492,9195,20250,45.375000000000000,87.375000000000000,1
493,9196,20251,43.375000000000000,87.375000000000000,1
494,9197,20252,41.375000000000000,87.375000000000000,1
495,9198,20253,39.375000000000000,87.375000000000000,1
496,9199,20254,37.375000000000000,87.375000000000000,1
497,9200,20255,35.375000000000000,87.375000000000000,1
498,9201,20256,33.375000000000000,87.375000000000000,1
499,9202,20257,31.375000000000000,87.375000000000000,1
500,9212,20306,49.375000000000000,87.625000000000000,1
501,9213,20307,47.375000000000000,87.625000000000000,1
502,9214,20308,45.375000000000000,87.625000000000000,1
503,9215,20309,43.375000000000000,87.625000000000000,1
504,9216,20310,41.375000000000000,87.625000000000000,1
505,9217,20311,39.375000000000000,87.625000000000000,1
506,9218,20312,37.375000000000000,87.625000000000000,1
507,9219,20313,35.375000000000000,87.625000000000000,1
508,9220,20314,33.375000000000000,87.625000000000000,1
509,9221,20315,31.375000000000000,87.625000000000000,1
510,9231,20364,49.375000000000000,87.875000000000000,1
511,9232,20365,47.375000000000000,87.875000000000000,1
512,9233,20366,45.375000000000000,87.875000000000000,1
513,9234,20367,43.375000000000000,87.875000000000000,1
514,9235,20368,41.375000000000000,87.875000000000000,1
515,9236,20369,39.375000000000000,87.875000000000000,1
516,9237,20370,37.375000000000000,87.875000000000000,1
517,9238,20371,35.375000000000000,87.875000000000000,1
518,9239,20372,33.375000000000000,87.875000000000000,1
519,9240,20373,31.375000000000000,87.875000000000000,1
520,9250,20422,49.375000000000000,88.125000000000000,1
521,9251,20423,47.375000000000000,88.125000000000000,1
522,9252,20424,45.375000000000000,88.125000000000000,1
523,9253,20425,43.375000000000000,88.125000000000000,1
524,9254,20426,41.375000000000000,88.125000000000000,1
525,9255,20427,39.375000000000000,88.125000000000000,1
526,9256,20428,37.375000000000000,88.125000000000000,1
527,9257,20429,35.375000000000000,88.125000000000000,1
528,9258,20430,33.375000000000000,88.125000000000000,1
529,9259,20431,31.375000000000000,88.125000000000000,1
530,9269,20480,49.375000000000000,88.375000000000000,1
531,9270,20481,47.375000000000000,88.375000000000000,1
532,9271,20482,45.375000000000000,88.375000000000000,1
533,9272,20483,43.375000000000000,88.375000000000000,1
534,9273,20484,41.375000000000000,88.375000000000000,1
535,9274,20485,39.375000000000000,88.375000000000000,1
536,9275,20486,37.375000000000000,88.375000000000000,1
537,9276,20487,35.375000000000000,88.375000000000000,1
538,9277,20488,33.375000000000000,88.375000000000000,1
539,9278,20489,31.375000000000000,88.375000000000000,1
540,9288,20538,49.375000000000000,88.625000000000000,1
541,9289,20539,47.375000000000000,88.625000000000000,1
542,9290,20540,45.375000000000000,88.625000000000000,1
543,9291,20541,43.375000000000000,88.625000000000000,1
544,9292,20542,41.375000000000000,88.625000000000000,1
545,9293,20543,39.375000000000000,88.625000000000000,1
546,9294,20544,37.375000000000000,88.625000000000000,1
547,9295,20545,35.375000000000000,88.625000000000000,1
548,9296,20546,33.375000000000000,88.625000000000000,1
549,9297,20547,31.375000000000000,88.625000000000000,1
550,9307,20596,49.375000000000000,88.875000000000000,1
551,9308,20597,47.375000000000000,88.875000000000000,1
552,9309,20598,45.375000000000000,88.875000000000000,1
553,9310,20599,43.375000000000000,88.875000000000000,1
554,9311,20600,41.375000000000000,88.875000000000000,1
555,9312,20601,39.375000000000000,88.875000000000000,1
556,9313,20602,37.375000000000000,88.875000000000000,1
557,9314,20603,35.375000000000000,88.875000000000000,1
558,9315,20604,33.375000000000000,88.875000000000000,1
559,9316,20605,31.375000000000000,88.875000000000000,1
560,9326,20654,49.375000000000000,89.125000000000000,1
561,9327,20655,47.375000000000000,89.125000000000000,1
562,9328,20656,45.375000000000000,89.125000000000000,1
563,9329,20657,43.375000000000000,89.125000000000000,1
564,9330,20658,41.375000000000000,89.125000000000000,1
565,9331,20659,39.375000000000000,89.125000000000000,1
566,9332,20660,37.375000000000000,89.125000000000000,1
567,9333,20661,35.375000000000000,89.125000000000000,1
568,9334,20662,33.375000000000000,89.125000000000000,1
569,9335,20663,31.375000000000000,89.125000000000000,1
570,9345,20712,49.375000000000000,89.375000000000000,1
571,9346,20713,47.375000000000000,89.375000000000000,1
572,9347,20714,45.375000000000000,89.375000000000000,1
573,9348,20715,43.375000000000000,89.375000000000000,1
574,9349,20716,41.375000000000000,89.375000000000000,1
575,9350,20717,39.375000000000000,89.375000000000000,1
576,9351,20718,37.375000000000000,89.375000000000000,1
577,9352,20719,35.375000000000000,89.375000000000000,1
578,9353,20720,33.375000000000000,89.375000000000000,1
579,9354,20721,31.375000000000000,89.375000000000000,1
580,9364,20770,49.375000000000000,89.625000000000000,1
581,9365,20771,47.375000000000000,89.625000000000000,1
582,9366,20772,45.375000000000000,89.625000000000000,1
583,9367,20773,43.375000000000000,89.625000000000000,1
584,9368,20774,41.375000000000000,89.625000000000000,1
585,9369,20775,39.375000000000000,89.625000000000000,1
586,9370,20776,37.375000000000000,89.625000000000000,1
587,9371,20777,35.375000000000000,89.625000000000000,1
588,9372,20778,33.375000000000000,89.625000000000000,1
589,9373,20779,31.375000000000000,89.625000000000000,1
590,9383,20828,49.375000000000000,89.875000000000000,1
591,9384,20829,47.375000000000000,89.875000000000000,1
592,9385,20830,45.375000000000000,89.875000000000000,1
593,9386,20831,43.375000000000000,89.875000000000000,1
594,9387,20832,41.375000000000000,89.875000000000000,1
595,9388,20833,39.375000000000000,89.875000000000000,1
596,9389,20834,37.375000000000000,89.875000000000000,1
597,9390,20835,35.375000000000000,89.875000000000000,1
598,9391,20836,33.375000000000000,89.875000000000000,1
599,9392,20837,31.375000000000000,89.875000000000000,1
600,9402,20886,49.375000000000000,90.125000000000000,1
601,9403,20887,47.375000000000000,90.125000000000000,1
602,9404,20888,45.375000000000000,90.125000000000000,1
603,9405,20889,43.375000000000000,90.125000000000000,1
604,9406,20890,41.375000000000000,90.125000000000000,1
605,9407,20891,39.375000000000000,90.125000000000000,1
606,9408,20892,37.375000000000000,90.125000000000000,1
607,9409,20893,35.375000000000000,90.125000000000000,1
608,9410,20894,33.375000000000000,90.125000000000000,1
609,9411,20895,31.375000000000000,90.125000000000000,1
610,9421,20944,49.375000000000000,90.375000000000000,1
611,9422,20945,47.375000000000000,90.375000000000000,1
612,9423,20946,45.375000000000000,90.375000000000000,1
613,9424,20947,43.375000000000000,90.375000000000000,1
614,9425,20948,41.375000000000000,90.375000000000000,1
615,9426,20949,39.375000000000000,90.375000000000000,1
616,9427,20950,37.375000000000000,90.375000000000000,1
617,9428,20951,35.375000000000000,90.375000000000000,1
618,9429,20952,33.375000000000000,90.375000000000000,1
619,9430,20953,31.375000000000000,90.375000000000000,1
620,9439,21002,49.375000000000000,90.625000000000000,1
621,9440,21003,47.375000000000000,90.625000000000000,1
622,9441,21004,45.375000000000000,90.625000000000000,1
623,9442,21005,43.375000000000000,90.625000000000000,1
624,9443,21006,41.375000000000000,90.625000000000000,1
625,9444,21007,39.375000000000000,90.625000000000000,1
626,9445,21008,37.375000000000000,90.625000000000000,1
627,9446,21009,35.375000000000000,90.625000000000000,1
628,9447,21010,33.375000000000000,90.625000000000000,1
629,9448,21011,31.375000000000000,90.625000000000000,1
630,9458,21060,49.375000000000000,90.875000000000000,1
631,9459,21061,47.375000000000000,90.875000000000000,1
632,9460,21062,45.375000000000000,90.875000000000000,1
633,9461,21063,43.375000000000000,90.875000000000000,1
634,9462,21064,41.375000000000000,90.875000000000000,1
635,9463,21065,39.375000000000000,90.875000000000000,1
636,9464,21066,37.375000000000000,90.875000000000000,1
637,9465,21067,35.375000000000000,90.875000000000000,1
638,9466,21068,33.375000000000000,90.875000000000000,1
639,9467,21069,31.375000000000000,90.875000000000000,1
640,9477,21118,49.375000000000000,91.125000000000000,1
641,9478,21119,47.375000000000000,91.125000000000000,1
642,9479,21120,45.375000000000000,91.125000000000000,1
643,9480,21121,43.375000000000000,91.125000000000000,1
644,9481,21122,41.375000000000000,91.125000000000000,1
645,9482,21123,39.375000000000000,91.125000000000000,1
646,9483,21124,37.375000000000000,91.125000000000000,1
647,9484,21125,35.375000000000000,91.125000000000000,1
648,9485,21126,33.375000000000000,91.125000000000000,1
649,9486,21127,31.375000000000000,91.125000000000000,1
650,9496,21176,49.375000000000000,91.375000000000000,1
651,9497,21177,47.375000000000000,91.375000000000000,1
652,9498,21178,45.375000000000000,91.375000000000000,1
653,9499,21179,43.375000000000000,91.375000000000000,1
654,9500,21180,41.375000000000000,91.375000000000000,1
655,9501,21181,39.375000000000000,91.375000000000000,1
656,9502,21182,37.375000000000000,91.375000000000000,1
657,9503,21183,35.375000000000000,91.375000000000000,1
658,9504,21184,33.375000000000000,91.375000000000000,1
659,9505,21185,31.375000000000000,91.375000000000000,1
660,9515,21234,49.375000000000000,91.625000000000000,1
661,9516,21235,47.375000000000000,91.625000000000000,1
662,9517,21236,45.375000000000000,91.625000000000000,1
663,9518,21237,43.375000000000000,91.625000000000000,1
664,9519,21238,41.375000000000000,91.625000000000000,1
665,9520,21239,39.375000000000000,91.625000000000000,1
666,9521,21240,37.375000000000000,91.625000000000000,1
667,9522,21241,35.375000000000000,91.625000000000000,1
668,9523,21242,33.375000000000000,91.625000000000000,1
669,9524,21243,31.375000000000000,91.625000000000000,1
670,9534,21292,49.375000000000000,91.875000000000000,1
671,9535,21293,47.375000000000000,91.875000000000000,1
672,9536,21294,45.375000000000000,91.875000000000000,1
673,9537,21295,43.375000000000000,91.875000000000000,1
674,9538,21296,41.375000000000000,91.875000000000000,1
675,9539,21297,39.375000000000000,91.875000000000000,1
676,9540,21298,37.375000000000000,91.875000000000000,1
677,9541,21299,35.375000000000000,91.875000000000000,1
678,9542,21300,33.375000000000000,91.875000000000000,1
679,9543,21301,31.375000000000000,91.875000000000000,1
680,9553,21350,49.375000000000000,92.125000000000000,1
681,9554,21351,47.375000000000000,92.125000000000000,1
682,9555,21352,45.375000000000000,92.125000000000000,1
683,9556,21353,43.375000000000000,92.125000000000000,1
684,9557,21354,41.375000000000000,92.125000000000000,1
685,9558,21355,39.375000000000000,92.125000000000000,1
686,9559,21356,37.375000000000000,92.125000000000000,1
687,9560,21357,35.375000000000000,92.125000000000000,1
688,9561,21358,33.375000000000000,92.125000000000000,1
689,9562,21359,31.375000000000000,92.125000000000000,1
690,9573,21408,49.375000000000000,92.375000000000000,1
691,9574,21409,47.375000000000000,92.375000000000000,1
692,9575,21410,45.375000000000000,92.375000000000000,1
693,9576,21411,43.375000000000000,92.375000000000000,1
694,9577,21412,41.375000000000000,92.375000000000000,1
695,9578,21413,39.375000000000000,92.375000000000000,1
696,9579,21414,37.375000000000000,92.375000000000000,1
697,9580,21415,35.375000000000000,92.375000000000000,1
698,9581,21416,33.375000000000000,92.375000000000000,1
699,9582,21417,31.375000000000000,92.375000000000000,1
700,9593,21466,49.375000000000000,92.625000000000000,1
701,9594,21467,47.375000000000000,92.625000000000000,1
702,9595,21468,45.375000000000000,92.625000000000000,1
703,9596,21469,43.375000000000000,92.625000000000000,1
704,9597,21470,41.375000000000000,92.625000000000000,1
705,9598,21471,39.375000000000000,92.625000000000000,1
706,9599,21472,37.375000000000000,92.625000000000000,1
707,9600,21473,35.375000000000000,92.625000000000000,1
708,9601,21474,33.375000000000000,92.625000000000000,1
709,9602,21475,31.375000000000000,92.625000000000000,1
710,9613,21524,49.375000000000000,92.875000000000000,1
711,9614,21525,47.375000000000000,92.875000000000000,1
712,9615,21526,45.375000000000000,92.875000000000000,1
713,9616,21527,43.375000000000000,92.875000000000000,1
714,9617,21528,41.375000000000000,92.875000000000000,1
715,9618,21529,39.375000000000000,92.875000000000000,1
716,9619,21530,37.375000000000000,92.875000000000000,1
717,9620,21531,35.375000000000000,92.875000000000000,1
718,9621,21532,33.375000000000000,92.875000000000000,1
719,9622,21533,31.375000000000000,92.875000000000000,1
720,9633,21582,49.375000000000000,93.125000000000000,1
721,9634,21583,47.375000000000000,93.125000000000000,1
722,9635,21584,45.375000000000000,93.125000000000000,1
723,9636,21585,43.375000000000000,93.125000000000000,1
724,9637,21586,41.375000000000000,93.125000000000000,1
725,9638,21587,39.375000000000000,93.125000000000000,1
726,9639,21588,37.375000000000000,93.125000000000000,1
727,9640,21589,35.375000000000000,93.125000000000000,1
728,9641,21590,33.375000000000000,93.125000000000000,1
729,9642,21591,31.375000000000000,93.125000000000000,1
730,9653,21640,49.375000000000000,93.375000000000000,1
731,9654,21641,47.375000000000000,93.375000000000000,1
732,9655,21642,45.375000000000000,93.375000000000000,1
733,9656,21643,43.375000000000000,93.375000000000000,1
734,9657,21644,41.375000000000000,93.375000000000000,1
735,9658,21645,39.375000000000000,93.375000000000000,1
736,9659,21646,37.375000000000000,93.375000000000000,1
737,9660,21647,35.375000000000000,93.375000000000000,1
738,9661,21648,33.375000000000000,93.375000000000000,1
739,9662,21649,31.375000000000000,93.375000000000000,1
740,9673,21698,49.375000000000000,93.625000000000000,1
741,9674,21699,47.375000000000000,93.625000000000000,1
742,9675,21700,45.375000000000000,93.625000000000000,1
743,9676,21701,43.375000000000000,93.625000000000000,1
744,9677,21702,41.375000000000000,93.625000000000000,1
745,9678,21703,39.375000000000000,93.625000000000000,1
746,9679,21704,37.375000000000000,93.625000000000000,1
747,9680,21705,35.375000000000000,93.625000000000000,1
748,9681,21706,33.375000000000000,93.625000000000000,1
749,9682,21707,31.375000000000000,93.625000000000000,1
750,9693,21756,49.375000000000000,93.875000000000000,1
751,9694,21757,47.375000000000000,93.875000000000000,1
752,9695,21758,45.375000000000000,93.875000000000000,1
753,9696,21759,43.375000000000000,93.875000000000000,1
754,9697,21760,41.375000000000000,93.875000000000000,1
755,9698,21761,39.375000000000000,93.875000000000000,1
756,9699,21762,37.375000000000000,93.875000000000000,1
757,9700,21763,35.375000000000000,93.875000000000000,1
758,9701,21764,33.375000000000000,93.875000000000000,1
759,9702,21765,31.375000000000000,93.875000000000000,1
760,9714,21814,49.375000000000000,94.125000000000000,1
761,9715,21815,47.375000000000000,94.125000000000000,1
762,9716,21816,45.375000000000000,94.125000000000000,1
763,9717,21817,43.375000000000000,94.125000000000000,1
764,9718,21818,41.375000000000000,94.125000000000000,1
765,9719,21819,39.375000000000000,94.125000000000000,1
766,9720,21820,37.375000000000000,94.125000000000000,1
767,9721,21821,35.375000000000000,94.125000000000000,1
768,9722,21822,33.375000000000000,94.125000000000000,1
769,9723,21823,31.375000000000000,94.125000000000000,1
770,9735,21872,49.375000000000000,94.375000000000000,1
771,9736,21873,47.375000000000000,94.375000000000000,1
772,9737,21874,45.375000000000000,94.375000000000000,1
773,9738,21875,43.375000000000000,94.375000000000000,1
774,9739,21876,41.375000000000000,94.375000000000000,1
775,9740,21877,39.375000000000000,94.375000000000000,1
776,9741,21878,37.375000000000000,94.375000000000000,1
777,9742,21879,35.375000000000000,94.375000000000000,1
778,9743,21880,33.375000000000000,94.375000000000000,1
779,9744,21881,31.375000000000000,94.375000000000000,1
780,9756,21930,49.375000000000000,94.625000000000000,1
781,9757,21931,47.375000000000000,94.625000000000000,1
782,9758,21932,45.375000000000000,94.625000000000000,1
783,9759,21933,43.375000000000000,94.625000000000000,1
784,9760,21934,41.375000000000000,94.625000000000000,1
785,9761,21935,39.375000000000000,94.625000000000000,1
786,9762,21936,37.375000000000000,94.625000000000000,1
787,9763,21937,35.375000000000000,94.625000000000000,1
788,9764,21938,33.375000000000000,94.625000000000000,1
789,9765,21939,31.375000000000000,94.625000000000000,1
790,9778,21988,49.375000000000000,94.875000000000000,1
791,9779,21989,47.375000000000000,94.875000000000000,1
792,9780,21990,45.375000000000000,94.875000000000000,1
793,9781,21991,43.375000000000000,94.875000000000000,1
794,9782,21992,41.375000000000000,94.875000000000000,1
795,9783,21993,39.375000000000000,94.875000000000000,1
796,9784,21994,37.375000000000000,94.875000000000000,1
797,9785,21995,35.375000000000000,94.875000000000000,1
798,9786,21996,33.375000000000000,94.875000000000000,1
799,9787,21997,31.375000000000000,94.875000000000000,1
800,9800,22046,49.375000000000000,95.125000000000000,1
801,9801,22047,47.375000000000000,95.125000000000000,1
802,9802,22048,45.375000000000000,95.125000000000000,1
803,9803,22049,43.375000000000000,95.125000000000000,1
804,9804,22050,41.375000000000000,95.125000000000000,1
805,9805,22051,39.375000000000000,95.125000000000000,1
806,9806,22052,37.375000000000000,95.125000000000000,1
807,9807,22053,35.375000000000000,95.125000000000000,1
808,9808,22054,33.375000000000000,95.125000000000000,1
809,9809,22055,31.375000000000000,95.125000000000000,1
810,9822,22104,49.375000000000000,95.375000000000000,1
811,9823,22105,47.375000000000000,95.375000000000000,1
812,9824,22106,45.375000000000000,95.375000000000000,1
813,9825,22107,43.375000000000000,95.375000000000000,1
814,9826,22108,41.375000000000000,95.375000000000000,1
815,9827,22109,39.375000000000000,95.375000000000000,1
816,9828,22110,37.375000000000000,95.375000000000000,1
817,9829,22111,35.375000000000000,95.375000000000000,1
818,9830,22112,33.375000000000000,95.375000000000000,1
819,9831,22113,31.375000000000000,95.375000000000000,1
820,9844,22162,49.375000000000000,95.625000000000000,1
821,9845,22163,47.375000000000000,95.625000000000000,1
822,9846,22164,45.375000000000000,95.625000000000000,1
823,9847,22165,43.375000000000000,95.625000000000000,1
824,9848,22166,41.375000000000000,95.625000000000000,1
825,9849,22167,39.375000000000000,95.625000000000000,1
826,9850,22168,37.375000000000000,95.625000000000000,1
827,9851,22169,35.375000000000000,95.625000000000000,1
828,9852,22170,33.375000000000000,95.625000000000000,1
829,9853,22171,31.375000000000000,95.625000000000000,1
830,9866,22220,49.375000000000000,95.875000000000000,1
831,9867,22221,47.375000000000000,95.875000000000000,1
832,9868,22222,45.375000000000000,95.875000000000000,1
833,9869,22223,43.375000000000000,95.875000000000000,1
834,9870,22224,41.375000000000000,95.875000000000000,1
835,9871,22225,39.375000000000000,95.875000000000000,1
836,9872,22226,37.375000000000000,95.875000000000000,1
837,9873,22227,35.375000000000000,95.875000000000000,1
838,9874,22228,33.375000000000000,95.875000000000000,1
839,9875,22229,31.375000000000000,95.875000000000000,1
840,9888,22278,49.375000000000000,96.125000000000000,1
841,9889,22279,47.375000000000000,96.125000000000000,1
842,9890,22280,45.375000000000000,96.125000000000000,1
843,9891,22281,43.375000000000000,96.125000000000000,1
844,9892,22282,41.375000000000000,96.125000000000000,1
845,9893,22283,39.375000000000000,96.125000000000000,1
846,9894,22284,37.375000000000000,96.125000000000000,1
847,9895,22285,35.375000000000000,96.125000000000000,1
848,9896,22286,33.375000000000000,96.125000000000000,1
849,9897,22287,31.375000000000000,96.125000000000000,1
850,9910,22336,49.375000000000000,96.375000000000000,1
851,9911,22337,47.375000000000000,96.375000000000000,1
852,9912,22338,45.375000000000000,96.375000000000000,1
853,9913,22339,43.375000000000000,96.375000000000000,1
854,9914,22340,41.375000000000000,96.375000000000000,1
855,9915,22341,39.375000000000000,96.375000000000000,1
856,9916,22342,37.375000000000000,96.375000000000000,1
857,9917,22343,35.375000000000000,96.375000000000000,1
858,9918,22344,33.375000000000000,96.375000000000000,1
859,9919,22345,31.375000000000000,96.375000000000000,1
860,9932,22394,49.375000000000000,96.625000000000000,1
861,9933,22395,47.375000000000000,96.625000000000000,1
862,9934,22396,45.375000000000000,96.625000000000000,1
863,9935,22397,43.375000000000000,96.625000000000000,1
864,9936,22398,41.375000000000000,96.625000000000000,1
865,9937,22399,39.375000000000000,96.625000000000000,1
866,9938,22400,37.375000000000000,96.625000000000000,1
867,9939,22401,35.375000000000000,96.625000000000000,1
868,9940,22402,33.375000000000000,96.625000000000000,1
869,9941,22403,31.375000000000000,96.625000000000000,1
870,9954,22452,49.375000000000000,96.875000000000000,1
871,9955,22453,47.375000000000000,96.875000000000000,1
872,9956,22454,45.375000000000000,96.875000000000000,1
873,9957,22455,43.375000000000000,96.875000000000000,1
874,9958,22456,41.375000000000000,96.875000000000000,1
875,9959,22457,39.375000000000000,96.875000000000000,1
876,9960,22458,37.375000000000000,96.875000000000000,1
877,9961,22459,35.375000000000000,96.875000000000000,1
878,9962,22460,33.375000000000000,96.875000000000000,1
879,9963,22461,31.375000000000000,96.875000000000000,1
880,9975,22510,49.375000000000000,97.125000000000000,1
881,9976,22511,47.375000000000000,97.125000000000000,1
882,9977,22512,45.375000000000000,97.125000000000000,1
883,9978,22513,43.375000000000000,97.125000000000000,1
884,9979,22514,41.375000000000000,97.125000000000000,1
885,9980,22515,39.375000000000000,97.125000000000000,1
886,9981,22516,37.375000000000000,97.125000000000000,1
887,9982,22517,35.375000000000000,97.125000000000000,1
888,9983,22518,33.375000000000000,97.125000000000000,1
889,9984,22519,31.375000000000000,97.125000000000000,1
890,9997,22568,49.375000000000000,97.375000000000000,1
891,9998,22569,47.375000000000000,97.375000000000000,1
892,9999,22570,45.375000000000000,97.375000000000000,1
893,10000,22571,43.375000000000000,97.375000000000000,1
894,10001,22572,41.375000000000000,97.375000000000000,1
895,10002,22573,39.375000000000000,97.375000000000000,1
896,10003,22574,37.375000000000000,97.375000000000000,1
897,10004,22575,35.375000000000000,97.375000000000000,1
898,10005,22576,33.375000000000000,97.375000000000000,1
899,10006,22577,31.375000000000000,97.375000000000000,1
900,10019,22626,49.375000000000000,97.625000000000000,1
901,10020,22627,47.375000000000000,97.625000000000000,1
902,10021,22628,45.375000000000000,97.625000000000000,1
903,10022,22629,43.375000000000000,97.625000000000000,1
904,10023,22630,41.375000000000000,97.625000000000000,1
905,10024,22631,39.375000000000000,97.625000000000000,1
906,10025,22632,37.375000000000000,97.625000000000000,1
907,10026,22633,35.375000000000000,97.625000000000000,1
908,10027,22634,33.375000000000000,97.625000000000000,1
909,10028,22635,31.375000000000000,97.625000000000000,1
910,10041,22684,49.375000000000000,97.875000000000000,1
911,10042,22685,47.375000000000000,97.875000000000000,1
912,10043,22686,45.375000000000000,97.875000000000000,1
913,10044,22687,43.375000000000000,97.875000000000000,1
914,10045,22688,41.375000000000000,97.875000000000000,1
915,10046,22689,39.375000000000000,97.875000000000000,1
916,10047,22690,37.375000000000000,97.875000000000000,1
917,10048,22691,35.375000000000000,97.875000000000000,1
918,10049,22692,33.375000000000000,97.875000000000000,1
919,10050,22693,31.375000000000000,97.875000000000000,1
920,10063,22742,49.375000000000000,98.125000000000000,1
921,10064,22743,47.375000000000000,98.125000000000000,1
922,10065,22744,45.375000000000000,98.125000000000000,1
923,10066,22745,43.375000000000000,98.125000000000000,1
924,10067,22746,41.375000000000000,98.125000000000000,1
925,10068,22747,39.375000000000000,98.125000000000000,1
926,10069,22748,37.375000000000000,98.125000000000000,1
927,10070,22749,35.375000000000000,98.125000000000000,1
928,10071,22750,33.375000000000000,98.125000000000000,1
929,10072,22751,31.375000000000000,98.125000000000000,1
930,10085,22800,49.375000000000000,98.375000000000000,1
931,10086,22801,47.375000000000000,98.375000000000000,1
932,10087,22802,45.375000000000000,98.375000000000000,1
933,10088,22803,43.375000000000000,98.375000000000000,1
934,10089,22804,41.375000000000000,98.375000000000000,1
935,10090,22805,39.375000000000000,98.375000000000000,1
936,10091,22806,37.375000000000000,98.375000000000000,1
937,10092,22807,35.375000000000000,98.375000000000000,1
938,10093,22808,33.375000000000000,98.375000000000000,1
939,10094,22809,31.375000000000000,98.375000000000000,1
940,10107,22858,49.375000000000000,98.625000000000000,1
941,10108,22859,47.375000000000000,98.625000000000000,1
942,10109,22860,45.375000000000000,98.625000000000000,1
943,10110,22861,43.375000000000000,98.625000000000000,1
944,10111,22862,41.375000000000000,98.625000000000000,1
945,10112,22863,39.375000000000000,98.625000000000000,1
946,10113,22864,37.375000000000000,98.625000000000000,1
947,10114,22865,35.375000000000000,98.625000000000000,1
948,10115,22866,33.375000000000000,98.625000000000000,1
949,10116,22867,31.375000000000000,98.625000000000000,1
950,10129,22916,49.375000000000000,98.875000000000000,1
951,10130,22917,47.375000000000000,98.875000000000000,1
952,10131,22918,45.375000000000000,98.875000000000000,1
953,10132,22919,43.375000000000000,98.875000000000000,1
954,10133,22920,41.375000000000000,98.875000000000000,1
955,10134,22921,39.375000000000000,98.875000000000000,1
956,10135,22922,37.375000000000000,98.875000000000000,1
957,10136,22923,35.375000000000000,98.875000000000000,1
958,10137,22924,33.375000000000000,98.875000000000000,1
959,10138,22925,31.375000000000000,98.875000000000000,1
960,10152,22974,49.375000000000000,99.125000000000000,1
961,10153,22975,47.375000000000000,99.125000000000000,1
962,10154,22976,45.375000000000000,99.125000000000000,1
963,10155,22977,43.375000000000000,99.125000000000000,1
964,10156,22978,41.375000000000000,99.125000000000000,1
965,10157,22979,39.375000000000000,99.125000000000000,1
966,10158,22980,37.375000000000000,99.125000000000000,1
967,10159,22981,35.375000000000000,99.125000000000000,1
968,10160,22982,33.375000000000000,99.125000000000000,1
969,10161,22983,31.375000000000000,99.125000000000000,1
970,10175,23032,49.375000000000000,99.375000000000000,1
971,10176,23033,47.375000000000000,99.375000000000000,1
972,10177,23034,45.375000000000000,99.375000000000000,1
973,10178,23035,43.375000000000000,99.375000000000000,1
974,10179,23036,41.375000000000000,99.375000000000000,1
975,10180,23037,39.375000000000000,99.375000000000000,1
976,10181,23038,37.375000000000000,99.375000000000000,1
977,10182,23039,35.375000000000000,99.375000000000000,1
978,10183,23040,33.375000000000000,99.375000000000000,1
979,10184,23041,31.375000000000000,99.375000000000000,1
980,10199,23090,49.375000000000000,99.625000000000000,1
981,10200,23091,47.375000000000000,99.625000000000000,1
982,10201,23092,45.375000000000000,99.625000000000000,1
983,10202,23093,43.375000000000000,99.625000000000000,1
984,10203,23094,41.375000000000000,99.625000000000000,1
985,10204,23095,39.375000000000000,99.625000000000000,1
986,10205,23096,37.375000000000000,99.625000000000000,1
987,10206,23097,35.375000000000000,99.625000000000000,1
988,10207,23098,33.375000000000000,99.625000000000000,1
989,10208,23099,31.375000000000000,99.625000000000000,1
990,10223,23148,49.375000000000000,99.875000000000000,1
991,10224,23149,47.375000000000000,99.875000000000000,1
992,10225,23150,45.375000000000000,99.875000000000000,1
993,10226,23151,43.375000000000000,99.875000000000000,1
994,10227,23152,41.375000000000000,99.875000000000000,1
995,10228,23153,39.375000000000000,99.875000000000000,1
996,10229,23154,37.375000000000000,99.875000000000000,1
997,10230,23155,35.375000000000000,99.875000000000000,1
998,10231,23156,33.375000000000000,99.875000000000000,1
999,10232,23157,31.375000000000000,99.875000000000000,1