FID,OBJECTID,field,Var1,Var2,value
0,18,24,13.375000000000000,0.125000000000000,1
1,19,25,11.375000000000000,0.125000000000000,1
2,20,26,9.375000000000000,0.125000000000000,1
3,21,27,7.375000000000000,0.125000000000000,1
4,38,82,13.375000000000000,0.375000000000000,1
5,39,83,11.375000000000000,0.375000000000000,1
6,40,84,9.375000000000000,0.375000000000000,1
7,41,85,7.375000000000000,0.375000000000000,1
8,58,140,13.375000000000000,0.625000000000000,1
9,59,141,11.375000000000000,0.625000000000000,1
10,60,142,9.375000000000000,0.625000000000000,1
11,61,143,7.375000000000000,0.625000000000000,1
12,78,198,13.375000000000000,0.875000000000000,1
13,79,199,11.375000000000000,0.875000000000000,1
14,80,200,9.375000000000000,0.875000000000000,1
15,81,201,7.375000000000000,0.875000000000000,1
16,97,256,13.375000000000000,1.125000000000000,1
17,98,257,11.375000000000000,1.125000000000000,1
18,99,258,9.375000000000000,1.125000000000000,1
19,100,259,7.375000000000000,1.125000000000000,1
20,117,314,13.375000000000000,1.375000000000000,1
21,118,315,11.375000000000000,1.375000000000000,1
22,119,316,9.375000000000000,1.375000000000000,1
23,120,317,7.375000000000000,1.375000000000000,1
24,137,372,13.375000000000000,1.625000000000000,1
25,138,373,11.375000000000000,1.625000000000000,1
26,139,374,9.375000000000000,1.625000000000000,1
27,140,375,7.375000000000000,1.625000000000000,1
28,157,430,13.375000000000000,1.875000000000000,1
29,158,431,11.375000000000000,1.875000000000000,1
30,159,432,9.375000000000000,1.875000000000000,1
31,160,433,7.375000000000000,1.875000000000000,1
32,177,488,13.375000000000000,2.125000000000000,1
33,178,489,11.375000000000000,2.125000000000000,1
34,179,490,9.375000000000000,2.125000000000000,1
35,180,491,7.375000000000000,2.125000000000000,1
36,196,546,13.375000000000000,2.375000000000000,1
37,197,547,11.375000000000000,2.375000000000000,1
38,198,548,9.375000000000000,2.375000000000000,1
39,199,549,7.375000000000000,2.375000000000000,1
40,215,604,13.375000000000000,2.625000000000000,1
41,216,605,11.375000000000000,2.625000000000000,1
42,217,606,9.375000000000000,2.625000000000000,1
43,218,607,7.375000000000000,2.625000000000000,1
44,234,662,13.375000000000000,2.875000000000000,1
45,235,663,11.375000000000000,2.875000000000000,1
46,236,664,9.375000000000000,2.875000000000000,1
47,237,665,7.375000000000000,2.875000000000000,1
48,253,720,13.375000000000000,3.125000000000000,1
49,254,721,11.375000000000000,3.125000000000000,1
50,255,722,9.375000000000000,3.125000000000000,1
51,256,723,7.375000000000000,3.125000000000000,1
52,272,778,13.375000000000000,3.375000000000000,1
53,273,779,11.375000000000000,3.375000000000000,1
54,274,780,9.375000000000000,3.375000000000000,1
55,275,781,7.375000000000000,3.375000000000000,1
56,291,836,13.375000000000000,3.625000000000000,1
57,292,837,11.375000000000000,3.625000000000000,1
58,293,838,9.375000000000000,3.625000000000000,1
59,294,839,7.375000000000000,3.625000000000000,1
60,309,894,13.375000000000000,3.875000000000000,1
61,310,895,11.375000000000000,3.875000000000000,1
62,311,896,9.375000000000000,3.875000000000000,1
63,312,897,7.375000000000000,3.875000000000000,1
64,327,952,13.375000000000000,4.125000000000000,1
65,328,953,11.375000000000000,4.125000000000000,1
66,329,954,9.375000000000000,4.125000000000000,1
67,330,955,7.375000000000000,4.125000000000000,1
68,346,1010,13.375000000000000,4.375000000000000,1
69,347,1011,11.375000000000000,4.375000000000000,1
70,348,1012,9.375000000000000,4.375000000000000,1
71,349,1013,7.375000000000000,4.375000000000000,1
72,365,1068,13.375000000000000,4.625000000000000,1
73,366,1069,11.375000000000000,4.625000000000000,1
74,367,1070,9.375000000000000,4.625000000000000,1
75,368,1071,7.375000000000000,4.625000000000000,1
76,384,1126,13.375000000000000,4.875000000000000,1
77,385,1127,11.375000000000000,4.875000000000000,1
78,386,1128,9.375000000000000,4.875000000000000,1
79,387,1129,7.375000000000000,4.875000000000000,1
80,403,1184,13.375000000000000,5.125000000000000,1
81,404,1185,11.375000000000000,5.125000000000000,1
82,405,1186,9.375000000000000,5.125000000000000,1
83,406,1187,7.375000000000000,5.125000000000000,1
84,422,1242,13.375000000000000,5.375000000000000,1
85,423,1243,11.375000000000000,5.375000000000000,1
86,424,1244,9.375000000000000,5.375000000000000,1
87,425,1245,7.375000000000000,5.375000000000000,1
88,441,1300,13.375000000000000,5.625000000000000,1
89,442,1301,11.375000000000000,5.625000000000000,1
90,443,1302,9.375000000000000,5.625000000000000,1
91,444,1303,7.375000000000000,5.625000000000000,1
92,461,1358,13.375000000000000,5.875000000000000,1
93,462,1359,11.375000000000000,5.875000000000000,1
94,463,1360,9.375000000000000,5.875000000000000,1
95,464,1361,7.375000000000000,5.875000000000000,1
96,481,1416,13.375000000000000,6.125000000000000,1
97,482,1417,11.375000000000000,6.125000000000000,1
98,483,1418,9.375000000000000,6.125000000000000,1
99,484,1419,7.375000000000000,6.125000000000000,1
100,502,1474,13.375000000000000,6.375000000000000,1
101,503,1475,11.375000000000000,6.375000000000000,1
102,504,1476,9.375000000000000,6.375000000000000,1
103,505,1477,7.375000000000000,6.375000000000000,1
104,506,1478,5.375000000000000,6.375000000000000,1
105,524,1532,13.375000000000000,6.625000000000000,1
106,525,1533,11.375000000000000,6.625000000000000,1
107,526,1534,9.375000000000000,6.625000000000000,1
108,527,1535,7.375000000000000,6.625000000000000,1
109,528,1536,5.375000000000000,6.625000000000000,1
110,546,1590,13.375000000000000,6.875000000000000,1
111,547,1591,11.375000000000000,6.875000000000000,1
112,548,1592,9.375000000000000,6.875000000000000,1
113,549,1593,7.375000000000000,6.875000000000000,1
114,550,1594,5.375000000000000,6.875000000000000,1
115,568,1648,13.375000000000000,7.125000000000000,1
116,569,1649,11.375000000000000,7.125000000000000,1
117,570,1650,9.375000000000000,7.125000000000000,1
118,571,1651,7.375000000000000,7.125000000000000,1
119,572,1652,5.375000000000000,7.125000000000000,1
120,590,1706,13.375000000000000,7.375000000000000,1
121,591,1707,11.375000000000000,7.375000000000000,1
122,592,1708,9.375000000000000,7.375000000000000,1
123,593,1709,7.375000000000000,7.375000000000000,1
124,594,1710,5.375000000000000,7.375000000000000,1
125,612,1764,13.375000000000000,7.625000000000000,1
126,613,1765,11.375000000000000,7.625000000000000,1
127,614,1766,9.375000000000000,7.625000000000000,1
128,615,1767,7.375000000000000,7.625000000000000,1
129,616,1768,5.375000000000000,7.625000000000000,1
130,634,1822,13.375000000000000,7.875000000000000,1
131,635,1823,11.375000000000000,7.875000000000000,1
132,636,1824,9.375000000000000,7.875000000000000,1
133,637,1825,7.375000000000000,7.875000000000000,1
134,638,1826,5.375000000000000,7.875000000000000,1
135,656,1880,13.375000000000000,8.125000000000000,1
136,657,1881,11.375000000000000,8.125000000000000,1
137,658,1882,9.375000000000000,8.125000000000000,1
138,659,1883,7.375000000000000,8.125000000000000,1
139,660,1884,5.375000000000000,8.125000000000000,1
140,678,1938,13.375000000000000,8.375000000000000,1
141,679,1939,11.375000000000000,8.375000000000000,1
142,680,1940,9.375000000000000,8.375000000000000,1
143,681,1941,7.375000000000000,8.375000000000000,1
144,682,1942,5.375000000000000,8.375000000000000,1
145,700,1996,13.375000000000000,8.625000000000000,1
146,701,1997,11.375000000000000,8.625000000000000,1
147,702,1998,9.375000000000000,8.625000000000000,1
148,703,1999,7.375000000000000,8.625000000000000,1
149,704,2000,5.375000000000000,8.625000000000000,1
150,723,2054,13.375000000000000,8.875000000000000,1
151,724,2055,11.375000000000000,8.875000000000000,1
152,725,2056,9.375000000000000,8.875000000000000,1
153,726,2057,7.375000000000000,8.875000000000000,1
154,727,2058,5.375000000000000,8.875000000000000,1
155,746,2112,13.375000000000000,9.125000000000000,1
156,747,2113,11.375000000000000,9.125000000000000,1
157,748,2114,9.375000000000000,9.125000000000000,1
158,749,2115,7.375000000000000,9.125000000000000,1
159,750,2116,5.375000000000000,9.125000000000000,1
160,751,2119,-0.625000000000000,9.125000000000000,1
161,770,2170,13.375000000000000,9.375000000000000,1
162,771,2171,11.375000000000000,9.375000000000000,1
163,772,2172,9.375000000000000,9.375000000000000,1
164,773,2173,7.375000000000000,9.375000000000000,1
165,774,2174,5.375000000000000,9.375000000000000,1
166,775,2177,-0.625000000000000,9.375000000000000,1
167,793,2228,13.375000000000000,9.625000000000000,1
168,794,2229,11.375000000000000,9.625000000000000,1
169,795,2230,9.375000000000000,9.625000000000000,1
170,796,2231,7.375000000000000,9.625000000000000,1
171,797,2232,5.375000000000000,9.625000000000000,1
172,798,2234,1.375000000000000,9.625000000000000,1
173,799,2235,-0.625000000000000,9.625000000000000,1
174,818,2286,13.375000000000000,9.875000000000000,1
175,819,2287,11.375000000000000,9.875000000000000,1
176,820,2288,9.375000000000000,9.875000000000000,1
177,821,2289,7.375000000000000,9.875000000000000,1
178,822,2290,5.375000000000000,9.875000000000000,1
179,823,2291,3.375000000000000,9.875000000000000,1
180,824,2292,1.375000000000000,9.875000000000000,1
181,825,2293,-0.625000000000000,9.875000000000000,1
182,826,2294,-2.625000000000000,9.875000000000000,1
183,845,2344,13.375000000000000,10.125000000000000,1
184,846,2345,11.375000000000000,10.125000000000000,1
185,847,2346,9.375000000000000,10.125000000000000,1
186,848,2347,7.375000000000000,10.125000000000000,1
187,849,2348,5.375000000000000,10.125000000000000,1
188,850,2349,3.375000000000000,10.125000000000000,1
189,851,2350,1.375000000000000,10.125000000000000,1
190,852,2351,-0.625000000000000,10.125000000000000,1
191,853,2352,-2.625000000000000,10.125000000000000,1
192,872,2402,13.375000000000000,10.375000000000000,1
193,873,2403,11.375000000000000,10.375000000000000,1
194,874,2404,9.375000000000000,10.375000000000000,1
195,875,2405,7.375000000000000,10.375000000000000,1
196,876,2406,5.375000000000000,10.375000000000000,1
197,877,2407,3.375000000000000,10.375000000000000,1
198,878,2408,1.375000000000000,10.375000000000000,1
199,879,2409,-0.625000000000000,10.375000000000000,1
200,880,2410,-2.625000000000000,10.375000000000000,1
201,898,2460,13.375000000000000,10.625000000000000,1
202,899,2461,11.375000000000000,10.625000000000000,1
203,900,2462,9.375000000000000,10.625000000000000,1
204,901,2463,7.375000000000000,10.625000000000000,1
205,902,2464,5.375000000000000,10.625000000000000,1
206,903,2465,3.375000000000000,10.625000000000000,1
207,904,2466,1.375000000000000,10.625000000000000,1
208,905,2467,-0.625000000000000,10.625000000000000,1
209,906,2468,-2.625000000000000,10.625000000000000,1
210,924,2518,13.375000000000000,10.875000000000000,1
211,925,2519,11.375000000000000,10.875000000000000,1
212,926,2520,9.375000000000000,10.875000000000000,1
213,927,2521,7.375000000000000,10.875000000000000,1
214,928,2522,5.375000000000000,10.875000000000000,1
215,929,2523,3.375000000000000,10.875000000000000,1
216,930,2524,1.375000000000000,10.875000000000000,1
217,931,2525,-0.625000000000000,10.875000000000000,1
218,932,2526,-2.625000000000000,10.875000000000000,1
219,948,2576,13.375000000000000,11.125000000000000,1
220,949,2577,11.375000000000000,11.125000000000000,1
221,950,2578,9.375000000000000,11.125000000000000,1
222,951,2579,7.375000000000000,11.125000000000000,1
223,952,2580,5.375000000000000,11.125000000000000,1
224,953,2581,3.375000000000000,11.125000000000000,1
225,954,2582,1.375000000000000,11.125000000000000,1
226,955,2583,-0.625000000000000,11.125000000000000,1
227,956,2584,-2.625000000000000,11.125000000000000,1
228,974,2634,13.375000000000000,11.375000000000000,1
229,975,2635,11.375000000000000,11.375000000000000,1
230,976,2636,9.375000000000000,11.375000000000000,1
231,977,2637,7.375000000000000,11.375000000000000,1
232,978,2638,5.375000000000000,11.375000000000000,1
233,979,2639,3.375000000000000,11.375000000000000,1
234,980,2640,1.375000000000000,11.375000000000000,1
235,981,2641,-0.625000000000000,11.375000000000000,1
236,982,2642,-2.625000000000000,11.375000000000000,1
237,1000,2692,13.375000000000000,11.625000000000000,1
238,1001,2693,11.375000000000000,11.625000000000000,1
239,1002,2694,9.375000000000000,11.625000000000000,1
240,1003,2695,7.375000000000000,11.625000000000000,1
241,1004,2696,5.375000000000000,11.625000000000000,1
242,1005,2697,3.375000000000000,11.625000000000000,1
243,1006,2698,1.375000000000000,11.625000000000000,1
244,1007,2699,-0.625000000000000,11.625000000000000,1
245,1008,2700,-2.625000000000000,11.625000000000000,1
246,1026,2750,13.375000000000000,11.875000000000000,1
247,1027,2751,11.375000000000000,11.875000000000000,1
248,1028,2752,9.375000000000000,11.875000000000000,1
249,1029,2753,7.375000000000000,11.875000000000000,1
250,1030,2754,5.375000000000000,11.875000000000000,1
251,1031,2755,3.375000000000000,11.875000000000000,1
252,1032,2756,1.375000000000000,11.875000000000000,1
253,1033,2757,-0.625000000000000,11.875000000000000,1
254,1034,2758,-2.625000000000000,11.875000000000000,1
255,1035,2759,-4.625000000000000,11.875000000000000,1
256,1055,2808,13.375000000000000,12.125000000000000,1
257,1056,2809,11.375000000000000,12.125000000000000,1
258,1057,2810,9.375000000000000,12.125000000000000,1
259,1058,2811,7.375000000000000,12.125000000000000,1
260,1059,2812,5.375000000000000,12.125000000000000,1
261,1060,2813,3.375000000000000,12.125000000000000,1
262,1061,2814,1.375000000000000,12.125000000000000,1
263,1062,2815,-0.625000000000000,12.125000000000000,1
264,1063,2816,-2.625000000000000,12.125000000000000,1
265,1064,2817,-4.625000000000000,12.125000000000000,1
266,1083,2866,13.375000000000000,12.375000000000000,1
267,1084,2867,11.375000000000000,12.375000000000000,1
268,1085,2868,9.375000000000000,12.375000000000000,1
269,1086,2869,7.375000000000000,12.375000000000000,1
270,1087,2870,5.375000000000000,12.375000000000000,1
271,1088,2871,3.375000000000000,12.375000000000000,1
272,1089,2872,1.375000000000000,12.375000000000000,1
273,1090,2873,-0.625000000000000,12.375000000000000,1
274,1091,2874,-2.625000000000000,12.375000000000000,1
275,1092,2875,-4.625000000000000,12.375000000000000,1
276,1112,2924,13.375000000000000,12.625000000000000,1
277,1113,2925,11.375000000000000,12.625000000000000,1
278,1114,2926,9.375000000000000,12.625000000000000,1
279,1115,2927,7.375000000000000,12.625000000000000,1
280,1116,2928,5.375000000000000,12.625000000000000,1
281,1117,2929,3.375000000000000,12.625000000000000,1
282,1118,2930,1.375000000000000,12.625000000000000,1
283,1119,2931,-0.625000000000000,12.625000000000000,1
284,1120,2932,-2.625000000000000,12.625000000000000,1
285,1121,2933,-4.625000000000000,12.625000000000000,1
286,1141,2982,13.375000000000000,12.875000000000000,1
287,1142,2983,11.375000000000000,12.875000000000000,1
288,1143,2984,9.375000000000000,12.875000000000000,1
289,1144,2985,7.375000000000000,12.875000000000000,1
290,1145,2986,5.375000000000000,12.875000000000000,1
291,1146,2987,3.375000000000000,12.875000000000000,1
292,1147,2988,1.375000000000000,12.875000000000000,1
293,1148,2989,-0.625000000000000,12.875000000000000,1
294,1149,2990,-2.625000000000000,12.875000000000000,1
295,1150,2991,-4.625000000000000,12.875000000000000,1
296,1172,3040,13.375000000000000,13.125000000000000,1
297,1173,3041,11.375000000000000,13.125000000000000,1
298,1174,3042,9.375000000000000,13.125000000000000,1
299,1175,3043,7.375000000000000,13.125000000000000,1
300,1176,3044,5.375000000000000,13.125000000000000,1
301,1177,3045,3.375000000000000,13.125000000000000,1
302,1178,3046,1.375000000000000,13.125000000000000,1
303,1179,3047,-0.625000000000000,13.125000000000000,1
304,1180,3048,-2.625000000000000,13.125000000000000,1
305,1181,3049,-4.625000000000000,13.125000000000000,1
306,1203,3098,13.375000000000000,13.375000000000000,1
307,1204,3099,11.375000000000000,13.375000000000000,1
308,1205,3100,9.375000000000000,13.375000000000000,1
309,1206,3101,7.375000000000000,13.375000000000000,1
310,1207,3102,5.375000000000000,13.375000000000000,1
311,1208,3103,3.375000000000000,13.375000000000000,1
312,1209,3104,1.375000000000000,13.375000000000000,1
313,1210,3105,-0.625000000000000,13.375000000000000,1
314,1211,3106,-2.625000000000000,13.375000000000000,1
315,1212,3107,-4.625000000000000,13.375000000000000,1
316,1234,3156,13.375000000000000,13.625000000000000,1
317,1235,3157,11.375000000000000,13.625000000000000,1
318,1236,3158,9.375000000000000,13.625000000000000,1
319,1237,3159,7.375000000000000,13.625000000000000,1
320,1238,3160,5.375000000000000,13.625000000000000,1
321,1239,3161,3.375000000000000,13.625000000000000,1
322,1240,3162,1.375000000000000,13.625000000000000,1
323,1241,3163,-0.625000000000000,13.625000000000000,1
324,1242,3164,-2.625000000000000,13.625000000000000,1
325,1243,3165,-4.625000000000000,13.625000000000000,1
326,1264,3214,13.375000000000000,13.875000000000000,1
327,1265,3215,11.375000000000000,13.875000000000000,1
328,1266,3216,9.375000000000000,13.875000000000000,1
329,1267,3217,7.375000000000000,13.875000000000000,1
330,1268,3218,5.375000000000000,13.875000000000000,1
331,1269,3219,3.375000000000000,13.875000000000000,1
332,1270,3220,1.375000000000000,13.875000000000000,1
333,1271,3221,-0.625000000000000,13.875000000000000,1
334,1272,3222,-2.625000000000000,13.875000000000000,1
335,1273,3223,-4.625000000000000,13.875000000000000,1
336,1274,3224,-6.625000000000000,13.875000000000000,1
337,1275,3225,-8.625000000000000,13.875000000000000,1
338,1276,3226,-10.625000000000000,13.875000000000000,1
339,1299,3272,13.375000000000000,14.125000000000000,1
340,1300,3273,11.375000000000000,14.125000000000000,1
341,1301,3274,9.375000000000000,14.125000000000000,1
342,1302,3275,7.375000000000000,14.125000000000000,1
343,1303,3276,5.375000000000000,14.125000000000000,1
344,1304,3277,3.375000000000000,14.125000000000000,1
345,1305,3278,1.375000000000000,14.125000000000000,1
346,1306,3279,-0.625000000000000,14.125000000000000,1
347,1307,3280,-2.625000000000000,14.125000000000000,1
348,1308,3281,-4.625000000000000,14.125000000000000,1
349,1309,3282,-6.625000000000000,14.125000000000000,1
350,1310,3283,-8.625000000000000,14.125000000000000,1
351,1311,3284,-10.625000000000000,14.125000000000000,1
352,1334,3330,13.375000000000000,14.375000000000000,1
353,1335,3331,11.375000000000000,14.375000000000000,1
354,1336,3332,9.375000000000000,14.375000000000000,1
355,1337,3333,7.375000000000000,14.375000000000000,1
356,1338,3334,5.375000000000000,14.375000000000000,1
357,1339,3335,3.375000000000000,14.375000000000000,1
358,1340,3336,1.375000000000000,14.375000000000000,1
359,1341,3337,-0.625000000000000,14.375000000000000,1
360,1342,3338,-2.625000000000000,14.375000000000000,1
361,1343,3339,-4.625000000000000,14.375000000000000,1
362,1344,3340,-6.625000000000000,14.375000000000000,1
363,1345,3341,-8.625000000000000,14.375000000000000,1
364,1346,3342,-10.625000000000000,14.375000000000000,1
365,1369,3388,13.375000000000000,14.625000000000000,1
366,1370,3389,11.375000000000000,14.625000000000000,1
367,1371,3390,9.375000000000000,14.625000000000000,1
368,1372,3391,7.375000000000000,14.625000000000000,1
369,1373,3392,5.375000000000000,14.625000000000000,1
370,1374,3393,3.375000000000000,14.625000000000000,1
371,1375,3394,1.375000000000000,14.625000000000000,1
372,1376,3395,-0.625000000000000,14.625000000000000,1
373,1377,3396,-2.625000000000000,14.625000000000000,1
374,1378,3397,-4.625000000000000,14.625000000000000,1
375,1379,3398,-6.625000000000000,14.625000000000000,1
376,1380,3399,-8.625000000000000,14.625000000000000,1
377,1381,3400,-10.625000000000000,14.625000000000000,1
378,1405,3446,13.375000000000000,14.875000000000000,1
379,1406,3447,11.375000000000000,14.875000000000000,1
380,1407,3448,9.375000000000000,14.875000000000000,1
381,1408,3449,7.375000000000000,14.875000000000000,1
382,1409,3450,5.375000000000000,14.875000000000000,1
383,1410,3451,3.375000000000000,14.875000000000000,1
384,1411,3452,1.375000000000000,14.875000000000000,1
385,1412,3453,-0.625000000000000,14.875000000000000,1
386,1413,3454,-2.625000000000000,14.875000000000000,1
387,1414,3455,-4.625000000000000,14.875000000000000,1
388,1415,3456,-6.625000000000000,14.875000000000000,1
389,1416,3457,-8.625000000000000,14.875000000000000,1
390,1417,3458,-10.625000000000000,14.875000000000000,1
391,1441,3504,13.375000000000000,15.125000000000000,1
392,1442,3505,11.375000000000000,15.125000000000000,1
393,1443,3506,9.375000000000000,15.125000000000000,1
394,1444,3507,7.375000000000000,15.125000000000000,1
395,1445,3508,5.375000000000000,15.125000000000000,1
396,1446,3509,3.375000000000000,15.125000000000000,1
397,1447,3510,1.375000000000000,15.125000000000000,1
398,1448,3511,-0.625000000000000,15.125000000000000,1
399,1449,3512,-2.625000000000000,15.125000000000000,1
400,1450,3513,-4.625000000000000,15.125000000000000,1
401,1451,3514,-6.625000000000000,15.125000000000000,1
402,1452,3515,-8.625000000000000,15.125000000000000,1
403,1453,3516,-10.625000000000000,15.125000000000000,1
404,1477,3562,13.375000000000000,15.375000000000000,1
405,1478,3563,11.375000000000000,15.375000000000000,1
406,1479,3564,9.375000000000000,15.375000000000000,1
407,1480,3565,7.375000000000000,15.375000000000000,1
408,1481,3566,5.375000000000000,15.375000000000000,1
409,1482,3567,3.375000000000000,15.375000000000000,1
410,1483,3568,1.375000000000000,15.375000000000000,1
411,1484,3569,-0.625000000000000,15.375000000000000,1
412,1485,3570,-2.625000000000000,15.375000000000000,1
413,1486,3571,-4.625000000000000,15.375000000000000,1
414,1487,3572,-6.625000000000000,15.375000000000000,1
415,1488,3573,-8.625000000000000,15.375000000000000,1
416,1489,3574,-10.625000000000000,15.375000000000000,1
417,1513,3620,13.375000000000000,15.625000000000000,1
418,1514,3621,11.375000000000000,15.625000000000000,1
419,1515,3622,9.375000000000000,15.625000000000000,1
420,1516,3623,7.375000000000000,15.625000000000000,1
421,1517,3624,5.375000000000000,15.625000000000000,1
422,1518,3625,3.375000000000000,15.625000000000000,1
423,1519,3626,1.375000000000000,15.625000000000000,1
424,1520,3627,-0.625000000000000,15.625000000000000,1
425,1521,3628,-2.625000000000000,15.625000000000000,1
426,1522,3629,-4.625000000000000,15.625000000000000,1
427,1523,3630,-6.625000000000000,15.625000000000000,1
428,1524,3631,-8.625000000000000,15.625000000000000,1
429,1525,3632,-10.625000000000000,15.625000000000000,1
430,1549,3678,13.375000000000000,15.875000000000000,1
431,1550,3679,11.375000000000000,15.875000000000000,1
432,1551,3680,9.375000000000000,15.875000000000000,1
433,1552,3681,7.375000000000000,15.875000000000000,1
434,1553,3682,5.375000000000000,15.875000000000000,1
435,1554,3683,3.375000000000000,15.875000000000000,1
436,1555,3684,1.375000000000000,15.875000000000000,1
437,1556,3685,-0.625000000000000,15.875000000000000,1
438,1557,3686,-2.625000000000000,15.875000000000000,1
439,1558,3687,-4.625000000000000,15.875000000000000,1
440,1559,3688,-6.625000000000000,15.875000000000000,1
441,1560,3689,-8.625000000000000,15.875000000000000,1
442,1561,3690,-10.625000000000000,15.875000000000000,1
443,1585,3736,13.375000000000000,16.125000000000000,1
444,1586,3737,11.375000000000000,16.125000000000000,1
445,1587,3738,9.375000000000000,16.125000000000000,1
446,1588,3739,7.375000000000000,16.125000000000000,1
447,1589,3740,5.375000000000000,16.125000000000000,1
448,1590,3741,3.375000000000000,16.125000000000000,1
449,1591,3742,1.375000000000000,16.125000000000000,1
450,1592,3743,-0.625000000000000,16.125000000000000,1
451,1593,3744,-2.625000000000000,16.125000000000000,1
452,1594,3745,-4.625000000000000,16.125000000000000,1
453,1595,3746,-6.625000000000000,16.125000000000000,1
454,1596,3747,-8.625000000000000,16.125000000000000,1
455,1597,3748,-10.625000000000000,16.125000000000000,1
456,1619,3794,13.375000000000000,16.375000000000000,1
457,1620,3795,11.375000000000000,16.375000000000000,1
458,1621,3796,9.375000000000000,16.375000000000000,1
459,1622,3797,7.375000000000000,16.375000000000000,1
460,1623,3798,5.375000000000000,16.375000000000000,1
461,1624,3799,3.375000000000000,16.375000000000000,1
462,1625,3800,1.375000000000000,16.375000000000000,1
463,1626,3801,-0.625000000000000,16.375000000000000,1
464,1627,3802,-2.625000000000000,16.375000000000000,1
465,1628,3803,-4.625000000000000,16.375000000000000,1
466,1629,3804,-6.625000000000000,16.375000000000000,1
467,1630,3805,-8.625000000000000,16.375000000000000,1
468,1631,3806,-10.625000000000000,16.375000000000000,1
469,1654,3852,13.375000000000000,16.625000000000000,1
470,1655,3853,11.375000000000000,16.625000000000000,1
471,1656,3854,9.375000000000000,16.625000000000000,1
472,1657,3855,7.375000000000000,16.625000000000000,1
473,1658,3856,5.375000000000000,16.625000000000000,1
474,1659,3857,3.375000000000000,16.625000000000000,1
475,1660,3858,1.375000000000000,16.625000000000000,1
476,1661,3859,-0.625000000000000,16.625000000000000,1
477,1662,3860,-2.625000000000000,16.625000000000000,1
478,1663,3861,-4.625000000000000,16.625000000000000,1
479,1664,3862,-6.625000000000000,16.625000000000000,1
480,1665,3863,-8.625000000000000,16.625000000000000,1
481,1666,3864,-10.625000000000000,16.625000000000000,1
482,1690,3910,13.375000000000000,16.875000000000000,1
483,1691,3911,11.375000000000000,16.875000000000000,1
484,1692,3912,9.375000000000000,16.875000000000000,1
485,1693,3913,7.375000000000000,16.875000000000000,1
486,1694,3914,5.375000000000000,16.875000000000000,1
487,1695,3915,3.375000000000000,16.875000000000000,1
488,1696,3916,1.375000000000000,16.875000000000000,1
489,1697,3917,-0.625000000000000,16.875000000000000,1
490,1698,3918,-2.625000000000000,16.875000000000000,1
491,1699,3919,-4.625000000000000,16.875000000000000,1
492,1700,3920,-6.625000000000000,16.875000000000000,1
493,1701,3921,-8.625000000000000,16.875000000000000,1
494,1702,3922,-10.625000000000000,16.875000000000000,1
495,1725,3968,13.375000000000000,17.125000000000000,1
496,1726,3969,11.375000000000000,17.125000000000000,1
497,1727,3970,9.375000000000000,17.125000000000000,1
498,1728,3971,7.375000000000000,17.125000000000000,1
499,1729,3972,5.375000000000000,17.125000000000000,1
500,1730,3973,3.375000000000000,17.125000000000000,1
501,1731,3974,1.375000000000000,17.125000000000000,1
502,1732,3975,-0.625000000000000,17.125000000000000,1
503,1733,3976,-2.625000000000000,17.125000000000000,1
504,1734,3977,-4.625000000000000,17.125000000000000,1
505,1735,3978,-6.625000000000000,17.125000000000000,1
506,1736,3979,-8.625000000000000,17.125000000000000,1
507,1737,3980,-10.625000000000000,17.125000000000000,1
508,1760,4026,13.375000000000000,17.375000000000000,1
509,1761,4027,11.375000000000000,17.375000000000000,1
510,1762,4028,9.375000000000000,17.375000000000000,1
511,1763,4029,7.375000000000000,17.375000000000000,1
512,1764,4030,5.375000000000000,17.375000000000000,1
513,1765,4031,3.375000000000000,17.375000000000000,1
514,1766,4032,1.375000000000000,17.375000000000000,1
515,1767,4033,-0.625000000000000,17.375000000000000,1
516,1768,4034,-2.625000000000000,17.375000000000000,1
517,1769,4035,-4.625000000000000,17.375000000000000,1
518,1770,4036,-6.625000000000000,17.375000000000000,1
519,1771,4037,-8.625000000000000,17.375000000000000,1
520,1772,4038,-10.625000000000000,17.375000000000000,1
521,1795,4084,13.375000000000000,17.625000000000000,1
522,1796,4085,11.375000000000000,17.625000000000000,1
523,1797,4086,9.375000000000000,17.625000000000000,1
524,1798,4087,7.375000000000000,17.625000000000000,1
525,1799,4088,5.375000000000000,17.625000000000000,1
526,1800,4089,3.375000000000000,17.625000000000000,1
527,1801,4090,1.375000000000000,17.625000000000000,1
528,1802,4091,-0.625000000000000,17.625000000000000,1
529,1803,4092,-2.625000000000000,17.625000000000000,1
530,1804,4093,-4.625000000000000,17.625000000000000,1
531,1805,4094,-6.625000000000000,17.625000000000000,1
532,1806,4095,-8.625000000000000,17.625000000000000,1
533,1807,4096,-10.625000000000000,17.625000000000000,1
534,1832,4142,13.375000000000000,17.875000000000000,1
535,1833,4143,11.375000000000000,17.875000000000000,1
536,1834,4144,9.375000000000000,17.875000000000000,1
537,1835,4145,7.375000000000000,17.875000000000000,1
538,1836,4146,5.375000000000000,17.875000000000000,1
539,1837,4147,3.375000000000000,17.875000000000000,1
540,1838,4148,1.375000000000000,17.875000000000000,1
541,1839,4149,-0.625000000000000,17.875000000000000,1
542,1840,4150,-2.625000000000000,17.875000000000000,1
543,1841,4151,-4.625000000000000,17.875000000000000,1
544,1842,4152,-6.625000000000000,17.875000000000000,1
545,1843,4153,-8.625000000000000,17.875000000000000,1
546,1844,4154,-10.625000000000000,17.875000000000000,1
547,1868,4200,13.375000000000000,18.125000000000000,1
548,1869,4201,11.375000000000000,18.125000000000000,1
549,1870,4202,9.375000000000000,18.125000000000000,1
550,1871,4203,7.375000000000000,18.125000000000000,1
551,1872,4204,5.375000000000000,18.125000000000000,1
552,1873,4205,3.375000000000000,18.125000000000000,1
553,1874,4206,1.375000000000000,18.125000000000000,1
554,1875,4207,-0.625000000000000,18.125000000000000,1
555,1876,4208,-2.625000000000000,18.125000000000000,1
556,1877,4209,-4.625000000000000,18.125000000000000,1
557,1878,4210,-6.625000000000000,18.125000000000000,1
558,1879,4211,-8.625000000000000,18.125000000000000,1
559,1880,4212,-10.625000000000000,18.125000000000000,1
560,1904,4258,13.375000000000000,18.375000000000000,1
561,1905,4259,11.375000000000000,18.375000000000000,1
562,1906,4260,9.375000000000000,18.375000000000000,1
563,1907,4261,7.375000000000000,18.375000000000000,1
564,1908,4262,5.375000000000000,18.375000000000000,1
565,1909,4263,3.375000000000000,18.375000000000000,1
566,1910,4264,1.375000000000000,18.375000000000000,1
567,1911,4265,-0.625000000000000,18.375000000000000,1
568,1912,4266,-2.625000000000000,18.375000000000000,1
569,1913,4267,-4.625000000000000,18.375000000000000,1
570,1914,4268,-6.625000000000000,18.375000000000000,1
571,1915,4269,-8.625000000000000,18.375000000000000,1
572,1916,4270,-10.625000000000000,18.375000000000000,1
573,1940,4316,13.375000000000000,18.625000000000000,1
574,1941,4317,11.375000000000000,18.625000000000000,1
575,1942,4318,9.375000000000000,18.625000000000000,1
576,1943,4319,7.375000000000000,18.625000000000000,1
577,1944,4320,5.375000000000000,18.625000000000000,1
578,1945,4321,3.375000000000000,18.625000000000000,1
579,1946,4322,1.375000000000000,18.625000000000000,1
580,1947,4323,-0.625000000000000,18.625000000000000,1
581,1948,4324,-2.625000000000000,18.625000000000000,1
582,1949,4325,-4.625000000000000,18.625000000000000,1
583,1950,4326,-6.625000000000000,18.625000000000000,1
584,1951,4327,-8.625000000000000,18.625000000000000,1
585,1952,4328,-10.625000000000000,18.625000000000000,1
586,1977,4374,13.375000000000000,18.875000000000000,1
587,1978,4375,11.375000000000000,18.875000000000000,1
588,1979,4376,9.375000000000000,18.875000000000000,1
589,1980,4377,7.375000000000000,18.875000000000000,1
590,1981,4378,5.375000000000000,18.875000000000000,1
591,1982,4381,-0.625000000000000,18.875000000000000,1
592,1983,4382,-2.625000000000000,18.875000000000000,1
593,1984,4383,-4.625000000000000,18.875000000000000,1
594,1985,4384,-6.625000000000000,18.875000000000000,1
595,1986,4385,-8.625000000000000,18.875000000000000,1
596,1987,4386,-10.625000000000000,18.875000000000000,1
597,2013,4432,13.375000000000000,19.125000000000000,1
598,2014,4433,11.375000000000000,19.125000000000000,1
599,2015,4434,9.375000000000000,19.125000000000000,1
600,2016,4435,7.375000000000000,19.125000000000000,1
601,2017,4436,5.375000000000000,19.125000000000000,1
602,2018,4439,-0.625000000000000,19.125000000000000,1
603,2019,4440,-2.625000000000000,19.125000000000000,1
604,2020,4441,-4.625000000000000,19.125000000000000,1
605,2021,4442,-6.625000000000000,19.125000000000000,1
606,2022,4443,-8.625000000000000,19.125000000000000,1
607,2023,4444,-10.625000000000000,19.125000000000000,1
608,2049,4490,13.375000000000000,19.375000000000000,1
609,2050,4491,11.375000000000000,19.375000000000000,1
610,2051,4492,9.375000000000000,19.375000000000000,1
611,2052,4493,7.375000000000000,19.375000000000000,1
612,2053,4494,5.375000000000000,19.375000000000000,1
613,2054,4497,-0.625000000000000,19.375000000000000,1
614,2055,4498,-2.625000000000000,19.375000000000000,1
615,2056,4499,-4.625000000000000,19.375000000000000,1
616,2057,4500,-6.625000000000000,19.375000000000000,1
617,2058,4501,-8.625000000000000,19.375000000000000,1
618,2059,4502,-10.625000000000000,19.375000000000000,1
619,2086,4548,13.375000000000000,19.625000000000000,1
620,2087,4549,11.375000000000000,19.625000000000000,1
621,2088,4550,9.375000000000000,19.625000000000000,1
622,2089,4551,7.375000000000000,19.625000000000000,1
623,2090,4552,5.375000000000000,19.625000000000000,1
624,2091,4555,-0.625000000000000,19.625000000000000,1
625,2092,4556,-2.625000000000000,19.625000000000000,1
626,2093,4557,-4.625000000000000,19.625000000000000,1
627,2094,4558,-6.625000000000000,19.625000000000000,1
628,2095,4559,-8.625000000000000,19.625000000000000,1
629,2096,4560,-10.625000000000000,19.625000000000000,1
630,2123,4606,13.375000000000000,19.875000000000000,1
631,2124,4607,11.375000000000000,19.875000000000000,1
632,2125,4608,9.375000000000000,19.875000000000000,1
633,2126,4609,7.375000000000000,19.875000000000000,1
634,2127,4610,5.375000000000000,19.875000000000000,1
635,2128,4613,-0.625000000000000,19.875000000000000,1
636,2129,4614,-2.625000000000000,19.875000000000000,1
637,2130,4615,-4.625000000000000,19.875000000000000,1
638,2131,4616,-6.625000000000000,19.875000000000000,1
639,2132,4617,-8.625000000000000,19.875000000000000,1
640,2133,4618,-10.625000000000000,19.875000000000000,1
641,2160,4664,13.375000000000000,20.125000000000000,1
642,2161,4665,11.375000000000000,20.125000000000000,1
643,2162,4666,9.375000000000000,20.125000000000000,1
644,2163,4667,7.375000000000000,20.125000000000000,1
645,2164,4668,5.375000000000000,20.125000000000000,1
646,2165,4671,-0.625000000000000,20.125000000000000,1
647,2166,4672,-2.625000000000000,20.125000000000000,1
648,2167,4673,-4.625000000000000,20.125000000000000,1
649,2168,4674,-6.625000000000000,20.125000000000000,1
650,2169,4675,-8.625000000000000,20.125000000000000,1
651,2170,4676,-10.625000000000000,20.125000000000000,1
652,2198,4722,13.375000000000000,20.375000000000000,1
653,2199,4723,11.375000000000000,20.375000000000000,1
654,2200,4724,9.375000000000000,20.375000000000000,1
655,2201,4725,7.375000000000000,20.375000000000000,1
656,2202,4726,5.375000000000000,20.375000000000000,1
657,2203,4729,-0.625000000000000,20.375000000000000,1
658,2204,4730,-2.625000000000000,20.375000000000000,1
659,2205,4731,-4.625000000000000,20.375000000000000,1
660,2206,4732,-6.625000000000000,20.375000000000000,1
661,2207,4733,-8.625000000000000,20.375000000000000,1
662,2208,4734,-10.625000000000000,20.375000000000000,1
663,2236,4780,13.375000000000000,20.625000000000000,1
664,2237,4781,11.375000000000000,20.625000000000000,1
665,2238,4782,9.375000000000000,20.625000000000000,1
666,2239,4783,7.375000000000000,20.625000000000000,1
667,2240,4784,5.375000000000000,20.625000000000000,1
668,2241,4787,-0.625000000000000,20.625000000000000,1
669,2242,4788,-2.625000000000000,20.625000000000000,1
670,2243,4789,-4.625000000000000,20.625000000000000,1
671,2244,4790,-6.625000000000000,20.625000000000000,1
672,2245,4791,-8.625000000000000,20.625000000000000,1
673,2246,4792,-10.625000000000000,20.625000000000000,1
674,2274,4838,13.375000000000000,20.875000000000000,1
675,2275,4839,11.375000000000000,20.875000000000000,1
676,2276,4840,9.375000000000000,20.875000000000000,1
677,2277,4841,7.375000000000000,20.875000000000000,1
678,2278,4842,5.375000000000000,20.875000000000000,1
679,2279,4845,-0.625000000000000,20.875000000000000,1
680,2280,4846,-2.625000000000000,20.875000000000000,1
681,2281,4847,-4.625000000000000,20.875000000000000,1
682,2282,4848,-6.625000000000000,20.875000000000000,1
683,2283,4849,-8.625000000000000,20.875000000000000,1
684,2284,4850,-10.625000000000000,20.875000000000000,1
685,2312,4896,13.375000000000000,21.125000000000000,1
686,2313,4897,11.375000000000000,21.125000000000000,1
687,2314,4898,9.375000000000000,21.125000000000000,1
688,2315,4899,7.375000000000000,21.125000000000000,1
689,2316,4900,5.375000000000000,21.125000000000000,1
690,2317,4903,-0.625000000000000,21.125000000000000,1
691,2318,4904,-2.625000000000000,21.125000000000000,1
692,2319,4905,-4.625000000000000,21.125000000000000,1
693,2320,4906,-6.625000000000000,21.125000000000000,1
694,2321,4907,-8.625000000000000,21.125000000000000,1
695,2322,4908,-10.625000000000000,21.125000000000000,1
696,2352,4954,13.375000000000000,21.375000000000000,1
697,2353,4955,11.375000000000000,21.375000000000000,1
698,2354,4956,9.375000000000000,21.375000000000000,1
699,2355,4957,7.375000000000000,21.375000000000000,1
700,2356,4958,5.375000000000000,21.375000000000000,1
701,2357,4959,3.375000000000000,21.375000000000000,1
702,2358,4960,1.375000000000000,21.375000000000000,1
703,2359,4961,-0.625000000000000,21.375000000000000,1
704,2360,4962,-2.625000000000000,21.375000000000000,1
705,2361,4963,-4.625000000000000,21.375000000000000,1
706,2362,4964,-6.625000000000000,21.375000000000000,1
707,2363,4965,-8.625000000000000,21.375000000000000,1
708,2364,4966,-10.625000000000000,21.375000000000000,1
709,2395,5012,13.375000000000000,21.625000000000000,1
710,2396,5013,11.375000000000000,21.625000000000000,1
711,2397,5014,9.375000000000000,21.625000000000000,1
712,2398,5015,7.375000000000000,21.625000000000000,1
713,2399,5016,5.375000000000000,21.625000000000000,1
714,2400,5017,3.375000000000000,21.625000000000000,1
715,2401,5018,1.375000000000000,21.625000000000000,1
716,2402,5019,-0.625000000000000,21.625000000000000,1
717,2403,5020,-2.625000000000000,21.625000000000000,1
718,2404,5021,-4.625000000000000,21.625000000000000,1
719,2405,5022,-6.625000000000000,21.625000000000000,1
720,2406,5023,-8.625000000000000,21.625000000000000,1
721,2407,5024,-10.625000000000000,21.625000000000000,1
722,2439,5070,13.375000000000000,21.875000000000000,1
723,2440,5071,11.375000000000000,21.875000000000000,1
724,2441,5072,9.375000000000000,21.875000000000000,1
725,2442,5073,7.375000000000000,21.875000000000000,1
726,2443,5074,5.375000000000000,21.875000000000000,1
727,2444,5075,3.375000000000000,21.875000000000000,1
728,2445,5076,1.375000000000000,21.875000000000000,1
729,2446,5077,-0.625000000000000,21.875000000000000,1
730,2447,5078,-2.625000000000000,21.875000000000000,1
731,2448,5079,-4.625000000000000,21.875000000000000,1
732,2449,5080,-6.625000000000000,21.875000000000000,1
733,2450,5081,-8.625000000000000,21.875000000000000,1
734,2451,5082,-10.625000000000000,21.875000000000000,1
735,2483,5128,13.375000000000000,22.125000000000000,1
736,2484,5129,11.375000000000000,22.125000000000000,1
737,2485,5130,9.375000000000000,22.125000000000000,1
738,2486,5131,7.375000000000000,22.125000000000000,1
739,2487,5132,5.375000000000000,22.125000000000000,1
740,2488,5133,3.375000000000000,22.125000000000000,1
741,2489,5134,1.375000000000000,22.125000000000000,1
742,2490,5135,-0.625000000000000,22.125000000000000,1
743,2491,5136,-2.625000000000000,22.125000000000000,1
744,2492,5137,-4.625000000000000,22.125000000000000,1
745,2493,5138,-6.625000000000000,22.125000000000000,1
746,2494,5139,-8.625000000000000,22.125000000000000,1
747,2495,5140,-10.625000000000000,22.125000000000000,1
748,2527,5186,13.375000000000000,22.375000000000000,1
749,2528,5187,11.375000000000000,22.375000000000000,1
750,2529,5188,9.375000000000000,22.375000000000000,1
751,2530,5189,7.375000000000000,22.375000000000000,1
752,2531,5190,5.375000000000000,22.375000000000000,1
753,2532,5191,3.375000000000000,22.375000000000000,1
754,2533,5192,1.375000000000000,22.375000000000000,1
755,2534,5193,-0.625000000000000,22.375000000000000,1
756,2535,5194,-2.625000000000000,22.375000000000000,1
757,2536,5195,-4.625000000000000,22.375000000000000,1
758,2537,5196,-6.625000000000000,22.375000000000000,1
759,2538,5197,-8.625000000000000,22.375000000000000,1
760,2539,5198,-10.625000000000000,22.375000000000000,1
761,2571,5244,13.375000000000000,22.625000000000000,1
762,2572,5245,11.375000000000000,22.625000000000000,1
763,2573,5246,9.375000000000000,22.625000000000000,1
764,2574,5247,7.375000000000000,22.625000000000000,1
765,2575,5248,5.375000000000000,22.625000000000000,1
766,2576,5249,3.375000000000000,22.625000000000000,1
767,2577,5250,1.375000000000000,22.625000000000000,1
768,2578,5251,-0.625000000000000,22.625000000000000,1
769,2579,5252,-2.625000000000000,22.625000000000000,1
770,2580,5253,-4.625000000000000,22.625000000000000,1
771,2581,5254,-6.625000000000000,22.625000000000000,1
772,2582,5255,-8.625000000000000,22.625000000000000,1
773,2583,5256,-10.625000000000000,22.625000000000000,1
774,2614,5302,13.375000000000000,22.875000000000000,1
775,2615,5303,11.375000000000000,22.875000000000000,1
776,2616,5304,9.375000000000000,22.875000000000000,1
777,2617,5305,7.375000000000000,22.875000000000000,1
778,2618,5306,5.375000000000000,22.875000000000000,1
779,2619,5307,3.375000000000000,22.875000000000000,1
780,2620,5308,1.375000000000000,22.875000000000000,1
781,2621,5309,-0.625000000000000,22.875000000000000,1
782,2622,5310,-2.625000000000000,22.875000000000000,1
783,2623,5311,-4.625000000000000,22.875000000000000,1
784,2624,5312,-6.625000000000000,22.875000000000000,1
785,2625,5313,-8.625000000000000,22.875000000000000,1
786,2626,5314,-10.625000000000000,22.875000000000000,1
787,2657,5360,13.375000000000000,23.125000000000000,1
788,2658,5361,11.375000000000000,23.125000000000000,1
789,2659,5362,9.375000000000000,23.125000000000000,1
790,2660,5363,7.375000000000000,23.125000000000000,1
791,2661,5364,5.375000000000000,23.125000000000000,1
792,2662,5365,3.375000000000000,23.125000000000000,1
793,2663,5366,1.375000000000000,23.125000000000000,1
794,2664,5367,-0.625000000000000,23.125000000000000,1
795,2665,5368,-2.625000000000000,23.125000000000000,1
796,2666,5369,-4.625000000000000,23.125000000000000,1
797,2667,5370,-6.625000000000000,23.125000000000000,1
798,2668,5371,-8.625000000000000,23.125000000000000,1
799,2669,5372,-10.625000000000000,23.125000000000000,1
800,2698,5418,13.375000000000000,23.375000000000000,1
801,2699,5419,11.375000000000000,23.375000000000000,1
802,2700,5420,9.375000000000000,23.375000000000000,1
803,2701,5421,7.375000000000000,23.375000000000000,1
804,2702,5422,5.375000000000000,23.375000000000000,1
805,2703,5423,3.375000000000000,23.375000000000000,1
806,2704,5424,1.375000000000000,23.375000000000000,1
807,2705,5425,-0.625000000000000,23.375000000000000,1
808,2706,5426,-2.625000000000000,23.375000000000000,1
809,2707,5427,-4.625000000000000,23.375000000000000,1
810,2708,5428,-6.625000000000000,23.375000000000000,1
811,2709,5429,-8.625000000000000,23.375000000000000,1
812,2710,5430,-10.625000000000000,23.375000000000000,1
813,2739,5476,13.375000000000000,23.625000000000000,1
814,2740,5477,11.375000000000000,23.625000000000000,1
815,2741,5478,9.375000000000000,23.625000000000000,1
816,2742,5479,7.375000000000000,23.625000000000000,1
817,2743,5480,5.375000000000000,23.625000000000000,1
818,2744,5481,3.375000000000000,23.625000000000000,1
819,2745,5482,1.375000000000000,23.625000000000000,1
820,2746,5483,-0.625000000000000,23.625000000000000,1
821,2747,5484,-2.625000000000000,23.625000000000000,1
822,2748,5485,-4.625000000000000,23.625000000000000,1
823,2749,5486,-6.625000000000000,23.625000000000000,1
824,2750,5487,-8.625000000000000,23.625000000000000,1
825,2751,5488,-10.625000000000000,23.625000000000000,1
826,2779,5534,13.375000000000000,23.875000000000000,1
827,2780,5535,11.375000000000000,23.875000000000000,1
828,2781,5536,9.375000000000000,23.875000000000000,1
829,2782,5537,7.375000000000000,23.875000000000000,1
830,2783,5538,5.375000000000000,23.875000000000000,1
831,2784,5539,3.375000000000000,23.875000000000000,1
832,2785,5540,1.375000000000000,23.875000000000000,1
833,2786,5541,-0.625000000000000,23.875000000000000,1
834,2787,5542,-2.625000000000000,23.875000000000000,1
835,2788,5543,-4.625000000000000,23.875000000000000,1
836,2789,5544,-6.625000000000000,23.875000000000000,1
837,2790,5545,-8.625000000000000,23.875000000000000,1
838,2791,5546,-10.625000000000000,23.875000000000000,1
839,2819,5592,13.375000000000000,24.125000000000000,1
840,2820,5593,11.375000000000000,24.125000000000000,1
841,2821,5594,9.375000000000000,24.125000000000000,1
842,2822,5595,7.375000000000000,24.125000000000000,1
843,2823,5596,5.375000000000000,24.125000000000000,1
844,2824,5597,3.375000000000000,24.125000000000000,1
845,2825,5598,1.375000000000000,24.125000000000000,1
846,2826,5599,-0.625000000000000,24.125000000000000,1
847,2827,5600,-2.625000000000000,24.125000000000000,1
848,2828,5601,-4.625000000000000,24.125000000000000,1
849,2829,5602,-6.625000000000000,24.125000000000000,1
850,2830,5603,-8.625000000000000,24.125000000000000,1
851,2831,5604,-10.625000000000000,24.125000000000000,1
852,2859,5650,13.375000000000000,24.375000000000000,1
853,2860,5651,11.375000000000000,24.375000000000000,1
854,2861,5652,9.375000000000000,24.375000000000000,1
855,2862,5653,7.375000000000000,24.375000000000000,1
856,2863,5654,5.375000000000000,24.375000000000000,1
857,2864,5655,3.375000000000000,24.375000000000000,1
858,2865,5656,1.375000000000000,24.375000000000000,1
859,2866,5657,-0.625000000000000,24.375000000000000,1
860,2867,5658,-2.625000000000000,24.375000000000000,1
861,2868,5659,-4.625000000000000,24.375000000000000,1
862,2869,5660,-6.625000000000000,24.375000000000000,1
863,2870,5661,-8.625000000000000,24.375000000000000,1
864,2871,5662,-10.625000000000000,24.375000000000000,1
865,2900,5708,13.375000000000000,24.625000000000000,1
866,2901,5709,11.375000000000000,24.625000000000000,1
867,2902,5710,9.375000000000000,24.625000000000000,1
868,2903,5711,7.375000000000000,24.625000000000000,1
869,2904,5712,5.375000000000000,24.625000000000000,1
870,2905,5713,3.375000000000000,24.625000000000000,1
871,2906,5714,1.375000000000000,24.625000000000000,1
872,2907,5715,-0.625000000000000,24.625000000000000,1
873,2908,5716,-2.625000000000000,24.625000000000000,1
874,2909,5717,-4.625000000000000,24.625000000000000,1
875,2910,5718,-6.625000000000000,24.625000000000000,1
876,2911,5719,-8.625000000000000,24.625000000000000,1
877,2912,5720,-10.625000000000000,24.625000000000000,1
878,2941,5766,13.375000000000000,24.875000000000000,1
879,2942,5767,11.375000000000000,24.875000000000000,1
880,2943,5768,9.375000000000000,24.875000000000000,1
881,2944,5769,7.375000000000000,24.875000000000000,1
882,2945,5770,5.375000000000000,24.875000000000000,1
883,2946,5771,3.375000000000000,24.875000000000000,1
884,2947,5772,1.375000000000000,24.875000000000000,1
885,2948,5773,-0.625000000000000,24.875000000000000,1
886,2949,5774,-2.625000000000000,24.875000000000000,1
887,2950,5775,-4.625000000000000,24.875000000000000,1
888,2951,5776,-6.625000000000000,24.875000000000000,1
889,2952,5777,-8.625000000000000,24.875000000000000,1
890,2953,5778,-10.625000000000000,24.875000000000000,1
891,21043,79774,13.375000000000000,-16.125000000000000,1
892,21049,79832,13.375000000000000,-15.875000000000000,1
893,21055,79890,13.375000000000000,-15.625000000000000,1
894,21061,79948,13.375000000000000,-15.375000000000000,1
895,21067,80006,13.375000000000000,-15.125000000000000,1
896,21068,80007,11.375000000000000,-15.125000000000000,1
897,21074,80064,13.375000000000000,-14.875000000000000,1
898,21075,80065,11.375000000000000,-14.875000000000000,1
899,21081,80122,13.375000000000000,-14.625000000000000,1
900,21082,80123,11.375000000000000,-14.625000000000000,1
901,21088,80180,13.375000000000000,-14.375000000000000,1
902,21089,80181,11.375000000000000,-14.375000000000000,1
903,21095,80238,13.375000000000000,-14.125000000000000,1
904,21096,80239,11.375000000000000,-14.125000000000000,1
905,21102,80296,13.375000000000000,-13.875000000000000,1
906,21103,80297,11.375000000000000,-13.875000000000000,1
907,21110,80354,13.375000000000000,-13.625000000000000,1
908,21111,80355,11.375000000000000,-13.625000000000000,1
909,21118,80412,13.375000000000000,-13.375000000000000,1
910,21119,80413,11.375000000000000,-13.375000000000000,1
911,21120,80414,9.375000000000000,-13.375000000000000,1
912,21128,80470,13.375000000000000,-13.125000000000000,1
913,21129,80471,11.375000000000000,-13.125000000000000,1
914,21130,80472,9.375000000000000,-13.125000000000000,1
915,21138,80528,13.375000000000000,-12.875000000000000,1
916,21139,80529,11.375000000000000,-12.875000000000000,1
917,21140,80530,9.375000000000000,-12.875000000000000,1
918,21148,80586,13.375000000000000,-12.625000000000000,1
919,21149,80587,11.375000000000000,-12.625000000000000,1
920,21150,80588,9.375000000000000,-12.625000000000000,1
921,21158,80644,13.375000000000000,-12.375000000000000,1
922,21159,80645,11.375000000000000,-12.375000000000000,1
923,21160,80646,9.375000000000000,-12.375000000000000,1
924,21168,80702,13.375000000000000,-12.125000000000000,1
925,21169,80703,11.375000000000000,-12.125000000000000,1
926,21170,80704,9.375000000000000,-12.125000000000000,1
927,21178,80760,13.375000000000000,-11.875000000000000,1
928,21179,80761,11.375000000000000,-11.875000000000000,1
929,21180,80762,9.375000000000000,-11.875000000000000,1
930,21188,80818,13.375000000000000,-11.625000000000000,1
931,21189,80819,11.375000000000000,-11.625000000000000,1
932,21190,80820,9.375000000000000,-11.625000000000000,1
933,21198,80876,13.375000000000000,-11.375000000000000,1
934,21199,80877,11.375000000000000,-11.375000000000000,1
935,21200,80878,9.375000000000000,-11.375000000000000,1
936,21208,80934,13.375000000000000,-11.125000000000000,1
937,21209,80935,11.375000000000000,-11.125000000000000,1
938,21210,80936,9.375000000000000,-11.125000000000000,1
939,21211,80937,7.375000000000000,-11.125000000000000,1
940,21219,80992,13.375000000000000,-10.875000000000000,1
941,21220,80993,11.375000000000000,-10.875000000000000,1
942,21221,80994,9.375000000000000,-10.875000000000000,1
943,21222,80995,7.375000000000000,-10.875000000000000,1
944,21230,81050,13.375000000000000,-10.625000000000000,1
945,21231,81051,11.375000000000000,-10.625000000000000,1
946,21232,81052,9.375000000000000,-10.625000000000000,1
947,21233,81053,7.375000000000000,-10.625000000000000,1
948,21241,81108,13.375000000000000,-10.375000000000000,1
949,21242,81109,11.375000000000000,-10.375000000000000,1
950,21243,81110,9.375000000000000,-10.375000000000000,1
951,21244,81111,7.375000000000000,-10.375000000000000,1
952,21252,81166,13.375000000000000,-10.125000000000000,1
953,21253,81167,11.375000000000000,-10.125000000000000,1
954,21254,81168,9.375000000000000,-10.125000000000000,1
955,21255,81169,7.375000000000000,-10.125000000000000,1
956,21263,81224,13.375000000000000,-9.875000000000000,1
957,21264,81225,11.375000000000000,-9.875000000000000,1
958,21265,81226,9.375000000000000,-9.875000000000000,1
959,21266,81227,7.375000000000000,-9.875000000000000,1
960,21274,81282,13.375000000000000,-9.625000000000000,1
961,21275,81283,11.375000000000000,-9.625000000000000,1
962,21276,81284,9.375000000000000,-9.625000000000000,1
963,21277,81285,7.375000000000000,-9.625000000000000,1
964,21285,81340,13.375000000000000,-9.375000000000000,1
965,21286,81341,11.375000000000000,-9.375000000000000,1
966,21287,81342,9.375000000000000,-9.375000000000000,1
967,21288,81343,7.375000000000000,-9.375000000000000,1
968,21296,81398,13.375000000000000,-9.125000000000000,1
969,21297,81399,11.375000000000000,-9.125000000000000,1
970,21298,81400,9.375000000000000,-9.125000000000000,1
971,21299,81401,7.375000000000000,-9.125000000000000,1
972,21307,81456,13.375000000000000,-8.875000000000000,1
973,21308,81457,11.375000000000000,-8.875000000000000,1
974,21309,81458,9.375000000000000,-8.875000000000000,1
975,21310,81459,7.375000000000000,-8.875000000000000,1
976,21324,81514,13.375000000000000,-8.625000000000000,1
977,21325,81515,11.375000000000000,-8.625000000000000,1
978,21326,81516,9.375000000000000,-8.625000000000000,1
979,21327,81517,7.375000000000000,-8.625000000000000,1
980,21328,81518,5.375000000000000,-8.625000000000000,1
981,21343,81572,13.375000000000000,-8.375000000000000,1
982,21344,81573,11.375000000000000,-8.375000000000000,1
983,21345,81574,9.375000000000000,-8.375000000000000,1
984,21346,81575,7.375000000000000,-8.375000000000000,1
985,21347,81576,5.375000000000000,-8.375000000000000,1
986,21363,81630,13.375000000000000,-8.125000000000000,1
987,21364,81631,11.375000000000000,-8.125000000000000,1
988,21365,81632,9.375000000000000,-8.125000000000000,1
989,21366,81633,7.375000000000000,-8.125000000000000,1
990,21367,81634,5.375000000000000,-8.125000000000000,1
991,21383,81688,13.375000000000000,-7.875000000000000,1
992,21384,81689,11.375000000000000,-7.875000000000000,1
993,21385,81690,9.375000000000000,-7.875000000000000,1
994,21386,81691,7.375000000000000,-7.875000000000000,1
995,21387,81692,5.375000000000000,-7.875000000000000,1
996,21403,81746,13.375000000000000,-7.625000000000000,1
997,21404,81747,11.375000000000000,-7.625000000000000,1
998,21405,81748,9.375000000000000,-7.625000000000000,1
999,21406,81749,7.375000000000000,-7.625000000000000,1
1000,21407,81750,5.375000000000000,-7.625000000000000,1
1001,21423,81804,13.375000000000000,-7.375000000000000,1
1002,21424,81805,11.375000000000000,-7.375000000000000,1
1003,21425,81806,9.375000000000000,-7.375000000000000,1
1004,21426,81807,7.375000000000000,-7.375000000000000,1
1005,21427,81808,5.375000000000000,-7.375000000000000,1
1006,21443,81862,13.375000000000000,-7.125000000000000,1
1007,21444,81863,11.375000000000000,-7.125000000000000,1
1008,21445,81864,9.375000000000000,-7.125000000000000,1
1009,21446,81865,7.375000000000000,-7.125000000000000,1
1010,21447,81866,5.375000000000000,-7.125000000000000,1
1011,21463,81920,13.375000000000000,-6.875000000000000,1
1012,21464,81921,11.375000000000000,-6.875000000000000,1
1013,21465,81922,9.375000000000000,-6.875000000000000,1
1014,21466,81923,7.375000000000000,-6.875000000000000,1
1015,21467,81924,5.375000000000000,-6.875000000000000,1
1016,21483,81978,13.375000000000000,-6.625000000000000,1
1017,21484,81979,11.375000000000000,-6.625000000000000,1
1018,21485,81980,9.375000000000000,-6.625000000000000,1
1019,21486,81981,7.375000000000000,-6.625000000000000,1
1020,21487,81982,5.375000000000000,-6.625000000000000,1
1021,21503,82036,13.375000000000000,-6.375000000000000,1
1022,21504,82037,11.375000000000000,-6.375000000000000,1
1023,21505,82038,9.375000000000000,-6.375000000000000,1
1024,21506,82039,7.375000000000000,-6.375000000000000,1
1025,21507,82040,5.375000000000000,-6.375000000000000,1
1026,21522,82094,13.375000000000000,-6.125000000000000,1
1027,21523,82095,11.375000000000000,-6.125000000000000,1
1028,21524,82096,9.375000000000000,-6.125000000000000,1
1029,21525,82097,7.375000000000000,-6.125000000000000,1
1030,21541,82152,13.375000000000000,-5.875000000000000,1
1031,21542,82153,11.375000000000000,-5.875000000000000,1
1032,21543,82154,9.375000000000000,-5.875000000000000,1
1033,21544,82155,7.375000000000000,-5.875000000000000,1
1034,21561,82210,13.375000000000000,-5.625000000000000,1
1035,21562,82211,11.375000000000000,-5.625000000000000,1
1036,21563,82212,9.375000000000000,-5.625000000000000,1
1037,21564,82213,7.375000000000000,-5.625000000000000,1
1038,21581,82268,13.375000000000000,-5.375000000000000,1
1039,21582,82269,11.375000000000000,-5.375000000000000,1
1040,21583,82270,9.375000000000000,-5.375000000000000,1
1041,21584,82271,7.375000000000000,-5.375000000000000,1
1042,21601,82326,13.375000000000000,-5.125000000000000,1
1043,21602,82327,11.375000000000000,-5.125000000000000,1
1044,21603,82328,9.375000000000000,-5.125000000000000,1
1045,21604,82329,7.375000000000000,-5.125000000000000,1
1046,21620,82384,13.375000000000000,-4.875000000000000,1
1047,21621,82385,11.375000000000000,-4.875000000000000,1
1048,21622,82386,9.375000000000000,-4.875000000000000,1
1049,21623,82387,7.375000000000000,-4.875000000000000,1
1050,21639,82442,13.375000000000000,-4.625000000000000,1
1051,21640,82443,11.375000000000000,-4.625000000000000,1
1052,21641,82444,9.375000000000000,-4.625000000000000,1
1053,21642,82445,7.375000000000000,-4.625000000000000,1
1054,21658,82500,13.375000000000000,-4.375000000000000,1
1055,21659,82501,11.375000000000000,-4.375000000000000,1
1056,21660,82502,9.375000000000000,-4.375000000000000,1
1057,21661,82503,7.375000000000000,-4.375000000000000,1
1058,21677,82558,13.375000000000000,-4.125000000000000,1
1059,21678,82559,11.375000000000000,-4.125000000000000,1
1060,21679,82560,9.375000000000000,-4.125000000000000,1
1061,21680,82561,7.375000000000000,-4.125000000000000,1
1062,21696,82616,13.375000000000000,-3.875000000000000,1
1063,21697,82617,11.375000000000000,-3.875000000000000,1
1064,21698,82618,9.375000000000000,-3.875000000000000,1
1065,21699,82619,7.375000000000000,-3.875000000000000,1
1066,21715,82674,13.375000000000000,-3.625000000000000,1
1067,21716,82675,11.375000000000000,-3.625000000000000,1
1068,21717,82676,9.375000000000000,-3.625000000000000,1
1069,21718,82677,7.375000000000000,-3.625000000000000,1
1070,21719,82678,5.375000000000000,-3.625000000000000,1
1071,21735,82732,13.375000000000000,-3.375000000000000,1
1072,21736,82733,11.375000000000000,-3.375000000000000,1
1073,21737,82734,9.375000000000000,-3.375000000000000,1
1074,21738,82735,7.375000000000000,-3.375000000000000,1
1075,21739,82736,5.375000000000000,-3.375000000000000,1
1076,21755,82790,13.375000000000000,-3.125000000000000,1
1077,21756,82791,11.375000000000000,-3.125000000000000,1
1078,21757,82792,9.375000000000000,-3.125000000000000,1
1079,21758,82793,7.375000000000000,-3.125000000000000,1
1080,21759,82794,5.375000000000000,-3.125000000000000,1
1081,21777,82848,13.375000000000000,-2.875000000000000,1
1082,21778,82849,11.375000000000000,-2.875000000000000,1
1083,21779,82850,9.375000000000000,-2.875000000000000,1
1084,21780,82851,7.375000000000000,-2.875000000000000,1
1085,21781,82852,5.375000000000000,-2.875000000000000,1
1086,21799,82906,13.375000000000000,-2.625000000000000,1
1087,21800,82907,11.375000000000000,-2.625000000000000,1
1088,21801,82908,9.375000000000000,-2.625000000000000,1
1089,21802,82909,7.375000000000000,-2.625000000000000,1
1090,21803,82910,5.375000000000000,-2.625000000000000,1
1091,21821,82964,13.375000000000000,-2.375000000000000,1
1092,21822,82965,11.375000000000000,-2.375000000000000,1
1093,21823,82966,9.375000000000000,-2.375000000000000,1
1094,21824,82967,7.375000000000000,-2.375000000000000,1
1095,21825,82968,5.375000000000000,-2.375000000000000,1
1096,21843,83022,13.375000000000000,-2.125000000000000,1
1097,21844,83023,11.375000000000000,-2.125000000000000,1
1098,21845,83024,9.375000000000000,-2.125000000000000,1
1099,21846,83025,7.375000000000000,-2.125000000000000,1
1100,21847,83026,5.375000000000000,-2.125000000000000,1
1101,21865,83080,13.375000000000000,-1.875000000000000,1
1102,21866,83081,11.375000000000000,-1.875000000000000,1
1103,21867,83082,9.375000000000000,-1.875000000000000,1
1104,21868,83083,7.375000000000000,-1.875000000000000,1
1105,21869,83084,5.375000000000000,-1.875000000000000,1
1106,21887,83138,13.375000000000000,-1.625000000000000,1
1107,21888,83139,11.375000000000000,-1.625000000000000,1
1108,21889,83140,9.375000000000000,-1.625000000000000,1
1109,21890,83141,7.375000000000000,-1.625000000000000,1
1110,21891,83142,5.375000000000000,-1.625000000000000,1
1111,21908,83196,13.375000000000000,-1.375000000000000,1
1112,21909,83197,11.375000000000000,-1.375000000000000,1
1113,21910,83198,9.375000000000000,-1.375000000000000,1
1114,21911,83199,7.375000000000000,-1.375000000000000,1
1115,21912,83200,5.375000000000000,-1.375000000000000,1
1116,21931,83254,13.375000000000000,-1.125000000000000,1
1117,21932,83255,11.375000000000000,-1.125000000000000,1
1118,21933,83256,9.375000000000000,-1.125000000000000,1
1119,21934,83257,7.375000000000000,-1.125000000000000,1
1120,21953,83312,13.375000000000000,-0.875000000000000,1
1121,21954,83313,11.375000000000000,-0.875000000000000,1
1122,21955,83314,9.375000000000000,-0.875000000000000,1
1123,21956,83315,7.375000000000000,-0.875000000000000,1
1124,21975,83370,13.375000000000000,-0.625000000000000,1
1125,21976,83371,11.375000000000000,-0.625000000000000,1
1126,21977,83372,9.375000000000000,-0.625000000000000,1
1127,21978,83373,7.375000000000000,-0.625000000000000,1
1128,21997,83428,13.375000000000000,-0.375000000000000,1
1129,21998,83429,11.375000000000000,-0.375000000000000,1
1130,21999,83430,9.375000000000000,-0.375000000000000,1
1131,22000,83431,7.375000000000000,-0.375000000000000,1
1132,22018,83486,13.375000000000000,-0.125000000000000,1
1133,22019,83487,11.375000000000000,-0.125000000000000,1
1134,22020,83488,9.375000000000000,-0.125000000000000,1
1135,22021,83489,7.375000000000000,-0.125000000000000,1