FID,OBJECTID,field,Var1,Var2,value
0,5128,9286,49.375000000000000,40.125000000000000,1
1,5129,9287,47.375000000000000,40.125000000000000,1
2,5130,9288,45.375000000000000,40.125000000000000,1
3,5131,9291,39.375000000000000,40.125000000000000,1
4,5132,9292,37.375000000000000,40.125000000000000,1
5,5133,9293,35.375000000000000,40.125000000000000,1
6,5134,9294,33.375000000000000,40.125000000000000,1
7,5135,9295,31.375000000000000,40.125000000000000,1
8,5136,9296,29.375000000000000,40.125000000000000,1
9,5137,9297,27.375000000000000,40.125000000000000,1
10,5138,9298,25.375000000000000,40.125000000000000,1
11,5139,9299,23.375000000000000,40.125000000000000,1
12,5140,9300,21.375000000000000,40.125000000000000,1
13,5157,9344,49.375000000000000,40.375000000000000,1
14,5158,9345,47.375000000000000,40.375000000000000,1
15,5159,9346,45.375000000000000,40.375000000000000,1
16,5160,9349,39.375000000000000,40.375000000000000,1
17,5161,9350,37.375000000000000,40.375000000000000,1
18,5162,9351,35.375000000000000,40.375000000000000,1
19,5163,9352,33.375000000000000,40.375000000000000,1
20,5164,9353,31.375000000000000,40.375000000000000,1
21,5165,9354,29.375000000000000,40.375000000000000,1
22,5166,9355,27.375000000000000,40.375000000000000,1
23,5167,9356,25.375000000000000,40.375000000000000,1
24,5168,9357,23.375000000000000,40.375000000000000,1
25,5169,9358,21.375000000000000,40.375000000000000,1
26,5185,9402,49.375000000000000,40.625000000000000,1
27,5186,9403,47.375000000000000,40.625000000000000,1
28,5187,9404,45.375000000000000,40.625000000000000,1
29,5188,9407,39.375000000000000,40.625000000000000,1
30,5189,9408,37.375000000000000,40.625000000000000,1
31,5190,9409,35.375000000000000,40.625000000000000,1
32,5191,9410,33.375000000000000,40.625000000000000,1
33,5192,9411,31.375000000000000,40.625000000000000,1
34,5193,9412,29.375000000000000,40.625000000000000,1
35,5194,9413,27.375000000000000,40.625000000000000,1
36,5195,9414,25.375000000000000,40.625000000000000,1
37,5196,9415,23.375000000000000,40.625000000000000,1
38,5197,9416,21.375000000000000,40.625000000000000,1
39,5212,9460,49.375000000000000,40.875000000000000,1
40,5213,9461,47.375000000000000,40.875000000000000,1
41,5214,9462,45.375000000000000,40.875000000000000,1
42,5215,9465,39.375000000000000,40.875000000000000,1
43,5216,9466,37.375000000000000,40.875000000000000,1
44,5217,9467,35.375000000000000,40.875000000000000,1
45,5218,9468,33.375000000000000,40.875000000000000,1
46,5219,9469,31.375000000000000,40.875000000000000,1
47,5220,9470,29.375000000000000,40.875000000000000,1
48,5221,9471,27.375000000000000,40.875000000000000,1
49,5222,9472,25.375000000000000,40.875000000000000,1
50,5223,9473,23.375000000000000,40.875000000000000,1
51,5224,9474,21.375000000000000,40.875000000000000,1
52,5238,9518,49.375000000000000,41.125000000000000,1
53,5239,9519,47.375000000000000,41.125000000000000,1
54,5240,9520,45.375000000000000,41.125000000000000,1
55,5241,9523,39.375000000000000,41.125000000000000,1
56,5242,9524,37.375000000000000,41.125000000000000,1
57,5243,9525,35.375000000000000,41.125000000000000,1
58,5244,9526,33.375000000000000,41.125000000000000,1
59,5245,9527,31.375000000000000,41.125000000000000,1
60,5246,9528,29.375000000000000,41.125000000000000,1
61,5247,9529,27.375000000000000,41.125000000000000,1
62,5248,9530,25.375000000000000,41.125000000000000,1
63,5249,9531,23.375000000000000,41.125000000000000,1
64,5250,9532,21.375000000000000,41.125000000000000,1
65,5264,9576,49.375000000000000,41.375000000000000,1
66,5265,9577,47.375000000000000,41.375000000000000,1
67,5266,9578,45.375000000000000,41.375000000000000,1
68,5267,9579,43.375000000000000,41.375000000000000,1
69,5268,9581,39.375000000000000,41.375000000000000,1
70,5269,9582,37.375000000000000,41.375000000000000,1
71,5270,9583,35.375000000000000,41.375000000000000,1
72,5271,9584,33.375000000000000,41.375000000000000,1
73,5272,9585,31.375000000000000,41.375000000000000,1
74,5273,9586,29.375000000000000,41.375000000000000,1
75,5274,9587,27.375000000000000,41.375000000000000,1
76,5275,9588,25.375000000000000,41.375000000000000,1
77,5276,9589,23.375000000000000,41.375000000000000,1
78,5277,9590,21.375000000000000,41.375000000000000,1
79,5278,9591,19.375000000000000,41.375000000000000,1
80,5292,9634,49.375000000000000,41.625000000000000,1
81,5293,9635,47.375000000000000,41.625000000000000,1
82,5294,9636,45.375000000000000,41.625000000000000,1
83,5295,9637,43.375000000000000,41.625000000000000,1
84,5296,9638,41.375000000000000,41.625000000000000,1
85,5297,9639,39.375000000000000,41.625000000000000,1
86,5298,9640,37.375000000000000,41.625000000000000,1
87,5299,9641,35.375000000000000,41.625000000000000,1
88,5300,9642,33.375000000000000,41.625000000000000,1
89,5301,9643,31.375000000000000,41.625000000000000,1
90,5302,9644,29.375000000000000,41.625000000000000,1
91,5303,9645,27.375000000000000,41.625000000000000,1
92,5304,9646,25.375000000000000,41.625000000000000,1
93,5305,9647,23.375000000000000,41.625000000000000,1
94,5306,9648,21.375000000000000,41.625000000000000,1
95,5307,9649,19.375000000000000,41.625000000000000,1
96,5321,9692,49.375000000000000,41.875000000000000,1
97,5322,9693,47.375000000000000,41.875000000000000,1
98,5323,9694,45.375000000000000,41.875000000000000,1
99,5324,9695,43.375000000000000,41.875000000000000,1
100,5325,9696,41.375000000000000,41.875000000000000,1
101,5326,9697,39.375000000000000,41.875000000000000,1
102,5327,9698,37.375000000000000,41.875000000000000,1
103,5328,9699,35.375000000000000,41.875000000000000,1
104,5329,9700,33.375000000000000,41.875000000000000,1
105,5330,9701,31.375000000000000,41.875000000000000,1
106,5331,9702,29.375000000000000,41.875000000000000,1
107,5332,9703,27.375000000000000,41.875000000000000,1
108,5333,9704,25.375000000000000,41.875000000000000,1
109,5334,9705,23.375000000000000,41.875000000000000,1
110,5335,9706,21.375000000000000,41.875000000000000,1
111,5336,9707,19.375000000000000,41.875000000000000,1
112,5350,9750,49.375000000000000,42.125000000000000,1
113,5351,9751,47.375000000000000,42.125000000000000,1
114,5352,9752,45.375000000000000,42.125000000000000,1
115,5353,9753,43.375000000000000,42.125000000000000,1
116,5354,9754,41.375000000000000,42.125000000000000,1
117,5355,9755,39.375000000000000,42.125000000000000,1
118,5356,9756,37.375000000000000,42.125000000000000,1
119,5357,9757,35.375000000000000,42.125000000000000,1
120,5358,9758,33.375000000000000,42.125000000000000,1
121,5359,9759,31.375000000000000,42.125000000000000,1
122,5360,9760,29.375000000000000,42.125000000000000,1
123,5361,9761,27.375000000000000,42.125000000000000,1
124,5362,9762,25.375000000000000,42.125000000000000,1
125,5363,9763,23.375000000000000,42.125000000000000,1
126,5364,9764,21.375000000000000,42.125000000000000,1
127,5365,9765,19.375000000000000,42.125000000000000,1
128,5379,9808,49.375000000000000,42.375000000000000,1
129,5380,9809,47.375000000000000,42.375000000000000,1
130,5381,9810,45.375000000000000,42.375000000000000,1
131,5382,9811,43.375000000000000,42.375000000000000,1
132,5383,9812,41.375000000000000,42.375000000000000,1
133,5384,9813,39.375000000000000,42.375000000000000,1
134,5385,9814,37.375000000000000,42.375000000000000,1
135,5386,9815,35.375000000000000,42.375000000000000,1
136,5387,9816,33.375000000000000,42.375000000000000,1
137,5388,9817,31.375000000000000,42.375000000000000,1
138,5389,9818,29.375000000000000,42.375000000000000,1
139,5390,9819,27.375000000000000,42.375000000000000,1
140,5391,9820,25.375000000000000,42.375000000000000,1
141,5392,9821,23.375000000000000,42.375000000000000,1
142,5393,9822,21.375000000000000,42.375000000000000,1
143,5394,9823,19.375000000000000,42.375000000000000,1
144,5395,9824,17.375000000000000,42.375000000000000,1
145,5407,9866,49.375000000000000,42.625000000000000,1
146,5408,9867,47.375000000000000,42.625000000000000,1
147,5409,9868,45.375000000000000,42.625000000000000,1
148,5410,9869,43.375000000000000,42.625000000000000,1
149,5411,9870,41.375000000000000,42.625000000000000,1
150,5412,9871,39.375000000000000,42.625000000000000,1
151,5413,9872,37.375000000000000,42.625000000000000,1
152,5414,9873,35.375000000000000,42.625000000000000,1
153,5415,9874,33.375000000000000,42.625000000000000,1
154,5416,9875,31.375000000000000,42.625000000000000,1
155,5417,9876,29.375000000000000,42.625000000000000,1
156,5418,9877,27.375000000000000,42.625000000000000,1
157,5419,9878,25.375000000000000,42.625000000000000,1
158,5420,9879,23.375000000000000,42.625000000000000,1
159,5421,9880,21.375000000000000,42.625000000000000,1
160,5422,9881,19.375000000000000,42.625000000000000,1
161,5423,9882,17.375000000000000,42.625000000000000,1
162,5435,9924,49.375000000000000,42.875000000000000,1
163,5436,9925,47.375000000000000,42.875000000000000,1
164,5437,9926,45.375000000000000,42.875000000000000,1
165,5438,9927,43.375000000000000,42.875000000000000,1
166,5439,9928,41.375000000000000,42.875000000000000,1
167,5440,9929,39.375000000000000,42.875000000000000,1
168,5441,9930,37.375000000000000,42.875000000000000,1
169,5442,9931,35.375000000000000,42.875000000000000,1
170,5443,9932,33.375000000000000,42.875000000000000,1
171,5444,9933,31.375000000000000,42.875000000000000,1
172,5445,9934,29.375000000000000,42.875000000000000,1
173,5446,9935,27.375000000000000,42.875000000000000,1
174,5447,9936,25.375000000000000,42.875000000000000,1
175,5448,9937,23.375000000000000,42.875000000000000,1
176,5449,9938,21.375000000000000,42.875000000000000,1
177,5450,9939,19.375000000000000,42.875000000000000,1
178,5451,9940,17.375000000000000,42.875000000000000,1
179,5463,9982,49.375000000000000,43.125000000000000,1
180,5464,9983,47.375000000000000,43.125000000000000,1
181,5465,9984,45.375000000000000,43.125000000000000,1
182,5466,9985,43.375000000000000,43.125000000000000,1
183,5467,9986,41.375000000000000,43.125000000000000,1
184,5468,9987,39.375000000000000,43.125000000000000,1
185,5469,9988,37.375000000000000,43.125000000000000,1
186,5470,9989,35.375000000000000,43.125000000000000,1
187,5471,9990,33.375000000000000,43.125000000000000,1
188,5472,9991,31.375000000000000,43.125000000000000,1
189,5473,9992,29.375000000000000,43.125000000000000,1
190,5474,9993,27.375000000000000,43.125000000000000,1
191,5475,9994,25.375000000000000,43.125000000000000,1
192,5476,9995,23.375000000000000,43.125000000000000,1
193,5477,9996,21.375000000000000,43.125000000000000,1
194,5478,9997,19.375000000000000,43.125000000000000,1
195,5479,9998,17.375000000000000,43.125000000000000,1
196,5491,10040,49.375000000000000,43.375000000000000,1
197,5492,10041,47.375000000000000,43.375000000000000,1
198,5493,10042,45.375000000000000,43.375000000000000,1
199,5494,10043,43.375000000000000,43.375000000000000,1
200,5495,10044,41.375000000000000,43.375000000000000,1
201,5496,10045,39.375000000000000,43.375000000000000,1
202,5497,10046,37.375000000000000,43.375000000000000,1
203,5498,10047,35.375000000000000,43.375000000000000,1
204,5499,10048,33.375000000000000,43.375000000000000,1
205,5500,10049,31.375000000000000,43.375000000000000,1
206,5501,10050,29.375000000000000,43.375000000000000,1
207,5502,10051,27.375000000000000,43.375000000000000,1
208,5503,10052,25.375000000000000,43.375000000000000,1
209,5504,10053,23.375000000000000,43.375000000000000,1
210,5505,10054,21.375000000000000,43.375000000000000,1
211,5506,10055,19.375000000000000,43.375000000000000,1
212,5507,10056,17.375000000000000,43.375000000000000,1
213,5520,10098,49.375000000000000,43.625000000000000,1
214,5521,10099,47.375000000000000,43.625000000000000,1
215,5522,10100,45.375000000000000,43.625000000000000,1
216,5523,10101,43.375000000000000,43.625000000000000,1
217,5524,10102,41.375000000000000,43.625000000000000,1
218,5525,10103,39.375000000000000,43.625000000000000,1
219,5526,10104,37.375000000000000,43.625000000000000,1
220,5527,10105,35.375000000000000,43.625000000000000,1
221,5528,10106,33.375000000000000,43.625000000000000,1
222,5529,10107,31.375000000000000,43.625000000000000,1
223,5530,10108,29.375000000000000,43.625000000000000,1
224,5531,10109,27.375000000000000,43.625000000000000,1
225,5532,10110,25.375000000000000,43.625000000000000,1
226,5533,10111,23.375000000000000,43.625000000000000,1
227,5534,10112,21.375000000000000,43.625000000000000,1
228,5535,10113,19.375000000000000,43.625000000000000,1
229,5536,10114,17.375000000000000,43.625000000000000,1
230,5548,10156,49.375000000000000,43.875000000000000,1
231,5549,10157,47.375000000000000,43.875000000000000,1
232,5550,10158,45.375000000000000,43.875000000000000,1
233,5551,10159,43.375000000000000,43.875000000000000,1
234,5552,10160,41.375000000000000,43.875000000000000,1
235,5553,10161,39.375000000000000,43.875000000000000,1
236,5554,10162,37.375000000000000,43.875000000000000,1
237,5555,10163,35.375000000000000,43.875000000000000,1
238,5556,10164,33.375000000000000,43.875000000000000,1
239,5557,10165,31.375000000000000,43.875000000000000,1
240,5558,10166,29.375000000000000,43.875000000000000,1
241,5559,10167,27.375000000000000,43.875000000000000,1
242,5560,10168,25.375000000000000,43.875000000000000,1
243,5561,10169,23.375000000000000,43.875000000000000,1
244,5562,10170,21.375000000000000,43.875000000000000,1
245,5563,10171,19.375000000000000,43.875000000000000,1
246,5564,10172,17.375000000000000,43.875000000000000,1
247,5565,10173,15.375000000000000,43.875000000000000,1
248,5577,10214,49.375000000000000,44.125000000000000,1
249,5578,10215,47.375000000000000,44.125000000000000,1
250,5579,10216,45.375000000000000,44.125000000000000,1
251,5580,10217,43.375000000000000,44.125000000000000,1
252,5581,10218,41.375000000000000,44.125000000000000,1
253,5582,10219,39.375000000000000,44.125000000000000,1
254,5583,10220,37.375000000000000,44.125000000000000,1
255,5584,10221,35.375000000000000,44.125000000000000,1
256,5585,10222,33.375000000000000,44.125000000000000,1
257,5586,10223,31.375000000000000,44.125000000000000,1
258,5587,10224,29.375000000000000,44.125000000000000,1
259,5588,10225,27.375000000000000,44.125000000000000,1
260,5589,10226,25.375000000000000,44.125000000000000,1
261,5590,10227,23.375000000000000,44.125000000000000,1
262,5591,10228,21.375000000000000,44.125000000000000,1
263,5592,10229,19.375000000000000,44.125000000000000,1
264,5593,10230,17.375000000000000,44.125000000000000,1
265,5594,10231,15.375000000000000,44.125000000000000,1
266,5608,10272,49.375000000000000,44.375000000000000,1
267,5609,10273,47.375000000000000,44.375000000000000,1
268,5610,10274,45.375000000000000,44.375000000000000,1
269,5611,10275,43.375000000000000,44.375000000000000,1
270,5612,10276,41.375000000000000,44.375000000000000,1
271,5613,10277,39.375000000000000,44.375000000000000,1
272,5614,10278,37.375000000000000,44.375000000000000,1
273,5615,10279,35.375000000000000,44.375000000000000,1
274,5616,10280,33.375000000000000,44.375000000000000,1
275,5617,10281,31.375000000000000,44.375000000000000,1
276,5618,10282,29.375000000000000,44.375000000000000,1
277,5619,10283,27.375000000000000,44.375000000000000,1
278,5620,10284,25.375000000000000,44.375000000000000,1
279,5621,10285,23.375000000000000,44.375000000000000,1
280,5622,10286,21.375000000000000,44.375000000000000,1
281,5623,10287,19.375000000000000,44.375000000000000,1
282,5624,10288,17.375000000000000,44.375000000000000,1
283,5625,10289,15.375000000000000,44.375000000000000,1
284,5639,10330,49.375000000000000,44.625000000000000,1
285,5640,10331,47.375000000000000,44.625000000000000,1
286,5641,10332,45.375000000000000,44.625000000000000,1
287,5642,10333,43.375000000000000,44.625000000000000,1
288,5643,10334,41.375000000000000,44.625000000000000,1
289,5644,10335,39.375000000000000,44.625000000000000,1
290,5645,10336,37.375000000000000,44.625000000000000,1
291,5646,10337,35.375000000000000,44.625000000000000,1
292,5647,10338,33.375000000000000,44.625000000000000,1
293,5648,10339,31.375000000000000,44.625000000000000,1
294,5649,10340,29.375000000000000,44.625000000000000,1
295,5650,10341,27.375000000000000,44.625000000000000,1
296,5651,10342,25.375000000000000,44.625000000000000,1
297,5652,10343,23.375000000000000,44.625000000000000,1
298,5653,10344,21.375000000000000,44.625000000000000,1
299,5654,10345,19.375000000000000,44.625000000000000,1
300,5655,10346,17.375000000000000,44.625000000000000,1
301,5656,10347,15.375000000000000,44.625000000000000,1
302,5671,10388,49.375000000000000,44.875000000000000,1
303,5672,10389,47.375000000000000,44.875000000000000,1
304,5673,10390,45.375000000000000,44.875000000000000,1
305,5674,10391,43.375000000000000,44.875000000000000,1
306,5675,10392,41.375000000000000,44.875000000000000,1
307,5676,10393,39.375000000000000,44.875000000000000,1
308,5677,10394,37.375000000000000,44.875000000000000,1
309,5678,10395,35.375000000000000,44.875000000000000,1
310,5679,10396,33.375000000000000,44.875000000000000,1
311,5680,10397,31.375000000000000,44.875000000000000,1
312,5681,10398,29.375000000000000,44.875000000000000,1
313,5682,10399,27.375000000000000,44.875000000000000,1
314,5683,10400,25.375000000000000,44.875000000000000,1
315,5684,10401,23.375000000000000,44.875000000000000,1
316,5685,10402,21.375000000000000,44.875000000000000,1
317,5686,10403,19.375000000000000,44.875000000000000,1
318,5687,10404,17.375000000000000,44.875000000000000,1
319,5688,10405,15.375000000000000,44.875000000000000,1
320,5703,10446,49.375000000000000,45.125000000000000,1
321,5704,10447,47.375000000000000,45.125000000000000,1
322,5705,10448,45.375000000000000,45.125000000000000,1
323,5706,10449,43.375000000000000,45.125000000000000,1
324,5707,10450,41.375000000000000,45.125000000000000,1
325,5708,10451,39.375000000000000,45.125000000000000,1
326,5709,10452,37.375000000000000,45.125000000000000,1
327,5710,10453,35.375000000000000,45.125000000000000,1
328,5711,10454,33.375000000000000,45.125000000000000,1
329,5712,10455,31.375000000000000,45.125000000000000,1
330,5713,10456,29.375000000000000,45.125000000000000,1
331,5714,10457,27.375000000000000,45.125000000000000,1
332,5715,10458,25.375000000000000,45.125000000000000,1
333,5716,10459,23.375000000000000,45.125000000000000,1
334,5717,10460,21.375000000000000,45.125000000000000,1
335,5718,10461,19.375000000000000,45.125000000000000,1
336,5719,10462,17.375000000000000,45.125000000000000,1
337,5720,10463,15.375000000000000,45.125000000000000,1
338,5735,10504,49.375000000000000,45.375000000000000,1
339,5736,10505,47.375000000000000,45.375000000000000,1
340,5737,10506,45.375000000000000,45.375000000000000,1
341,5738,10507,43.375000000000000,45.375000000000000,1
342,5739,10508,41.375000000000000,45.375000000000000,1
343,5740,10509,39.375000000000000,45.375000000000000,1
344,5741,10510,37.375000000000000,45.375000000000000,1
345,5742,10511,35.375000000000000,45.375000000000000,1
346,5743,10512,33.375000000000000,45.375000000000000,1
347,5744,10513,31.375000000000000,45.375000000000000,1
348,5745,10514,29.375000000000000,45.375000000000000,1
349,5746,10515,27.375000000000000,45.375000000000000,1
350,5747,10516,25.375000000000000,45.375000000000000,1
351,5748,10517,23.375000000000000,45.375000000000000,1
352,5749,10518,21.375000000000000,45.375000000000000,1
353,5750,10519,19.375000000000000,45.375000000000000,1
354,5751,10520,17.375000000000000,45.375000000000000,1
355,5752,10521,15.375000000000000,45.375000000000000,1
356,5767,10562,49.375000000000000,45.625000000000000,1
357,5768,10563,47.375000000000000,45.625000000000000,1
358,5769,10564,45.375000000000000,45.625000000000000,1
359,5770,10565,43.375000000000000,45.625000000000000,1
360,5771,10566,41.375000000000000,45.625000000000000,1
361,5772,10567,39.375000000000000,45.625000000000000,1
362,5773,10568,37.375000000000000,45.625000000000000,1
363,5774,10569,35.375000000000000,45.625000000000000,1
364,5775,10570,33.375000000000000,45.625000000000000,1
365,5776,10571,31.375000000000000,45.625000000000000,1
366,5777,10572,29.375000000000000,45.625000000000000,1
367,5778,10573,27.375000000000000,45.625000000000000,1
368,5779,10574,25.375000000000000,45.625000000000000,1
369,5780,10575,23.375000000000000,45.625000000000000,1
370,5781,10576,21.375000000000000,45.625000000000000,1
371,5782,10577,19.375000000000000,45.625000000000000,1
372,5783,10578,17.375000000000000,45.625000000000000,1
373,5784,10579,15.375000000000000,45.625000000000000,1
374,5799,10620,49.375000000000000,45.875000000000000,1
375,5800,10621,47.375000000000000,45.875000000000000,1
376,5801,10622,45.375000000000000,45.875000000000000,1
377,5802,10623,43.375000000000000,45.875000000000000,1
378,5803,10624,41.375000000000000,45.875000000000000,1
379,5804,10625,39.375000000000000,45.875000000000000,1
380,5805,10626,37.375000000000000,45.875000000000000,1
381,5806,10627,35.375000000000000,45.875000000000000,1
382,5807,10628,33.375000000000000,45.875000000000000,1
383,5808,10629,31.375000000000000,45.875000000000000,1
384,5809,10630,29.375000000000000,45.875000000000000,1
385,5810,10631,27.375000000000000,45.875000000000000,1
386,5811,10632,25.375000000000000,45.875000000000000,1
387,5812,10633,23.375000000000000,45.875000000000000,1
388,5813,10634,21.375000000000000,45.875000000000000,1
389,5814,10635,19.375000000000000,45.875000000000000,1
390,5815,10636,17.375000000000000,45.875000000000000,1
391,5816,10637,15.375000000000000,45.875000000000000,1
392,5831,10678,49.375000000000000,46.125000000000000,1
393,5832,10679,47.375000000000000,46.125000000000000,1
394,5833,10680,45.375000000000000,46.125000000000000,1
395,5834,10681,43.375000000000000,46.125000000000000,1
396,5835,10682,41.375000000000000,46.125000000000000,1
397,5836,10683,39.375000000000000,46.125000000000000,1
398,5837,10684,37.375000000000000,46.125000000000000,1
399,5838,10685,35.375000000000000,46.125000000000000,1
400,5839,10686,33.375000000000000,46.125000000000000,1
401,5840,10687,31.375000000000000,46.125000000000000,1
402,5841,10688,29.375000000000000,46.125000000000000,1
403,5842,10689,27.375000000000000,46.125000000000000,1
404,5843,10690,25.375000000000000,46.125000000000000,1
405,5844,10691,23.375000000000000,46.125000000000000,1
406,5845,10692,21.375000000000000,46.125000000000000,1
407,5846,10693,19.375000000000000,46.125000000000000,1
408,5847,10694,17.375000000000000,46.125000000000000,1
409,5848,10695,15.375000000000000,46.125000000000000,1
410,5863,10736,49.375000000000000,46.375000000000000,1
411,5864,10737,47.375000000000000,46.375000000000000,1
412,5865,10739,43.375000000000000,46.375000000000000,1
413,5866,10740,41.375000000000000,46.375000000000000,1
414,5867,10741,39.375000000000000,46.375000000000000,1
415,5868,10742,37.375000000000000,46.375000000000000,1
416,5869,10743,35.375000000000000,46.375000000000000,1
417,5870,10744,33.375000000000000,46.375000000000000,1
418,5871,10745,31.375000000000000,46.375000000000000,1
419,5872,10746,29.375000000000000,46.375000000000000,1
420,5873,10747,27.375000000000000,46.375000000000000,1
421,5874,10748,25.375000000000000,46.375000000000000,1
422,5875,10749,23.375000000000000,46.375000000000000,1
423,5876,10750,21.375000000000000,46.375000000000000,1
424,5877,10751,19.375000000000000,46.375000000000000,1
425,5878,10752,17.375000000000000,46.375000000000000,1
426,5879,10753,15.375000000000000,46.375000000000000,1
427,5892,10794,49.375000000000000,46.625000000000000,1
428,5893,10795,47.375000000000000,46.625000000000000,1
429,5894,10797,43.375000000000000,46.625000000000000,1
430,5895,10798,41.375000000000000,46.625000000000000,1
431,5896,10799,39.375000000000000,46.625000000000000,1
432,5897,10800,37.375000000000000,46.625000000000000,1
433,5898,10801,35.375000000000000,46.625000000000000,1
434,5899,10802,33.375000000000000,46.625000000000000,1
435,5900,10803,31.375000000000000,46.625000000000000,1
436,5901,10804,29.375000000000000,46.625000000000000,1
437,5902,10805,27.375000000000000,46.625000000000000,1
438,5903,10806,25.375000000000000,46.625000000000000,1
439,5904,10807,23.375000000000000,46.625000000000000,1
440,5905,10808,21.375000000000000,46.625000000000000,1
441,5906,10809,19.375000000000000,46.625000000000000,1
442,5907,10810,17.375000000000000,46.625000000000000,1
443,5908,10811,15.375000000000000,46.625000000000000,1
444,5921,10852,49.375000000000000,46.875000000000000,1
445,5922,10853,47.375000000000000,46.875000000000000,1
446,5923,10855,43.375000000000000,46.875000000000000,1
447,5924,10856,41.375000000000000,46.875000000000000,1
448,5925,10857,39.375000000000000,46.875000000000000,1
449,5926,10858,37.375000000000000,46.875000000000000,1
450,5927,10859,35.375000000000000,46.875000000000000,1
451,5928,10860,33.375000000000000,46.875000000000000,1
452,5929,10861,31.375000000000000,46.875000000000000,1
453,5930,10862,29.375000000000000,46.875000000000000,1
454,5931,10863,27.375000000000000,46.875000000000000,1
455,5932,10864,25.375000000000000,46.875000000000000,1
456,5933,10865,23.375000000000000,46.875000000000000,1
457,5934,10866,21.375000000000000,46.875000000000000,1
458,5935,10867,19.375000000000000,46.875000000000000,1
459,5936,10868,17.375000000000000,46.875000000000000,1
460,5937,10869,15.375000000000000,46.875000000000000,1
461,5950,10910,49.375000000000000,47.125000000000000,1
462,5951,10911,47.375000000000000,47.125000000000000,1
463,5952,10913,43.375000000000000,47.125000000000000,1
464,5953,10914,41.375000000000000,47.125000000000000,1
465,5954,10915,39.375000000000000,47.125000000000000,1
466,5955,10916,37.375000000000000,47.125000000000000,1
467,5956,10917,35.375000000000000,47.125000000000000,1
468,5957,10918,33.375000000000000,47.125000000000000,1
469,5958,10919,31.375000000000000,47.125000000000000,1
470,5959,10920,29.375000000000000,47.125000000000000,1
471,5960,10921,27.375000000000000,47.125000000000000,1
472,5961,10922,25.375000000000000,47.125000000000000,1
473,5962,10923,23.375000000000000,47.125000000000000,1
474,5963,10924,21.375000000000000,47.125000000000000,1
475,5964,10925,19.375000000000000,47.125000000000000,1
476,5965,10926,17.375000000000000,47.125000000000000,1
477,5966,10927,15.375000000000000,47.125000000000000,1
478,5979,10968,49.375000000000000,47.375000000000000,1
479,5980,10969,47.375000000000000,47.375000000000000,1
480,5981,10971,43.375000000000000,47.375000000000000,1
481,5982,10972,41.375000000000000,47.375000000000000,1
482,5983,10973,39.375000000000000,47.375000000000000,1
483,5984,10974,37.375000000000000,47.375000000000000,1
484,5985,10975,35.375000000000000,47.375000000000000,1
485,5986,10976,33.375000000000000,47.375000000000000,1
486,5987,10977,31.375000000000000,47.375000000000000,1
487,5988,10978,29.375000000000000,47.375000000000000,1
488,5989,10979,27.375000000000000,47.375000000000000,1
489,5990,10980,25.375000000000000,47.375000000000000,1
490,5991,10981,23.375000000000000,47.375000000000000,1
491,5992,10982,21.375000000000000,47.375000000000000,1
492,5993,10983,19.375000000000000,47.375000000000000,1
493,5994,10984,17.375000000000000,47.375000000000000,1
494,5995,10985,15.375000000000000,47.375000000000000,1
495,6008,11026,49.375000000000000,47.625000000000000,1
496,6009,11027,47.375000000000000,47.625000000000000,1
497,6010,11029,43.375000000000000,47.625000000000000,1
498,6011,11030,41.375000000000000,47.625000000000000,1
499,6012,11031,39.375000000000000,47.625000000000000,1
500,6013,11032,37.375000000000000,47.625000000000000,1
501,6014,11033,35.375000000000000,47.625000000000000,1
502,6015,11034,33.375000000000000,47.625000000000000,1
503,6016,11035,31.375000000000000,47.625000000000000,1
504,6017,11036,29.375000000000000,47.625000000000000,1
505,6018,11037,27.375000000000000,47.625000000000000,1
506,6019,11038,25.375000000000000,47.625000000000000,1
507,6020,11039,23.375000000000000,47.625000000000000,1
508,6021,11040,21.375000000000000,47.625000000000000,1
509,6022,11041,19.375000000000000,47.625000000000000,1
510,6023,11042,17.375000000000000,47.625000000000000,1
511,6024,11043,15.375000000000000,47.625000000000000,1
512,6037,11084,49.375000000000000,47.875000000000000,1
513,6038,11085,47.375000000000000,47.875000000000000,1
514,6039,11087,43.375000000000000,47.875000000000000,1
515,6040,11088,41.375000000000000,47.875000000000000,1
516,6041,11089,39.375000000000000,47.875000000000000,1
517,6042,11090,37.375000000000000,47.875000000000000,1
518,6043,11091,35.375000000000000,47.875000000000000,1
519,6044,11092,33.375000000000000,47.875000000000000,1
520,6045,11093,31.375000000000000,47.875000000000000,1
521,6046,11095,27.375000000000000,47.875000000000000,1
522,6047,11096,25.375000000000000,47.875000000000000,1
523,6048,11097,23.375000000000000,47.875000000000000,1
524,6049,11098,21.375000000000000,47.875000000000000,1
525,6050,11099,19.375000000000000,47.875000000000000,1
526,6051,11100,17.375000000000000,47.875000000000000,1
527,6052,11101,15.375000000000000,47.875000000000000,1
528,6065,11142,49.375000000000000,48.125000000000000,1
529,6066,11143,47.375000000000000,48.125000000000000,1
530,6067,11145,43.375000000000000,48.125000000000000,1
531,6068,11146,41.375000000000000,48.125000000000000,1
532,6069,11147,39.375000000000000,48.125000000000000,1
533,6070,11148,37.375000000000000,48.125000000000000,1
534,6071,11149,35.375000000000000,48.125000000000000,1
535,6072,11150,33.375000000000000,48.125000000000000,1
536,6073,11151,31.375000000000000,48.125000000000000,1
537,6074,11153,27.375000000000000,48.125000000000000,1
538,6075,11154,25.375000000000000,48.125000000000000,1
539,6076,11155,23.375000000000000,48.125000000000000,1
540,6077,11156,21.375000000000000,48.125000000000000,1
541,6078,11157,19.375000000000000,48.125000000000000,1
542,6079,11158,17.375000000000000,48.125000000000000,1
543,6080,11159,15.375000000000000,48.125000000000000,1
544,6093,11200,49.375000000000000,48.375000000000000,1
545,6094,11201,47.375000000000000,48.375000000000000,1
546,6095,11203,43.375000000000000,48.375000000000000,1
547,6096,11204,41.375000000000000,48.375000000000000,1
548,6097,11205,39.375000000000000,48.375000000000000,1
549,6098,11206,37.375000000000000,48.375000000000000,1
550,6099,11207,35.375000000000000,48.375000000000000,1
551,6100,11208,33.375000000000000,48.375000000000000,1
552,6101,11209,31.375000000000000,48.375000000000000,1
553,6102,11211,27.375000000000000,48.375000000000000,1
554,6103,11212,25.375000000000000,48.375000000000000,1
555,6104,11213,23.375000000000000,48.375000000000000,1
556,6105,11214,21.375000000000000,48.375000000000000,1
557,6106,11215,19.375000000000000,48.375000000000000,1
558,6107,11216,17.375000000000000,48.375000000000000,1
559,6108,11217,15.375000000000000,48.375000000000000,1
560,6121,11258,49.375000000000000,48.625000000000000,1
561,6122,11259,47.375000000000000,48.625000000000000,1
562,6123,11261,43.375000000000000,48.625000000000000,1
563,6124,11262,41.375000000000000,48.625000000000000,1
564,6125,11263,39.375000000000000,48.625000000000000,1
565,6126,11264,37.375000000000000,48.625000000000000,1
566,6127,11265,35.375000000000000,48.625000000000000,1
567,6128,11266,33.375000000000000,48.625000000000000,1
568,6129,11267,31.375000000000000,48.625000000000000,1
569,6130,11269,27.375000000000000,48.625000000000000,1
570,6131,11270,25.375000000000000,48.625000000000000,1
571,6132,11271,23.375000000000000,48.625000000000000,1
572,6133,11272,21.375000000000000,48.625000000000000,1
573,6134,11273,19.375000000000000,48.625000000000000,1
574,6135,11274,17.375000000000000,48.625000000000000,1
575,6136,11275,15.375000000000000,48.625000000000000,1
576,6147,11316,49.375000000000000,48.875000000000000,1
577,6148,11317,47.375000000000000,48.875000000000000,1
578,6149,11322,37.375000000000000,48.875000000000000,1
579,6150,11323,35.375000000000000,48.875000000000000,1
580,6151,11324,33.375000000000000,48.875000000000000,1
581,6152,11325,31.375000000000000,48.875000000000000,1
582,6153,11328,25.375000000000000,48.875000000000000,1
583,6154,11329,23.375000000000000,48.875000000000000,1
584,6155,11330,21.375000000000000,48.875000000000000,1
585,6156,11331,19.375000000000000,48.875000000000000,1
586,6157,11332,17.375000000000000,48.875000000000000,1
587,6165,11374,49.375000000000000,49.125000000000000,1
588,6166,11375,47.375000000000000,49.125000000000000,1
589,6167,11380,37.375000000000000,49.125000000000000,1
590,6168,11381,35.375000000000000,49.125000000000000,1
591,6169,11382,33.375000000000000,49.125000000000000,1
592,6170,11383,31.375000000000000,49.125000000000000,1
593,6171,11386,25.375000000000000,49.125000000000000,1
594,6172,11387,23.375000000000000,49.125000000000000,1
595,6173,11388,21.375000000000000,49.125000000000000,1
596,6174,11389,19.375000000000000,49.125000000000000,1
597,6175,11390,17.375000000000000,49.125000000000000,1
598,6183,11432,49.375000000000000,49.375000000000000,1
599,6184,11433,47.375000000000000,49.375000000000000,1
600,6185,11438,37.375000000000000,49.375000000000000,1
601,6186,11439,35.375000000000000,49.375000000000000,1
602,6187,11440,33.375000000000000,49.375000000000000,1
603,6188,11441,31.375000000000000,49.375000000000000,1
604,6189,11444,25.375000000000000,49.375000000000000,1
605,6190,11445,23.375000000000000,49.375000000000000,1
606,6191,11446,21.375000000000000,49.375000000000000,1
607,6192,11447,19.375000000000000,49.375000000000000,1
608,6193,11448,17.375000000000000,49.375000000000000,1
609,6201,11490,49.375000000000000,49.625000000000000,1
610,6202,11491,47.375000000000000,49.625000000000000,1
611,6203,11496,37.375000000000000,49.625000000000000,1
612,6204,11497,35.375000000000000,49.625000000000000,1
613,6205,11498,33.375000000000000,49.625000000000000,1
614,6206,11499,31.375000000000000,49.625000000000000,1
615,6207,11502,25.375000000000000,49.625000000000000,1
616,6208,11503,23.375000000000000,49.625000000000000,1
617,6209,11504,21.375000000000000,49.625000000000000,1
618,6210,11505,19.375000000000000,49.625000000000000,1
619,6211,11506,17.375000000000000,49.625000000000000,1
620,6219,11548,49.375000000000000,49.875000000000000,1
621,6220,11549,47.375000000000000,49.875000000000000,1
622,6221,11554,37.375000000000000,49.875000000000000,1
623,6222,11555,35.375000000000000,49.875000000000000,1
624,6223,11556,33.375000000000000,49.875000000000000,1
625,6224,11557,31.375000000000000,49.875000000000000,1
626,6225,11560,25.375000000000000,49.875000000000000,1
627,6226,11561,23.375000000000000,49.875000000000000,1
628,6227,11562,21.375000000000000,49.875000000000000,1
629,6228,11563,19.375000000000000,49.875000000000000,1
630,6229,11564,17.375000000000000,49.875000000000000,1
631,6237,11606,49.375000000000000,50.125000000000000,1
632,6238,11607,47.375000000000000,50.125000000000000,1
633,6239,11612,37.375000000000000,50.125000000000000,1
634,6240,11613,35.375000000000000,50.125000000000000,1
635,6241,11614,33.375000000000000,50.125000000000000,1
636,6242,11615,31.375000000000000,50.125000000000000,1
637,6243,11618,25.375000000000000,50.125000000000000,1
638,6244,11619,23.375000000000000,50.125000000000000,1
639,6245,11620,21.375000000000000,50.125000000000000,1
640,6246,11621,19.375000000000000,50.125000000000000,1
641,6247,11622,17.375000000000000,50.125000000000000,1
642,6255,11664,49.375000000000000,50.375000000000000,1
643,6256,11665,47.375000000000000,50.375000000000000,1
644,6257,11670,37.375000000000000,50.375000000000000,1
645,6258,11671,35.375000000000000,50.375000000000000,1
646,6259,11672,33.375000000000000,50.375000000000000,1
647,6260,11673,31.375000000000000,50.375000000000000,1
648,6261,11676,25.375000000000000,50.375000000000000,1
649,6262,11677,23.375000000000000,50.375000000000000,1
650,6263,11678,21.375000000000000,50.375000000000000,1
651,6264,11679,19.375000000000000,50.375000000000000,1
652,6265,11680,17.375000000000000,50.375000000000000,1
653,6272,11722,49.375000000000000,50.625000000000000,1
654,6273,11723,47.375000000000000,50.625000000000000,1
655,6274,11728,37.375000000000000,50.625000000000000,1
656,6275,11729,35.375000000000000,50.625000000000000,1
657,6276,11730,33.375000000000000,50.625000000000000,1
658,6277,11731,31.375000000000000,50.625000000000000,1
659,6278,11735,23.375000000000000,50.625000000000000,1
660,6279,11736,21.375000000000000,50.625000000000000,1
661,6280,11737,19.375000000000000,50.625000000000000,1
662,6281,11738,17.375000000000000,50.625000000000000,1
663,6288,11780,49.375000000000000,50.875000000000000,1
664,6289,11781,47.375000000000000,50.875000000000000,1
665,6290,11786,37.375000000000000,50.875000000000000,1
666,6291,11787,35.375000000000000,50.875000000000000,1
667,6292,11788,33.375000000000000,50.875000000000000,1
668,6293,11789,31.375000000000000,50.875000000000000,1
669,6294,11790,29.375000000000000,50.875000000000000,1
670,6295,11792,25.375000000000000,50.875000000000000,1
671,6296,11793,23.375000000000000,50.875000000000000,1
672,6297,11794,21.375000000000000,50.875000000000000,1
673,6298,11795,19.375000000000000,50.875000000000000,1
674,6299,11796,17.375000000000000,50.875000000000000,1
675,6305,11838,49.375000000000000,51.125000000000000,1
676,6306,11839,47.375000000000000,51.125000000000000,1
677,6307,11844,37.375000000000000,51.125000000000000,1
678,6308,11845,35.375000000000000,51.125000000000000,1
679,6309,11846,33.375000000000000,51.125000000000000,1
680,6310,11847,31.375000000000000,51.125000000000000,1
681,6311,11848,29.375000000000000,51.125000000000000,1
682,6312,11850,25.375000000000000,51.125000000000000,1
683,6313,11851,23.375000000000000,51.125000000000000,1
684,6314,11852,21.375000000000000,51.125000000000000,1
685,6315,11853,19.375000000000000,51.125000000000000,1
686,6316,11854,17.375000000000000,51.125000000000000,1
687,6322,11896,49.375000000000000,51.375000000000000,1
688,6323,11897,47.375000000000000,51.375000000000000,1
689,6324,11898,45.375000000000000,51.375000000000000,1
690,6325,11903,35.375000000000000,51.375000000000000,1
691,6326,11904,33.375000000000000,51.375000000000000,1
692,6327,11905,31.375000000000000,51.375000000000000,1
693,6328,11906,29.375000000000000,51.375000000000000,1
694,6329,11909,23.375000000000000,51.375000000000000,1
695,6330,11910,21.375000000000000,51.375000000000000,1
696,6331,11911,19.375000000000000,51.375000000000000,1
697,6332,11912,17.375000000000000,51.375000000000000,1
698,6338,11954,49.375000000000000,51.625000000000000,1
699,6339,11955,47.375000000000000,51.625000000000000,1
700,6340,11956,45.375000000000000,51.625000000000000,1
701,6341,11961,35.375000000000000,51.625000000000000,1
702,6342,11962,33.375000000000000,51.625000000000000,1
703,6343,11963,31.375000000000000,51.625000000000000,1
704,6344,11964,29.375000000000000,51.625000000000000,1
705,6345,11967,23.375000000000000,51.625000000000000,1
706,6346,11968,21.375000000000000,51.625000000000000,1
707,6347,11969,19.375000000000000,51.625000000000000,1
708,6348,11970,17.375000000000000,51.625000000000000,1
709,6354,12012,49.375000000000000,51.875000000000000,1
710,6355,12013,47.375000000000000,51.875000000000000,1
711,6356,12014,45.375000000000000,51.875000000000000,1
712,6357,12019,35.375000000000000,51.875000000000000,1
713,6358,12020,33.375000000000000,51.875000000000000,1
714,6359,12021,31.375000000000000,51.875000000000000,1
715,6360,12022,29.375000000000000,51.875000000000000,1
716,6361,12025,23.375000000000000,51.875000000000000,1
717,6362,12026,21.375000000000000,51.875000000000000,1
718,6363,12027,19.375000000000000,51.875000000000000,1
719,6364,12028,17.375000000000000,51.875000000000000,1
720,6370,12070,49.375000000000000,52.125000000000000,1
721,6371,12071,47.375000000000000,52.125000000000000,1
722,6372,12072,45.375000000000000,52.125000000000000,1
723,6373,12077,35.375000000000000,52.125000000000000,1
724,6374,12078,33.375000000000000,52.125000000000000,1
725,6375,12079,31.375000000000000,52.125000000000000,1
726,6376,12080,29.375000000000000,52.125000000000000,1
727,6377,12083,23.375000000000000,52.125000000000000,1
728,6378,12084,21.375000000000000,52.125000000000000,1
729,6379,12085,19.375000000000000,52.125000000000000,1
730,6380,12086,17.375000000000000,52.125000000000000,1
731,6386,12128,49.375000000000000,52.375000000000000,1
732,6387,12129,47.375000000000000,52.375000000000000,1
733,6388,12130,45.375000000000000,52.375000000000000,1
734,6389,12135,35.375000000000000,52.375000000000000,1
735,6390,12136,33.375000000000000,52.375000000000000,1
736,6391,12137,31.375000000000000,52.375000000000000,1
737,6392,12138,29.375000000000000,52.375000000000000,1
738,6393,12141,23.375000000000000,52.375000000000000,1
739,6394,12142,21.375000000000000,52.375000000000000,1
740,6395,12143,19.375000000000000,52.375000000000000,1
741,6396,12144,17.375000000000000,52.375000000000000,1
742,6402,12186,49.375000000000000,52.625000000000000,1
743,6403,12187,47.375000000000000,52.625000000000000,1
744,6404,12188,45.375000000000000,52.625000000000000,1
745,6405,12193,35.375000000000000,52.625000000000000,1
746,6406,12194,33.375000000000000,52.625000000000000,1
747,6407,12195,31.375000000000000,52.625000000000000,1
748,6408,12196,29.375000000000000,52.625000000000000,1
749,6409,12197,27.375000000000000,52.625000000000000,1
750,6410,12199,23.375000000000000,52.625000000000000,1
751,6411,12200,21.375000000000000,52.625000000000000,1
752,6412,12201,19.375000000000000,52.625000000000000,1
753,6413,12202,17.375000000000000,52.625000000000000,1
754,6419,12244,49.375000000000000,52.875000000000000,1
755,6420,12245,47.375000000000000,52.875000000000000,1
756,6421,12246,45.375000000000000,52.875000000000000,1
757,6422,12251,35.375000000000000,52.875000000000000,1
758,6423,12252,33.375000000000000,52.875000000000000,1
759,6424,12253,31.375000000000000,52.875000000000000,1
760,6425,12254,29.375000000000000,52.875000000000000,1
761,6426,12255,27.375000000000000,52.875000000000000,1
762,6427,12257,23.375000000000000,52.875000000000000,1
763,6428,12258,21.375000000000000,52.875000000000000,1
764,6429,12259,19.375000000000000,52.875000000000000,1
765,6430,12260,17.375000000000000,52.875000000000000,1
766,6436,12302,49.375000000000000,53.125000000000000,1
767,6437,12303,47.375000000000000,53.125000000000000,1
768,6438,12304,45.375000000000000,53.125000000000000,1
769,6439,12309,35.375000000000000,53.125000000000000,1
770,6440,12310,33.375000000000000,53.125000000000000,1
771,6441,12311,31.375000000000000,53.125000000000000,1
772,6442,12312,29.375000000000000,53.125000000000000,1
773,6443,12313,27.375000000000000,53.125000000000000,1
774,6444,12315,23.375000000000000,53.125000000000000,1
775,6445,12316,21.375000000000000,53.125000000000000,1
776,6446,12317,19.375000000000000,53.125000000000000,1
777,6447,12318,17.375000000000000,53.125000000000000,1
778,6453,12360,49.375000000000000,53.375000000000000,1
779,6454,12361,47.375000000000000,53.375000000000000,1
780,6455,12362,45.375000000000000,53.375000000000000,1
781,6456,12367,35.375000000000000,53.375000000000000,1
782,6457,12368,33.375000000000000,53.375000000000000,1
783,6458,12369,31.375000000000000,53.375000000000000,1
784,6459,12370,29.375000000000000,53.375000000000000,1
785,6460,12371,27.375000000000000,53.375000000000000,1
786,6461,12373,23.375000000000000,53.375000000000000,1
787,6462,12374,21.375000000000000,53.375000000000000,1
788,6463,12375,19.375000000000000,53.375000000000000,1
789,6464,12376,17.375000000000000,53.375000000000000,1
790,6470,12418,49.375000000000000,53.625000000000000,1
791,6471,12419,47.375000000000000,53.625000000000000,1
792,6472,12420,45.375000000000000,53.625000000000000,1
793,6473,12425,35.375000000000000,53.625000000000000,1
794,6474,12426,33.375000000000000,53.625000000000000,1
795,6475,12427,31.375000000000000,53.625000000000000,1
796,6476,12428,29.375000000000000,53.625000000000000,1
797,6477,12429,27.375000000000000,53.625000000000000,1
798,6478,12431,23.375000000000000,53.625000000000000,1
799,6479,12432,21.375000000000000,53.625000000000000,1
800,6480,12433,19.375000000000000,53.625000000000000,1
801,6481,12434,17.375000000000000,53.625000000000000,1
802,6487,12476,49.375000000000000,53.875000000000000,1
803,6488,12477,47.375000000000000,53.875000000000000,1
804,6489,12478,45.375000000000000,53.875000000000000,1
805,6490,12479,43.375000000000000,53.875000000000000,1
806,6491,12480,41.375000000000000,53.875000000000000,1
807,6492,12481,39.375000000000000,53.875000000000000,1
808,6493,12482,37.375000000000000,53.875000000000000,1
809,6494,12483,35.375000000000000,53.875000000000000,1
810,6495,12484,33.375000000000000,53.875000000000000,1
811,6496,12485,31.375000000000000,53.875000000000000,1
812,6497,12486,29.375000000000000,53.875000000000000,1
813,6498,12487,27.375000000000000,53.875000000000000,1
814,6499,12489,23.375000000000000,53.875000000000000,1
815,6500,12490,21.375000000000000,53.875000000000000,1
816,6501,12491,19.375000000000000,53.875000000000000,1
817,6507,12534,49.375000000000000,54.125000000000000,1
818,6508,12535,47.375000000000000,54.125000000000000,1
819,6509,12536,45.375000000000000,54.125000000000000,1
820,6510,12537,43.375000000000000,54.125000000000000,1
821,6511,12538,41.375000000000000,54.125000000000000,1
822,6512,12539,39.375000000000000,54.125000000000000,1
823,6513,12540,37.375000000000000,54.125000000000000,1
824,6514,12541,35.375000000000000,54.125000000000000,1
825,6515,12542,33.375000000000000,54.125000000000000,1
826,6516,12543,31.375000000000000,54.125000000000000,1
827,6517,12544,29.375000000000000,54.125000000000000,1
828,6518,12545,27.375000000000000,54.125000000000000,1
829,6519,12547,23.375000000000000,54.125000000000000,1
830,6520,12548,21.375000000000000,54.125000000000000,1
831,6521,12549,19.375000000000000,54.125000000000000,1
832,6527,12592,49.375000000000000,54.375000000000000,1
833,6528,12593,47.375000000000000,54.375000000000000,1
834,6529,12594,45.375000000000000,54.375000000000000,1
835,6530,12595,43.375000000000000,54.375000000000000,1
836,6531,12596,41.375000000000000,54.375000000000000,1
837,6532,12597,39.375000000000000,54.375000000000000,1
838,6533,12598,37.375000000000000,54.375000000000000,1
839,6534,12599,35.375000000000000,54.375000000000000,1
840,6535,12600,33.375000000000000,54.375000000000000,1
841,6536,12601,31.375000000000000,54.375000000000000,1
842,6537,12602,29.375000000000000,54.375000000000000,1
843,6538,12603,27.375000000000000,54.375000000000000,1
844,6539,12605,23.375000000000000,54.375000000000000,1
845,6540,12606,21.375000000000000,54.375000000000000,1
846,6541,12607,19.375000000000000,54.375000000000000,1
847,6547,12650,49.375000000000000,54.625000000000000,1
848,6548,12651,47.375000000000000,54.625000000000000,1
849,6549,12652,45.375000000000000,54.625000000000000,1
850,6550,12653,43.375000000000000,54.625000000000000,1
851,6551,12654,41.375000000000000,54.625000000000000,1
852,6552,12655,39.375000000000000,54.625000000000000,1
853,6553,12656,37.375000000000000,54.625000000000000,1
854,6554,12657,35.375000000000000,54.625000000000000,1
855,6555,12658,33.375000000000000,54.625000000000000,1
856,6556,12659,31.375000000000000,54.625000000000000,1
857,6557,12660,29.375000000000000,54.625000000000000,1
858,6558,12661,27.375000000000000,54.625000000000000,1
859,6559,12663,23.375000000000000,54.625000000000000,1
860,6560,12664,21.375000000000000,54.625000000000000,1
861,6561,12665,19.375000000000000,54.625000000000000,1
862,6567,12708,49.375000000000000,54.875000000000000,1
863,6568,12709,47.375000000000000,54.875000000000000,1
864,6569,12710,45.375000000000000,54.875000000000000,1
865,6570,12711,43.375000000000000,54.875000000000000,1
866,6571,12712,41.375000000000000,54.875000000000000,1
867,6572,12713,39.375000000000000,54.875000000000000,1
868,6573,12714,37.375000000000000,54.875000000000000,1
869,6574,12715,35.375000000000000,54.875000000000000,1
870,6575,12716,33.375000000000000,54.875000000000000,1
871,6576,12717,31.375000000000000,54.875000000000000,1
872,6577,12718,29.375000000000000,54.875000000000000,1
873,6578,12719,27.375000000000000,54.875000000000000,1
874,6579,12721,23.375000000000000,54.875000000000000,1
875,6580,12722,21.375000000000000,54.875000000000000,1
876,6581,12723,19.375000000000000,54.875000000000000,1
877,6587,12766,49.375000000000000,55.125000000000000,1
878,6588,12767,47.375000000000000,55.125000000000000,1
879,6589,12768,45.375000000000000,55.125000000000000,1
880,6590,12769,43.375000000000000,55.125000000000000,1
881,6591,12770,41.375000000000000,55.125000000000000,1
882,6592,12771,39.375000000000000,55.125000000000000,1
883,6593,12772,37.375000000000000,55.125000000000000,1
884,6594,12773,35.375000000000000,55.125000000000000,1
885,6595,12774,33.375000000000000,55.125000000000000,1
886,6596,12775,31.375000000000000,55.125000000000000,1
887,6597,12776,29.375000000000000,55.125000000000000,1
888,6598,12777,27.375000000000000,55.125000000000000,1
889,6599,12779,23.375000000000000,55.125000000000000,1
890,6600,12780,21.375000000000000,55.125000000000000,1
891,6601,12781,19.375000000000000,55.125000000000000,1
892,6607,12824,49.375000000000000,55.375000000000000,1
893,6608,12825,47.375000000000000,55.375000000000000,1
894,6609,12826,45.375000000000000,55.375000000000000,1
895,6610,12827,43.375000000000000,55.375000000000000,1
896,6611,12828,41.375000000000000,55.375000000000000,1
897,6612,12829,39.375000000000000,55.375000000000000,1
898,6613,12830,37.375000000000000,55.375000000000000,1
899,6614,12831,35.375000000000000,55.375000000000000,1
900,6615,12832,33.375000000000000,55.375000000000000,1
901,6616,12833,31.375000000000000,55.375000000000000,1
902,6617,12834,29.375000000000000,55.375000000000000,1
903,6618,12835,27.375000000000000,55.375000000000000,1
904,6619,12837,23.375000000000000,55.375000000000000,1
905,6620,12838,21.375000000000000,55.375000000000000,1
906,6621,12839,19.375000000000000,55.375000000000000,1
907,6627,12882,49.375000000000000,55.625000000000000,1
908,6628,12883,47.375000000000000,55.625000000000000,1
909,6629,12884,45.375000000000000,55.625000000000000,1
910,6630,12885,43.375000000000000,55.625000000000000,1
911,6631,12886,41.375000000000000,55.625000000000000,1
912,6632,12887,39.375000000000000,55.625000000000000,1
913,6633,12888,37.375000000000000,55.625000000000000,1
914,6634,12889,35.375000000000000,55.625000000000000,1
915,6635,12890,33.375000000000000,55.625000000000000,1
916,6636,12891,31.375000000000000,55.625000000000000,1
917,6637,12892,29.375000000000000,55.625000000000000,1
918,6638,12893,27.375000000000000,55.625000000000000,1
919,6639,12894,25.375000000000000,55.625000000000000,1
920,6640,12895,23.375000000000000,55.625000000000000,1
921,6641,12896,21.375000000000000,55.625000000000000,1
922,6642,12897,19.375000000000000,55.625000000000000,1
923,6648,12940,49.375000000000000,55.875000000000000,1
924,6649,12941,47.375000000000000,55.875000000000000,1
925,6650,12942,45.375000000000000,55.875000000000000,1
926,6651,12943,43.375000000000000,55.875000000000000,1
927,6652,12944,41.375000000000000,55.875000000000000,1
928,6653,12945,39.375000000000000,55.875000000000000,1
929,6654,12946,37.375000000000000,55.875000000000000,1
930,6655,12947,35.375000000000000,55.875000000000000,1
931,6656,12948,33.375000000000000,55.875000000000000,1
932,6657,12949,31.375000000000000,55.875000000000000,1
933,6658,12950,29.375000000000000,55.875000000000000,1
934,6659,12951,27.375000000000000,55.875000000000000,1
935,6660,12952,25.375000000000000,55.875000000000000,1
936,6661,12953,23.375000000000000,55.875000000000000,1
937,6662,12954,21.375000000000000,55.875000000000000,1
938,6663,12955,19.375000000000000,55.875000000000000,1
939,6669,12998,49.375000000000000,56.125000000000000,1
940,6670,12999,47.375000000000000,56.125000000000000,1
941,6671,13000,45.375000000000000,56.125000000000000,1
942,6672,13001,43.375000000000000,56.125000000000000,1
943,6673,13002,41.375000000000000,56.125000000000000,1
944,6674,13003,39.375000000000000,56.125000000000000,1
945,6675,13004,37.375000000000000,56.125000000000000,1
946,6676,13005,35.375000000000000,56.125000000000000,1
947,6677,13006,33.375000000000000,56.125000000000000,1
948,6678,13007,31.375000000000000,56.125000000000000,1
949,6679,13008,29.375000000000000,56.125000000000000,1
950,6680,13009,27.375000000000000,56.125000000000000,1
951,6681,13010,25.375000000000000,56.125000000000000,1
952,6682,13011,23.375000000000000,56.125000000000000,1
953,6683,13012,21.375000000000000,56.125000000000000,1
954,6684,13013,19.375000000000000,56.125000000000000,1
955,6690,13056,49.375000000000000,56.375000000000000,1
956,6691,13057,47.375000000000000,56.375000000000000,1
957,6692,13058,45.375000000000000,56.375000000000000,1
958,6693,13059,43.375000000000000,56.375000000000000,1
959,6694,13060,41.375000000000000,56.375000000000000,1
960,6695,13061,39.375000000000000,56.375000000000000,1
961,6696,13062,37.375000000000000,56.375000000000000,1
962,6697,13063,35.375000000000000,56.375000000000000,1
963,6698,13064,33.375000000000000,56.375000000000000,1
964,6699,13065,31.375000000000000,56.375000000000000,1
965,6700,13066,29.375000000000000,56.375000000000000,1
966,6701,13067,27.375000000000000,56.375000000000000,1
967,6702,13069,23.375000000000000,56.375000000000000,1
968,6703,13070,21.375000000000000,56.375000000000000,1
969,6704,13071,19.375000000000000,56.375000000000000,1
970,6710,13114,49.375000000000000,56.625000000000000,1
971,6711,13115,47.375000000000000,56.625000000000000,1
972,6712,13116,45.375000000000000,56.625000000000000,1
973,6713,13117,43.375000000000000,56.625000000000000,1
974,6714,13118,41.375000000000000,56.625000000000000,1
975,6715,13119,39.375000000000000,56.625000000000000,1
976,6716,13120,37.375000000000000,56.625000000000000,1
977,6717,13121,35.375000000000000,56.625000000000000,1
978,6718,13122,33.375000000000000,56.625000000000000,1
979,6719,13123,31.375000000000000,56.625000000000000,1
980,6720,13124,29.375000000000000,56.625000000000000,1
981,6721,13125,27.375000000000000,56.625000000000000,1
982,6722,13127,23.375000000000000,56.625000000000000,1
983,6723,13128,21.375000000000000,56.625000000000000,1
984,6724,13129,19.375000000000000,56.625000000000000,1
985,6730,13172,49.375000000000000,56.875000000000000,1
986,6731,13173,47.375000000000000,56.875000000000000,1
987,6732,13174,45.375000000000000,56.875000000000000,1
988,6733,13175,43.375000000000000,56.875000000000000,1
989,6734,13176,41.375000000000000,56.875000000000000,1
990,6735,13177,39.375000000000000,56.875000000000000,1
991,6736,13178,37.375000000000000,56.875000000000000,1
992,6737,13179,35.375000000000000,56.875000000000000,1
993,6738,13180,33.375000000000000,56.875000000000000,1
994,6739,13181,31.375000000000000,56.875000000000000,1
995,6740,13182,29.375000000000000,56.875000000000000,1
996,6741,13183,27.375000000000000,56.875000000000000,1
997,6742,13185,23.375000000000000,56.875000000000000,1
998,6743,13186,21.375000000000000,56.875000000000000,1
999,6744,13187,19.375000000000000,56.875000000000000,1
1000,6750,13230,49.375000000000000,57.125000000000000,1
1001,6751,13231,47.375000000000000,57.125000000000000,1
1002,6752,13232,45.375000000000000,57.125000000000000,1
1003,6753,13233,43.375000000000000,57.125000000000000,1
1004,6754,13234,41.375000000000000,57.125000000000000,1
1005,6755,13235,39.375000000000000,57.125000000000000,1
1006,6756,13236,37.375000000000000,57.125000000000000,1
1007,6757,13237,35.375000000000000,57.125000000000000,1
1008,6758,13238,33.375000000000000,57.125000000000000,1
1009,6759,13239,31.375000000000000,57.125000000000000,1
1010,6760,13240,29.375000000000000,57.125000000000000,1
1011,6761,13241,27.375000000000000,57.125000000000000,1
1012,6762,13243,23.375000000000000,57.125000000000000,1
1013,6763,13244,21.375000000000000,57.125000000000000,1
1014,6764,13245,19.375000000000000,57.125000000000000,1
1015,6770,13288,49.375000000000000,57.375000000000000,1
1016,6771,13289,47.375000000000000,57.375000000000000,1
1017,6772,13290,45.375000000000000,57.375000000000000,1
1018,6773,13291,43.375000000000000,57.375000000000000,1
1019,6774,13292,41.375000000000000,57.375000000000000,1
1020,6775,13293,39.375000000000000,57.375000000000000,1
1021,6776,13294,37.375000000000000,57.375000000000000,1
1022,6777,13295,35.375000000000000,57.375000000000000,1
1023,6778,13296,33.375000000000000,57.375000000000000,1
1024,6779,13297,31.375000000000000,57.375000000000000,1
1025,6780,13298,29.375000000000000,57.375000000000000,1
1026,6781,13299,27.375000000000000,57.375000000000000,1
1027,6782,13301,23.375000000000000,57.375000000000000,1
1028,6783,13302,21.375000000000000,57.375000000000000,1
1029,6784,13303,19.375000000000000,57.375000000000000,1
1030,6790,13346,49.375000000000000,57.625000000000000,1
1031,6791,13347,47.375000000000000,57.625000000000000,1
1032,6792,13348,45.375000000000000,57.625000000000000,1
1033,6793,13349,43.375000000000000,57.625000000000000,1
1034,6794,13350,41.375000000000000,57.625000000000000,1
1035,6795,13351,39.375000000000000,57.625000000000000,1
1036,6796,13352,37.375000000000000,57.625000000000000,1
1037,6797,13353,35.375000000000000,57.625000000000000,1
1038,6798,13354,33.375000000000000,57.625000000000000,1
1039,6799,13355,31.375000000000000,57.625000000000000,1
1040,6800,13356,29.375000000000000,57.625000000000000,1
1041,6801,13357,27.375000000000000,57.625000000000000,1
1042,6802,13359,23.375000000000000,57.625000000000000,1
1043,6803,13360,21.375000000000000,57.625000000000000,1
1044,6804,13361,19.375000000000000,57.625000000000000,1
1045,6810,13404,49.375000000000000,57.875000000000000,1
1046,6811,13405,47.375000000000000,57.875000000000000,1
1047,6812,13406,45.375000000000000,57.875000000000000,1
1048,6813,13407,43.375000000000000,57.875000000000000,1
1049,6814,13408,41.375000000000000,57.875000000000000,1
1050,6815,13409,39.375000000000000,57.875000000000000,1
1051,6816,13410,37.375000000000000,57.875000000000000,1
1052,6817,13411,35.375000000000000,57.875000000000000,1
1053,6818,13412,33.375000000000000,57.875000000000000,1
1054,6819,13413,31.375000000000000,57.875000000000000,1
1055,6820,13414,29.375000000000000,57.875000000000000,1
1056,6821,13415,27.375000000000000,57.875000000000000,1
1057,6822,13417,23.375000000000000,57.875000000000000,1
1058,6823,13418,21.375000000000000,57.875000000000000,1
1059,6829,13462,49.375000000000000,58.125000000000000,1
1060,6830,13463,47.375000000000000,58.125000000000000,1
1061,6831,13464,45.375000000000000,58.125000000000000,1
1062,6832,13465,43.375000000000000,58.125000000000000,1
1063,6833,13466,41.375000000000000,58.125000000000000,1
1064,6834,13467,39.375000000000000,58.125000000000000,1
1065,6835,13468,37.375000000000000,58.125000000000000,1
1066,6836,13469,35.375000000000000,58.125000000000000,1
1067,6837,13470,33.375000000000000,58.125000000000000,1
1068,6838,13471,31.375000000000000,58.125000000000000,1
1069,6839,13472,29.375000000000000,58.125000000000000,1
1070,6840,13473,27.375000000000000,58.125000000000000,1
1071,6841,13475,23.375000000000000,58.125000000000000,1
1072,6842,13476,21.375000000000000,58.125000000000000,1
1073,6848,13520,49.375000000000000,58.375000000000000,1
1074,6849,13521,47.375000000000000,58.375000000000000,1
1075,6850,13522,45.375000000000000,58.375000000000000,1
1076,6851,13523,43.375000000000000,58.375000000000000,1
1077,6852,13524,41.375000000000000,58.375000000000000,1
1078,6853,13525,39.375000000000000,58.375000000000000,1
1079,6854,13526,37.375000000000000,58.375000000000000,1
1080,6855,13527,35.375000000000000,58.375000000000000,1
1081,6856,13528,33.375000000000000,58.375000000000000,1
1082,6857,13529,31.375000000000000,58.375000000000000,1
1083,6858,13530,29.375000000000000,58.375000000000000,1
1084,6859,13531,27.375000000000000,58.375000000000000,1
1085,6860,13533,23.375000000000000,58.375000000000000,1
1086,6861,13534,21.375000000000000,58.375000000000000,1
1087,6867,13578,49.375000000000000,58.625000000000000,1
1088,6868,13579,47.375000000000000,58.625000000000000,1
1089,6869,13580,45.375000000000000,58.625000000000000,1
1090,6870,13581,43.375000000000000,58.625000000000000,1
1091,6871,13582,41.375000000000000,58.625000000000000,1
1092,6872,13583,39.375000000000000,58.625000000000000,1
1093,6873,13584,37.375000000000000,58.625000000000000,1
1094,6874,13585,35.375000000000000,58.625000000000000,1
1095,6875,13586,33.375000000000000,58.625000000000000,1
1096,6876,13587,31.375000000000000,58.625000000000000,1
1097,6877,13588,29.375000000000000,58.625000000000000,1
1098,6878,13589,27.375000000000000,58.625000000000000,1
1099,6879,13591,23.375000000000000,58.625000000000000,1
1100,6880,13592,21.375000000000000,58.625000000000000,1
1101,6886,13636,49.375000000000000,58.875000000000000,1
1102,6887,13637,47.375000000000000,58.875000000000000,1
1103,6888,13639,43.375000000000000,58.875000000000000,1
1104,6889,13640,41.375000000000000,58.875000000000000,1
1105,6890,13641,39.375000000000000,58.875000000000000,1
1106,6891,13642,37.375000000000000,58.875000000000000,1
1107,6892,13643,35.375000000000000,58.875000000000000,1
1108,6893,13644,33.375000000000000,58.875000000000000,1
1109,6894,13645,31.375000000000000,58.875000000000000,1
1110,6895,13646,29.375000000000000,58.875000000000000,1
1111,6896,13647,27.375000000000000,58.875000000000000,1
1112,6902,13694,49.375000000000000,59.125000000000000,1
1113,6903,13695,47.375000000000000,59.125000000000000,1
1114,6904,13697,43.375000000000000,59.125000000000000,1
1115,6905,13698,41.375000000000000,59.125000000000000,1
1116,6906,13699,39.375000000000000,59.125000000000000,1
1117,6907,13700,37.375000000000000,59.125000000000000,1
1118,6908,13701,35.375000000000000,59.125000000000000,1
1119,6909,13702,33.375000000000000,59.125000000000000,1
1120,6910,13703,31.375000000000000,59.125000000000000,1
1121,6911,13704,29.375000000000000,59.125000000000000,1
1122,6912,13705,27.375000000000000,59.125000000000000,1
1123,6918,13752,49.375000000000000,59.375000000000000,1
1124,6919,13753,47.375000000000000,59.375000000000000,1
1125,6920,13755,43.375000000000000,59.375000000000000,1
1126,6921,13756,41.375000000000000,59.375000000000000,1
1127,6922,13757,39.375000000000000,59.375000000000000,1
1128,6923,13758,37.375000000000000,59.375000000000000,1
1129,6924,13759,35.375000000000000,59.375000000000000,1
1130,6925,13760,33.375000000000000,59.375000000000000,1
1131,6926,13761,31.375000000000000,59.375000000000000,1
1132,6927,13762,29.375000000000000,59.375000000000000,1
1133,6928,13763,27.375000000000000,59.375000000000000,1
1134,6934,13810,49.375000000000000,59.625000000000000,1
1135,6935,13811,47.375000000000000,59.625000000000000,1
1136,6936,13813,43.375000000000000,59.625000000000000,1
1137,6937,13814,41.375000000000000,59.625000000000000,1
1138,6938,13815,39.375000000000000,59.625000000000000,1
1139,6939,13816,37.375000000000000,59.625000000000000,1
1140,6940,13817,35.375000000000000,59.625000000000000,1
1141,6941,13818,33.375000000000000,59.625000000000000,1
1142,6942,13819,31.375000000000000,59.625000000000000,1
1143,6943,13820,29.375000000000000,59.625000000000000,1
1144,6944,13821,27.375000000000000,59.625000000000000,1
1145,6950,13868,49.375000000000000,59.875000000000000,1
1146,6951,13869,47.375000000000000,59.875000000000000,1
1147,6952,13871,43.375000000000000,59.875000000000000,1
1148,6953,13872,41.375000000000000,59.875000000000000,1
1149,6954,13873,39.375000000000000,59.875000000000000,1
1150,6955,13874,37.375000000000000,59.875000000000000,1
1151,6956,13875,35.375000000000000,59.875000000000000,1
1152,6957,13876,33.375000000000000,59.875000000000000,1
1153,6958,13877,31.375000000000000,59.875000000000000,1
1154,6959,13878,29.375000000000000,59.875000000000000,1
1155,6960,13879,27.375000000000000,59.875000000000000,1