FID,field,Var1,Var2,value
0,45937,59.375000000000000,-161.875000000000000,1
1,45995,59.375000000000000,-161.625000000000000,1
2,46053,59.375000000000000,-161.375000000000000,1
3,46111,59.375000000000000,-161.125000000000000,1
4,46169,59.375000000000000,-160.875000000000000,1
5,46227,59.375000000000000,-160.625000000000000,1
6,46285,59.375000000000000,-160.375000000000000,1
7,46343,59.375000000000000,-160.125000000000000,1
8,46401,59.375000000000000,-159.875000000000000,1
9,46459,59.375000000000000,-159.625000000000000,1
10,46517,59.375000000000000,-159.375000000000000,1
11,46575,59.375000000000000,-159.125000000000000,1
12,46633,59.375000000000000,-158.875000000000000,1
13,46691,59.375000000000000,-158.625000000000000,1
14,46749,59.375000000000000,-158.375000000000000,1
15,46807,59.375000000000000,-158.125000000000000,1
16,46865,59.375000000000000,-157.875000000000000,1
17,46866,57.375000000000000,-157.875000000000000,1
18,46923,59.375000000000000,-157.625000000000000,1
19,46924,57.375000000000000,-157.625000000000000,1
20,46981,59.375000000000000,-157.375000000000000,1
21,46982,57.375000000000000,-157.375000000000000,1
22,47039,59.375000000000000,-157.125000000000000,1
23,47040,57.375000000000000,-157.125000000000000,1
24,47097,59.375000000000000,-156.875000000000000,1
25,47098,57.375000000000000,-156.875000000000000,1
26,47155,59.375000000000000,-156.625000000000000,1
27,47156,57.375000000000000,-156.625000000000000,1
28,47213,59.375000000000000,-156.375000000000000,1
29,47271,59.375000000000000,-156.125000000000000,1
30,47329,59.375000000000000,-155.875000000000000,1
31,47387,59.375000000000000,-155.625000000000000,1
32,47445,59.375000000000000,-155.375000000000000,1
33,47503,59.375000000000000,-155.125000000000000,1
34,47561,59.375000000000000,-154.875000000000000,1
35,47619,59.375000000000000,-154.625000000000000,1
36,47677,59.375000000000000,-154.375000000000000,1
37,47735,59.375000000000000,-154.125000000000000,1
38,47909,59.375000000000000,-153.375000000000000,1
39,48257,59.375000000000000,-151.875000000000000,1
40,48315,59.375000000000000,-151.625000000000000,1
41,48373,59.375000000000000,-151.375000000000000,1
42,48431,59.375000000000000,-151.125000000000000,1
43,48489,59.375000000000000,-150.875000000000000,1
44,48547,59.375000000000000,-150.625000000000000,1
45,51157,59.375000000000000,-139.375000000000000,1
46,51215,59.375000000000000,-139.125000000000000,1
47,51273,59.375000000000000,-138.875000000000000,1
48,51331,59.375000000000000,-138.625000000000000,1
49,51389,59.375000000000000,-138.375000000000000,1
50,51447,59.375000000000000,-138.125000000000000,1
51,51505,59.375000000000000,-137.875000000000000,1
52,51563,59.375000000000000,-137.625000000000000,1
53,51621,59.375000000000000,-137.375000000000000,1
54,51679,59.375000000000000,-137.125000000000000,1
55,51737,59.375000000000000,-136.875000000000000,1
56,51795,59.375000000000000,-136.625000000000000,1
57,51853,59.375000000000000,-136.375000000000000,1
58,51911,59.375000000000000,-136.125000000000000,1
59,51969,59.375000000000000,-135.875000000000000,1
60,52027,59.375000000000000,-135.625000000000000,1
61,52086,57.375000000000000,-135.375000000000000,1
62,52143,59.375000000000000,-135.125000000000000,1
63,52144,57.375000000000000,-135.125000000000000,1
64,52201,59.375000000000000,-134.875000000000000,1
65,52202,57.375000000000000,-134.875000000000000,1
66,52259,59.375000000000000,-134.625000000000000,1
67,52317,59.375000000000000,-134.375000000000000,1
68,52375,59.375000000000000,-134.125000000000000,1
69,52376,57.375000000000000,-134.125000000000000,1
70,52433,59.375000000000000,-133.875000000000000,1
71,52434,57.375000000000000,-133.875000000000000,1
72,52491,59.375000000000000,-133.625000000000000,1
73,52549,59.375000000000000,-133.375000000000000,1
74,52550,57.375000000000000,-133.375000000000000,1
75,52607,59.375000000000000,-133.125000000000000,1
76,52608,57.375000000000000,-133.125000000000000,1
77,52665,59.375000000000000,-132.875000000000000,1
78,52666,57.375000000000000,-132.875000000000000,1
79,52723,59.375000000000000,-132.625000000000000,1
80,52724,57.375000000000000,-132.625000000000000,1
81,52781,59.375000000000000,-132.375000000000000,1
82,52782,57.375000000000000,-132.375000000000000,1
83,52839,59.375000000000000,-132.125000000000000,1
84,52840,57.375000000000000,-132.125000000000000,1
85,52897,59.375000000000000,-131.875000000000000,1
86,52898,57.375000000000000,-131.875000000000000,1
87,52955,59.375000000000000,-131.625000000000000,1
88,52956,57.375000000000000,-131.625000000000000,1
89,53013,59.375000000000000,-131.375000000000000,1
90,53014,57.375000000000000,-131.375000000000000,1
91,53071,59.375000000000000,-131.125000000000000,1
92,53072,57.375000000000000,-131.125000000000000,1
93,53073,55.375000000000000,-131.125000000000000,1
94,53129,59.375000000000000,-130.875000000000000,1
95,53130,57.375000000000000,-130.875000000000000,1
96,53187,59.375000000000000,-130.625000000000000,1
97,53188,57.375000000000000,-130.625000000000000,1
98,53189,55.375000000000000,-130.625000000000000,1
99,53245,59.375000000000000,-130.375000000000000,1
100,53246,57.375000000000000,-130.375000000000000,1
101,53247,55.375000000000000,-130.375000000000000,1
102,53303,59.375000000000000,-130.125000000000000,1
103,53304,57.375000000000000,-130.125000000000000,1
104,53305,55.375000000000000,-130.125000000000000,1
105,53361,59.375000000000000,-129.875000000000000,1
106,53362,57.375000000000000,-129.875000000000000,1
107,53363,55.375000000000000,-129.875000000000000,1
108,53419,59.375000000000000,-129.625000000000000,1
109,53420,57.375000000000000,-129.625000000000000,1
110,53421,55.375000000000000,-129.625000000000000,1
111,53477,59.375000000000000,-129.375000000000000,1
112,53478,57.375000000000000,-129.375000000000000,1
113,53479,55.375000000000000,-129.375000000000000,1
114,53535,59.375000000000000,-129.125000000000000,1
115,53536,57.375000000000000,-129.125000000000000,1
116,53537,55.375000000000000,-129.125000000000000,1
117,53593,59.375000000000000,-128.875000000000000,1
118,53594,57.375000000000000,-128.875000000000000,1
119,53595,55.375000000000000,-128.875000000000000,1
120,53651,59.375000000000000,-128.625000000000000,1
121,53652,57.375000000000000,-128.625000000000000,1
122,53653,55.375000000000000,-128.625000000000000,1
123,53654,53.375000000000000,-128.625000000000000,1
124,53709,59.375000000000000,-128.375000000000000,1
125,53710,57.375000000000000,-128.375000000000000,1
126,53711,55.375000000000000,-128.375000000000000,1
127,53712,53.375000000000000,-128.375000000000000,1
128,53767,59.375000000000000,-128.125000000000000,1
129,53768,57.375000000000000,-128.125000000000000,1
130,53769,55.375000000000000,-128.125000000000000,1
131,53770,53.375000000000000,-128.125000000000000,1
132,53825,59.375000000000000,-127.875000000000000,1
133,53826,57.375000000000000,-127.875000000000000,1
134,53827,55.375000000000000,-127.875000000000000,1
135,53828,53.375000000000000,-127.875000000000000,1
136,53883,59.375000000000000,-127.625000000000000,1
137,53884,57.375000000000000,-127.625000000000000,1
138,53885,55.375000000000000,-127.625000000000000,1
139,53886,53.375000000000000,-127.625000000000000,1
140,53887,51.375000000000000,-127.625000000000000,1
141,53941,59.375000000000000,-127.375000000000000,1
142,53942,57.375000000000000,-127.375000000000000,1
143,53943,55.375000000000000,-127.375000000000000,1
144,53944,53.375000000000000,-127.375000000000000,1
145,53945,51.375000000000000,-127.375000000000000,1
146,53999,59.375000000000000,-127.125000000000000,1
147,54000,57.375000000000000,-127.125000000000000,1
148,54001,55.375000000000000,-127.125000000000000,1
149,54002,53.375000000000000,-127.125000000000000,1
150,54057,59.375000000000000,-126.875000000000000,1
151,54058,57.375000000000000,-126.875000000000000,1
152,54059,55.375000000000000,-126.875000000000000,1
153,54060,53.375000000000000,-126.875000000000000,1
154,54061,51.375000000000000,-126.875000000000000,1
155,54115,59.375000000000000,-126.625000000000000,1
156,54116,57.375000000000000,-126.625000000000000,1
157,54117,55.375000000000000,-126.625000000000000,1
158,54118,53.375000000000000,-126.625000000000000,1
159,54119,51.375000000000000,-126.625000000000000,1
160,54173,59.375000000000000,-126.375000000000000,1
161,54174,57.375000000000000,-126.375000000000000,1
162,54175,55.375000000000000,-126.375000000000000,1
163,54176,53.375000000000000,-126.375000000000000,1
164,54177,51.375000000000000,-126.375000000000000,1
165,54231,59.375000000000000,-126.125000000000000,1
166,54232,57.375000000000000,-126.125000000000000,1
167,54233,55.375000000000000,-126.125000000000000,1
168,54234,53.375000000000000,-126.125000000000000,1
169,54235,51.375000000000000,-126.125000000000000,1
170,54236,49.375000000000000,-126.125000000000000,1
171,54289,59.375000000000000,-125.875000000000000,1
172,54290,57.375000000000000,-125.875000000000000,1
173,54291,55.375000000000000,-125.875000000000000,1
174,54292,53.375000000000000,-125.875000000000000,1
175,54293,51.375000000000000,-125.875000000000000,1
176,54294,49.375000000000000,-125.875000000000000,1
177,54347,59.375000000000000,-125.625000000000000,1
178,54348,57.375000000000000,-125.625000000000000,1
179,54349,55.375000000000000,-125.625000000000000,1
180,54350,53.375000000000000,-125.625000000000000,1
181,54351,51.375000000000000,-125.625000000000000,1
182,54352,49.375000000000000,-125.625000000000000,1
183,54405,59.375000000000000,-125.375000000000000,1
184,54406,57.375000000000000,-125.375000000000000,1
185,54407,55.375000000000000,-125.375000000000000,1
186,54408,53.375000000000000,-125.375000000000000,1
187,54409,51.375000000000000,-125.375000000000000,1
188,54410,49.375000000000000,-125.375000000000000,1
189,54463,59.375000000000000,-125.125000000000000,1
190,54464,57.375000000000000,-125.125000000000000,1
191,54465,55.375000000000000,-125.125000000000000,1
192,54466,53.375000000000000,-125.125000000000000,1
193,54467,51.375000000000000,-125.125000000000000,1
194,54468,49.375000000000000,-125.125000000000000,1
195,54521,59.375000000000000,-124.875000000000000,1
196,54522,57.375000000000000,-124.875000000000000,1
197,54523,55.375000000000000,-124.875000000000000,1
198,54524,53.375000000000000,-124.875000000000000,1
199,54525,51.375000000000000,-124.875000000000000,1
200,54526,49.375000000000000,-124.875000000000000,1
201,54579,59.375000000000000,-124.625000000000000,1
202,54580,57.375000000000000,-124.625000000000000,1
203,54581,55.375000000000000,-124.625000000000000,1
204,54582,53.375000000000000,-124.625000000000000,1
205,54583,51.375000000000000,-124.625000000000000,1
206,54584,49.375000000000000,-124.625000000000000,1
207,54637,59.375000000000000,-124.375000000000000,1
208,54638,57.375000000000000,-124.375000000000000,1
209,54639,55.375000000000000,-124.375000000000000,1
210,54640,53.375000000000000,-124.375000000000000,1
211,54641,51.375000000000000,-124.375000000000000,1
212,54695,59.375000000000000,-124.125000000000000,1
213,54696,57.375000000000000,-124.125000000000000,1
214,54697,55.375000000000000,-124.125000000000000,1
215,54698,53.375000000000000,-124.125000000000000,1
216,54699,51.375000000000000,-124.125000000000000,1
217,54753,59.375000000000000,-123.875000000000000,1
218,54754,57.375000000000000,-123.875000000000000,1
219,54755,55.375000000000000,-123.875000000000000,1
220,54756,53.375000000000000,-123.875000000000000,1
221,54757,51.375000000000000,-123.875000000000000,1
222,54811,59.375000000000000,-123.625000000000000,1
223,54812,57.375000000000000,-123.625000000000000,1
224,54813,55.375000000000000,-123.625000000000000,1
225,54814,53.375000000000000,-123.625000000000000,1
226,54815,51.375000000000000,-123.625000000000000,1
227,54817,47.375000000000000,-123.625000000000000,1
228,54818,45.375000000000000,-123.625000000000000,1
229,54819,43.375000000000000,-123.625000000000000,1
230,54820,41.375000000000000,-123.625000000000000,1
231,54821,39.375000000000000,-123.625000000000000,1
232,54869,59.375000000000000,-123.375000000000000,1
233,54870,57.375000000000000,-123.375000000000000,1
234,54871,55.375000000000000,-123.375000000000000,1
235,54872,53.375000000000000,-123.375000000000000,1
236,54873,51.375000000000000,-123.375000000000000,1
237,54875,47.375000000000000,-123.375000000000000,1
238,54876,45.375000000000000,-123.375000000000000,1
239,54877,43.375000000000000,-123.375000000000000,1
240,54878,41.375000000000000,-123.375000000000000,1
241,54879,39.375000000000000,-123.375000000000000,1
242,54927,59.375000000000000,-123.125000000000000,1
243,54928,57.375000000000000,-123.125000000000000,1
244,54929,55.375000000000000,-123.125000000000000,1
245,54930,53.375000000000000,-123.125000000000000,1
246,54931,51.375000000000000,-123.125000000000000,1
247,54932,49.375000000000000,-123.125000000000000,1
248,54934,45.375000000000000,-123.125000000000000,1
249,54935,43.375000000000000,-123.125000000000000,1
250,54936,41.375000000000000,-123.125000000000000,1
251,54937,39.375000000000000,-123.125000000000000,1
252,54985,59.375000000000000,-122.875000000000000,1
253,54986,57.375000000000000,-122.875000000000000,1
254,54987,55.375000000000000,-122.875000000000000,1
255,54988,53.375000000000000,-122.875000000000000,1
256,54989,51.375000000000000,-122.875000000000000,1
257,54991,47.375000000000000,-122.875000000000000,1
258,54992,45.375000000000000,-122.875000000000000,1
259,54993,43.375000000000000,-122.875000000000000,1
260,54994,41.375000000000000,-122.875000000000000,1
261,54995,39.375000000000000,-122.875000000000000,1
262,55043,59.375000000000000,-122.625000000000000,1
263,55044,57.375000000000000,-122.625000000000000,1
264,55045,55.375000000000000,-122.625000000000000,1
265,55046,53.375000000000000,-122.625000000000000,1
266,55047,51.375000000000000,-122.625000000000000,1
267,55048,49.375000000000000,-122.625000000000000,1
268,55049,47.375000000000000,-122.625000000000000,1
269,55050,45.375000000000000,-122.625000000000000,1
270,55051,43.375000000000000,-122.625000000000000,1
271,55052,41.375000000000000,-122.625000000000000,1
272,55053,39.375000000000000,-122.625000000000000,1
273,55101,59.375000000000000,-122.375000000000000,1
274,55102,57.375000000000000,-122.375000000000000,1
275,55103,55.375000000000000,-122.375000000000000,1
276,55104,53.375000000000000,-122.375000000000000,1
277,55105,51.375000000000000,-122.375000000000000,1
278,55106,49.375000000000000,-122.375000000000000,1
279,55108,45.375000000000000,-122.375000000000000,1
280,55109,43.375000000000000,-122.375000000000000,1
281,55110,41.375000000000000,-122.375000000000000,1
282,55111,39.375000000000000,-122.375000000000000,1
283,55159,59.375000000000000,-122.125000000000000,1
284,55160,57.375000000000000,-122.125000000000000,1
285,55161,55.375000000000000,-122.125000000000000,1
286,55162,53.375000000000000,-122.125000000000000,1
287,55163,51.375000000000000,-122.125000000000000,1
288,55164,49.375000000000000,-122.125000000000000,1
289,55165,47.375000000000000,-122.125000000000000,1
290,55166,45.375000000000000,-122.125000000000000,1
291,55167,43.375000000000000,-122.125000000000000,1
292,55168,41.375000000000000,-122.125000000000000,1
293,55169,39.375000000000000,-122.125000000000000,1
294,55217,59.375000000000000,-121.875000000000000,1
295,55218,57.375000000000000,-121.875000000000000,1
296,55219,55.375000000000000,-121.875000000000000,1
297,55220,53.375000000000000,-121.875000000000000,1
298,55221,51.375000000000000,-121.875000000000000,1
299,55222,49.375000000000000,-121.875000000000000,1
300,55223,47.375000000000000,-121.875000000000000,1
301,55224,45.375000000000000,-121.875000000000000,1
302,55225,43.375000000000000,-121.875000000000000,1
303,55226,41.375000000000000,-121.875000000000000,1
304,55227,39.375000000000000,-121.875000000000000,1
305,55275,59.375000000000000,-121.625000000000000,1
306,55276,57.375000000000000,-121.625000000000000,1
307,55277,55.375000000000000,-121.625000000000000,1
308,55278,53.375000000000000,-121.625000000000000,1
309,55279,51.375000000000000,-121.625000000000000,1
310,55280,49.375000000000000,-121.625000000000000,1
311,55281,47.375000000000000,-121.625000000000000,1
312,55282,45.375000000000000,-121.625000000000000,1
313,55283,43.375000000000000,-121.625000000000000,1
314,55284,41.375000000000000,-121.625000000000000,1
315,55285,39.375000000000000,-121.625000000000000,1
316,55333,59.375000000000000,-121.375000000000000,1
317,55334,57.375000000000000,-121.375000000000000,1
318,55335,55.375000000000000,-121.375000000000000,1
319,55336,53.375000000000000,-121.375000000000000,1
320,55337,51.375000000000000,-121.375000000000000,1
321,55338,49.375000000000000,-121.375000000000000,1
322,55339,47.375000000000000,-121.375000000000000,1
323,55340,45.375000000000000,-121.375000000000000,1
324,55341,43.375000000000000,-121.375000000000000,1
325,55342,41.375000000000000,-121.375000000000000,1
326,55343,39.375000000000000,-121.375000000000000,1
327,55391,59.375000000000000,-121.125000000000000,1
328,55392,57.375000000000000,-121.125000000000000,1
329,55393,55.375000000000000,-121.125000000000000,1
330,55394,53.375000000000000,-121.125000000000000,1
331,55395,51.375000000000000,-121.125000000000000,1
332,55396,49.375000000000000,-121.125000000000000,1
333,55397,47.375000000000000,-121.125000000000000,1
334,55398,45.375000000000000,-121.125000000000000,1
335,55399,43.375000000000000,-121.125000000000000,1
336,55400,41.375000000000000,-121.125000000000000,1
337,55401,39.375000000000000,-121.125000000000000,1
338,55402,37.375000000000000,-121.125000000000000,1
339,55449,59.375000000000000,-120.875000000000000,1
340,55450,57.375000000000000,-120.875000000000000,1
341,55451,55.375000000000000,-120.875000000000000,1
342,55452,53.375000000000000,-120.875000000000000,1
343,55453,51.375000000000000,-120.875000000000000,1
344,55454,49.375000000000000,-120.875000000000000,1
345,55455,47.375000000000000,-120.875000000000000,1
346,55456,45.375000000000000,-120.875000000000000,1
347,55457,43.375000000000000,-120.875000000000000,1
348,55458,41.375000000000000,-120.875000000000000,1
349,55459,39.375000000000000,-120.875000000000000,1
350,55460,37.375000000000000,-120.875000000000000,1
351,55507,59.375000000000000,-120.625000000000000,1
352,55508,57.375000000000000,-120.625000000000000,1
353,55509,55.375000000000000,-120.625000000000000,1
354,55510,53.375000000000000,-120.625000000000000,1
355,55511,51.375000000000000,-120.625000000000000,1
356,55512,49.375000000000000,-120.625000000000000,1
357,55513,47.375000000000000,-120.625000000000000,1
358,55514,45.375000000000000,-120.625000000000000,1
359,55515,43.375000000000000,-120.625000000000000,1
360,55516,41.375000000000000,-120.625000000000000,1
361,55517,39.375000000000000,-120.625000000000000,1
362,55518,37.375000000000000,-120.625000000000000,1
363,55519,35.375000000000000,-120.625000000000000,1
364,55565,59.375000000000000,-120.375000000000000,1
365,55566,57.375000000000000,-120.375000000000000,1
366,55567,55.375000000000000,-120.375000000000000,1
367,55568,53.375000000000000,-120.375000000000000,1
368,55569,51.375000000000000,-120.375000000000000,1
369,55570,49.375000000000000,-120.375000000000000,1
370,55571,47.375000000000000,-120.375000000000000,1
371,55572,45.375000000000000,-120.375000000000000,1
372,55573,43.375000000000000,-120.375000000000000,1
373,55574,41.375000000000000,-120.375000000000000,1
374,55575,39.375000000000000,-120.375000000000000,1
375,55576,37.375000000000000,-120.375000000000000,1
376,55577,35.375000000000000,-120.375000000000000,1
377,55623,59.375000000000000,-120.125000000000000,1
378,55624,57.375000000000000,-120.125000000000000,1
379,55625,55.375000000000000,-120.125000000000000,1
380,55626,53.375000000000000,-120.125000000000000,1
381,55627,51.375000000000000,-120.125000000000000,1
382,55628,49.375000000000000,-120.125000000000000,1
383,55629,47.375000000000000,-120.125000000000000,1
384,55630,45.375000000000000,-120.125000000000000,1
385,55631,43.375000000000000,-120.125000000000000,1
386,55632,41.375000000000000,-120.125000000000000,1
387,55633,39.375000000000000,-120.125000000000000,1
388,55634,37.375000000000000,-120.125000000000000,1
389,55635,35.375000000000000,-120.125000000000000,1
390,55681,59.375000000000000,-119.875000000000000,1
391,55682,57.375000000000000,-119.875000000000000,1
392,55683,55.375000000000000,-119.875000000000000,1
393,55684,53.375000000000000,-119.875000000000000,1
394,55685,51.375000000000000,-119.875000000000000,1
395,55686,49.375000000000000,-119.875000000000000,1
396,55687,47.375000000000000,-119.875000000000000,1
397,55688,45.375000000000000,-119.875000000000000,1
398,55689,43.375000000000000,-119.875000000000000,1
399,55690,41.375000000000000,-119.875000000000000,1
400,55691,39.375000000000000,-119.875000000000000,1
401,55692,37.375000000000000,-119.875000000000000,1
402,55693,35.375000000000000,-119.875000000000000,1
403,55739,59.375000000000000,-119.625000000000000,1
404,55740,57.375000000000000,-119.625000000000000,1
405,55741,55.375000000000000,-119.625000000000000,1
406,55742,53.375000000000000,-119.625000000000000,1
407,55743,51.375000000000000,-119.625000000000000,1
408,55744,49.375000000000000,-119.625000000000000,1
409,55745,47.375000000000000,-119.625000000000000,1
410,55746,45.375000000000000,-119.625000000000000,1
411,55747,43.375000000000000,-119.625000000000000,1
412,55748,41.375000000000000,-119.625000000000000,1
413,55749,39.375000000000000,-119.625000000000000,1
414,55750,37.375000000000000,-119.625000000000000,1
415,55751,35.375000000000000,-119.625000000000000,1
416,55797,59.375000000000000,-119.375000000000000,1
417,55798,57.375000000000000,-119.375000000000000,1
418,55799,55.375000000000000,-119.375000000000000,1
419,55800,53.375000000000000,-119.375000000000000,1
420,55801,51.375000000000000,-119.375000000000000,1
421,55802,49.375000000000000,-119.375000000000000,1
422,55803,47.375000000000000,-119.375000000000000,1
423,55804,45.375000000000000,-119.375000000000000,1
424,55805,43.375000000000000,-119.375000000000000,1
425,55806,41.375000000000000,-119.375000000000000,1
426,55807,39.375000000000000,-119.375000000000000,1
427,55808,37.375000000000000,-119.375000000000000,1
428,55809,35.375000000000000,-119.375000000000000,1
429,55855,59.375000000000000,-119.125000000000000,1
430,55856,57.375000000000000,-119.125000000000000,1
431,55857,55.375000000000000,-119.125000000000000,1
432,55858,53.375000000000000,-119.125000000000000,1
433,55859,51.375000000000000,-119.125000000000000,1
434,55860,49.375000000000000,-119.125000000000000,1
435,55861,47.375000000000000,-119.125000000000000,1
436,55862,45.375000000000000,-119.125000000000000,1
437,55863,43.375000000000000,-119.125000000000000,1
438,55864,41.375000000000000,-119.125000000000000,1
439,55865,39.375000000000000,-119.125000000000000,1
440,55866,37.375000000000000,-119.125000000000000,1
441,55867,35.375000000000000,-119.125000000000000,1
442,55913,59.375000000000000,-118.875000000000000,1
443,55914,57.375000000000000,-118.875000000000000,1
444,55915,55.375000000000000,-118.875000000000000,1
445,55916,53.375000000000000,-118.875000000000000,1
446,55917,51.375000000000000,-118.875000000000000,1
447,55918,49.375000000000000,-118.875000000000000,1
448,55919,47.375000000000000,-118.875000000000000,1
449,55920,45.375000000000000,-118.875000000000000,1
450,55921,43.375000000000000,-118.875000000000000,1
451,55922,41.375000000000000,-118.875000000000000,1
452,55923,39.375000000000000,-118.875000000000000,1
453,55924,37.375000000000000,-118.875000000000000,1
454,55925,35.375000000000000,-118.875000000000000,1
455,55971,59.375000000000000,-118.625000000000000,1
456,55972,57.375000000000000,-118.625000000000000,1
457,55973,55.375000000000000,-118.625000000000000,1
458,55974,53.375000000000000,-118.625000000000000,1
459,55975,51.375000000000000,-118.625000000000000,1
460,55976,49.375000000000000,-118.625000000000000,1
461,55977,47.375000000000000,-118.625000000000000,1
462,55978,45.375000000000000,-118.625000000000000,1
463,55979,43.375000000000000,-118.625000000000000,1
464,55980,41.375000000000000,-118.625000000000000,1
465,55981,39.375000000000000,-118.625000000000000,1
466,55982,37.375000000000000,-118.625000000000000,1
467,55983,35.375000000000000,-118.625000000000000,1
468,56029,59.375000000000000,-118.375000000000000,1
469,56030,57.375000000000000,-118.375000000000000,1
470,56031,55.375000000000000,-118.375000000000000,1
471,56032,53.375000000000000,-118.375000000000000,1
472,56033,51.375000000000000,-118.375000000000000,1
473,56034,49.375000000000000,-118.375000000000000,1
474,56035,47.375000000000000,-118.375000000000000,1
475,56036,45.375000000000000,-118.375000000000000,1
476,56037,43.375000000000000,-118.375000000000000,1
477,56038,41.375000000000000,-118.375000000000000,1
478,56039,39.375000000000000,-118.375000000000000,1
479,56040,37.375000000000000,-118.375000000000000,1
480,56041,35.375000000000000,-118.375000000000000,1
481,56087,59.375000000000000,-118.125000000000000,1
482,56088,57.375000000000000,-118.125000000000000,1
483,56089,55.375000000000000,-118.125000000000000,1
484,56090,53.375000000000000,-118.125000000000000,1
485,56091,51.375000000000000,-118.125000000000000,1
486,56092,49.375000000000000,-118.125000000000000,1
487,56093,47.375000000000000,-118.125000000000000,1
488,56094,45.375000000000000,-118.125000000000000,1
489,56095,43.375000000000000,-118.125000000000000,1
490,56096,41.375000000000000,-118.125000000000000,1
491,56097,39.375000000000000,-118.125000000000000,1
492,56098,37.375000000000000,-118.125000000000000,1
493,56099,35.375000000000000,-118.125000000000000,1
494,56145,59.375000000000000,-117.875000000000000,1
495,56146,57.375000000000000,-117.875000000000000,1
496,56147,55.375000000000000,-117.875000000000000,1
497,56148,53.375000000000000,-117.875000000000000,1
498,56149,51.375000000000000,-117.875000000000000,1
499,56150,49.375000000000000,-117.875000000000000,1
500,56151,47.375000000000000,-117.875000000000000,1
501,56152,45.375000000000000,-117.875000000000000,1
502,56153,43.375000000000000,-117.875000000000000,1
503,56154,41.375000000000000,-117.875000000000000,1
504,56155,39.375000000000000,-117.875000000000000,1
505,56156,37.375000000000000,-117.875000000000000,1
506,56157,35.375000000000000,-117.875000000000000,1
507,56203,59.375000000000000,-117.625000000000000,1
508,56204,57.375000000000000,-117.625000000000000,1
509,56205,55.375000000000000,-117.625000000000000,1
510,56206,53.375000000000000,-117.625000000000000,1
511,56207,51.375000000000000,-117.625000000000000,1
512,56208,49.375000000000000,-117.625000000000000,1
513,56209,47.375000000000000,-117.625000000000000,1
514,56210,45.375000000000000,-117.625000000000000,1
515,56211,43.375000000000000,-117.625000000000000,1
516,56212,41.375000000000000,-117.625000000000000,1
517,56213,39.375000000000000,-117.625000000000000,1
518,56214,37.375000000000000,-117.625000000000000,1
519,56215,35.375000000000000,-117.625000000000000,1
520,56261,59.375000000000000,-117.375000000000000,1
521,56262,57.375000000000000,-117.375000000000000,1
522,56263,55.375000000000000,-117.375000000000000,1
523,56264,53.375000000000000,-117.375000000000000,1
524,56265,51.375000000000000,-117.375000000000000,1
525,56266,49.375000000000000,-117.375000000000000,1
526,56267,47.375000000000000,-117.375000000000000,1
527,56268,45.375000000000000,-117.375000000000000,1
528,56269,43.375000000000000,-117.375000000000000,1
529,56270,41.375000000000000,-117.375000000000000,1
530,56271,39.375000000000000,-117.375000000000000,1
531,56272,37.375000000000000,-117.375000000000000,1
532,56273,35.375000000000000,-117.375000000000000,1
533,56319,59.375000000000000,-117.125000000000000,1
534,56320,57.375000000000000,-117.125000000000000,1
535,56321,55.375000000000000,-117.125000000000000,1
536,56322,53.375000000000000,-117.125000000000000,1
537,56323,51.375000000000000,-117.125000000000000,1
538,56324,49.375000000000000,-117.125000000000000,1
539,56325,47.375000000000000,-117.125000000000000,1
540,56326,45.375000000000000,-117.125000000000000,1
541,56327,43.375000000000000,-117.125000000000000,1
542,56328,41.375000000000000,-117.125000000000000,1
543,56329,39.375000000000000,-117.125000000000000,1
544,56330,37.375000000000000,-117.125000000000000,1
545,56331,35.375000000000000,-117.125000000000000,1
546,56377,59.375000000000000,-116.875000000000000,1
547,56378,57.375000000000000,-116.875000000000000,1
548,56379,55.375000000000000,-116.875000000000000,1
549,56380,53.375000000000000,-116.875000000000000,1
550,56381,51.375000000000000,-116.875000000000000,1
551,56382,49.375000000000000,-116.875000000000000,1
552,56383,47.375000000000000,-116.875000000000000,1
553,56384,45.375000000000000,-116.875000000000000,1
554,56385,43.375000000000000,-116.875000000000000,1
555,56386,41.375000000000000,-116.875000000000000,1
556,56387,39.375000000000000,-116.875000000000000,1
557,56388,37.375000000000000,-116.875000000000000,1
558,56389,35.375000000000000,-116.875000000000000,1
559,56435,59.375000000000000,-116.625000000000000,1
560,56436,57.375000000000000,-116.625000000000000,1
561,56437,55.375000000000000,-116.625000000000000,1
562,56438,53.375000000000000,-116.625000000000000,1
563,56439,51.375000000000000,-116.625000000000000,1
564,56440,49.375000000000000,-116.625000000000000,1
565,56441,47.375000000000000,-116.625000000000000,1
566,56442,45.375000000000000,-116.625000000000000,1
567,56443,43.375000000000000,-116.625000000000000,1
568,56444,41.375000000000000,-116.625000000000000,1
569,56445,39.375000000000000,-116.625000000000000,1
570,56446,37.375000000000000,-116.625000000000000,1
571,56447,35.375000000000000,-116.625000000000000,1
572,56493,59.375000000000000,-116.375000000000000,1
573,56494,57.375000000000000,-116.375000000000000,1
574,56495,55.375000000000000,-116.375000000000000,1
575,56496,53.375000000000000,-116.375000000000000,1
576,56497,51.375000000000000,-116.375000000000000,1
577,56498,49.375000000000000,-116.375000000000000,1
578,56499,47.375000000000000,-116.375000000000000,1
579,56500,45.375000000000000,-116.375000000000000,1
580,56501,43.375000000000000,-116.375000000000000,1
581,56502,41.375000000000000,-116.375000000000000,1
582,56503,39.375000000000000,-116.375000000000000,1
583,56504,37.375000000000000,-116.375000000000000,1
584,56505,35.375000000000000,-116.375000000000000,1
585,56551,59.375000000000000,-116.125000000000000,1
586,56552,57.375000000000000,-116.125000000000000,1
587,56553,55.375000000000000,-116.125000000000000,1
588,56554,53.375000000000000,-116.125000000000000,1
589,56555,51.375000000000000,-116.125000000000000,1
590,56556,49.375000000000000,-116.125000000000000,1
591,56557,47.375000000000000,-116.125000000000000,1
592,56558,45.375000000000000,-116.125000000000000,1
593,56559,43.375000000000000,-116.125000000000000,1
594,56560,41.375000000000000,-116.125000000000000,1
595,56561,39.375000000000000,-116.125000000000000,1
596,56562,37.375000000000000,-116.125000000000000,1
597,56563,35.375000000000000,-116.125000000000000,1
598,56564,33.375000000000000,-116.125000000000000,1
599,56565,31.375000000000000,-116.125000000000000,1
600,56609,59.375000000000000,-115.875000000000000,1
601,56610,57.375000000000000,-115.875000000000000,1
602,56611,55.375000000000000,-115.875000000000000,1
603,56612,53.375000000000000,-115.875000000000000,1
604,56613,51.375000000000000,-115.875000000000000,1
605,56614,49.375000000000000,-115.875000000000000,1
606,56615,47.375000000000000,-115.875000000000000,1
607,56616,45.375000000000000,-115.875000000000000,1
608,56617,43.375000000000000,-115.875000000000000,1
609,56618,41.375000000000000,-115.875000000000000,1
610,56619,39.375000000000000,-115.875000000000000,1
611,56620,37.375000000000000,-115.875000000000000,1
612,56621,35.375000000000000,-115.875000000000000,1
613,56622,33.375000000000000,-115.875000000000000,1
614,56623,31.375000000000000,-115.875000000000000,1
615,56667,59.375000000000000,-115.625000000000000,1
616,56668,57.375000000000000,-115.625000000000000,1
617,56669,55.375000000000000,-115.625000000000000,1
618,56670,53.375000000000000,-115.625000000000000,1
619,56671,51.375000000000000,-115.625000000000000,1
620,56672,49.375000000000000,-115.625000000000000,1
621,56673,47.375000000000000,-115.625000000000000,1
622,56674,45.375000000000000,-115.625000000000000,1
623,56675,43.375000000000000,-115.625000000000000,1
624,56676,41.375000000000000,-115.625000000000000,1
625,56677,39.375000000000000,-115.625000000000000,1
626,56678,37.375000000000000,-115.625000000000000,1
627,56679,35.375000000000000,-115.625000000000000,1
628,56680,33.375000000000000,-115.625000000000000,1
629,56681,31.375000000000000,-115.625000000000000,1
630,56725,59.375000000000000,-115.375000000000000,1
631,56726,57.375000000000000,-115.375000000000000,1
632,56727,55.375000000000000,-115.375000000000000,1
633,56728,53.375000000000000,-115.375000000000000,1
634,56729,51.375000000000000,-115.375000000000000,1
635,56730,49.375000000000000,-115.375000000000000,1
636,56731,47.375000000000000,-115.375000000000000,1
637,56732,45.375000000000000,-115.375000000000000,1
638,56733,43.375000000000000,-115.375000000000000,1
639,56734,41.375000000000000,-115.375000000000000,1
640,56735,39.375000000000000,-115.375000000000000,1
641,56736,37.375000000000000,-115.375000000000000,1
642,56737,35.375000000000000,-115.375000000000000,1
643,56738,33.375000000000000,-115.375000000000000,1
644,56739,31.375000000000000,-115.375000000000000,1
645,56783,59.375000000000000,-115.125000000000000,1
646,56784,57.375000000000000,-115.125000000000000,1
647,56785,55.375000000000000,-115.125000000000000,1
648,56786,53.375000000000000,-115.125000000000000,1
649,56787,51.375000000000000,-115.125000000000000,1
650,56788,49.375000000000000,-115.125000000000000,1
651,56789,47.375000000000000,-115.125000000000000,1
652,56790,45.375000000000000,-115.125000000000000,1
653,56791,43.375000000000000,-115.125000000000000,1
654,56792,41.375000000000000,-115.125000000000000,1
655,56793,39.375000000000000,-115.125000000000000,1
656,56794,37.375000000000000,-115.125000000000000,1
657,56795,35.375000000000000,-115.125000000000000,1
658,56796,33.375000000000000,-115.125000000000000,1
659,56797,31.375000000000000,-115.125000000000000,1
660,56841,59.375000000000000,-114.875000000000000,1
661,56842,57.375000000000000,-114.875000000000000,1
662,56843,55.375000000000000,-114.875000000000000,1
663,56844,53.375000000000000,-114.875000000000000,1
664,56845,51.375000000000000,-114.875000000000000,1
665,56846,49.375000000000000,-114.875000000000000,1
666,56847,47.375000000000000,-114.875000000000000,1
667,56848,45.375000000000000,-114.875000000000000,1
668,56849,43.375000000000000,-114.875000000000000,1
669,56850,41.375000000000000,-114.875000000000000,1
670,56851,39.375000000000000,-114.875000000000000,1
671,56852,37.375000000000000,-114.875000000000000,1
672,56853,35.375000000000000,-114.875000000000000,1
673,56854,33.375000000000000,-114.875000000000000,1
674,56855,31.375000000000000,-114.875000000000000,1
675,56856,29.375000000000000,-114.875000000000000,1
676,56899,59.375000000000000,-114.625000000000000,1
677,56900,57.375000000000000,-114.625000000000000,1
678,56901,55.375000000000000,-114.625000000000000,1
679,56902,53.375000000000000,-114.625000000000000,1
680,56903,51.375000000000000,-114.625000000000000,1
681,56904,49.375000000000000,-114.625000000000000,1
682,56905,47.375000000000000,-114.625000000000000,1
683,56906,45.375000000000000,-114.625000000000000,1
684,56907,43.375000000000000,-114.625000000000000,1
685,56908,41.375000000000000,-114.625000000000000,1
686,56909,39.375000000000000,-114.625000000000000,1
687,56910,37.375000000000000,-114.625000000000000,1
688,56911,35.375000000000000,-114.625000000000000,1
689,56912,33.375000000000000,-114.625000000000000,1
690,56914,29.375000000000000,-114.625000000000000,1
691,56957,59.375000000000000,-114.375000000000000,1
692,56958,57.375000000000000,-114.375000000000000,1
693,56959,55.375000000000000,-114.375000000000000,1
694,56960,53.375000000000000,-114.375000000000000,1
695,56961,51.375000000000000,-114.375000000000000,1
696,56962,49.375000000000000,-114.375000000000000,1
697,56963,47.375000000000000,-114.375000000000000,1
698,56964,45.375000000000000,-114.375000000000000,1
699,56965,43.375000000000000,-114.375000000000000,1
700,56966,41.375000000000000,-114.375000000000000,1
701,56967,39.375000000000000,-114.375000000000000,1
702,56968,37.375000000000000,-114.375000000000000,1
703,56969,35.375000000000000,-114.375000000000000,1
704,56970,33.375000000000000,-114.375000000000000,1
705,56972,29.375000000000000,-114.375000000000000,1
706,57015,59.375000000000000,-114.125000000000000,1
707,57016,57.375000000000000,-114.125000000000000,1
708,57017,55.375000000000000,-114.125000000000000,1
709,57018,53.375000000000000,-114.125000000000000,1
710,57019,51.375000000000000,-114.125000000000000,1
711,57020,49.375000000000000,-114.125000000000000,1
712,57021,47.375000000000000,-114.125000000000000,1
713,57022,45.375000000000000,-114.125000000000000,1
714,57023,43.375000000000000,-114.125000000000000,1
715,57024,41.375000000000000,-114.125000000000000,1
716,57025,39.375000000000000,-114.125000000000000,1
717,57026,37.375000000000000,-114.125000000000000,1
718,57027,35.375000000000000,-114.125000000000000,1
719,57028,33.375000000000000,-114.125000000000000,1
720,57030,29.375000000000000,-114.125000000000000,1
721,57073,59.375000000000000,-113.875000000000000,1
722,57074,57.375000000000000,-113.875000000000000,1
723,57075,55.375000000000000,-113.875000000000000,1
724,57076,53.375000000000000,-113.875000000000000,1
725,57077,51.375000000000000,-113.875000000000000,1
726,57078,49.375000000000000,-113.875000000000000,1
727,57079,47.375000000000000,-113.875000000000000,1
728,57080,45.375000000000000,-113.875000000000000,1
729,57081,43.375000000000000,-113.875000000000000,1
730,57082,41.375000000000000,-113.875000000000000,1
731,57083,39.375000000000000,-113.875000000000000,1
732,57084,37.375000000000000,-113.875000000000000,1
733,57085,35.375000000000000,-113.875000000000000,1
734,57086,33.375000000000000,-113.875000000000000,1
735,57088,29.375000000000000,-113.875000000000000,1
736,57131,59.375000000000000,-113.625000000000000,1
737,57132,57.375000000000000,-113.625000000000000,1
738,57133,55.375000000000000,-113.625000000000000,1
739,57134,53.375000000000000,-113.625000000000000,1
740,57135,51.375000000000000,-113.625000000000000,1
741,57136,49.375000000000000,-113.625000000000000,1
742,57137,47.375000000000000,-113.625000000000000,1
743,57138,45.375000000000000,-113.625000000000000,1
744,57139,43.375000000000000,-113.625000000000000,1
745,57140,41.375000000000000,-113.625000000000000,1
746,57141,39.375000000000000,-113.625000000000000,1
747,57142,37.375000000000000,-113.625000000000000,1
748,57143,35.375000000000000,-113.625000000000000,1
749,57144,33.375000000000000,-113.625000000000000,1
750,57189,59.375000000000000,-113.375000000000000,1
751,57190,57.375000000000000,-113.375000000000000,1
752,57191,55.375000000000000,-113.375000000000000,1
753,57192,53.375000000000000,-113.375000000000000,1
754,57193,51.375000000000000,-113.375000000000000,1
755,57194,49.375000000000000,-113.375000000000000,1
756,57195,47.375000000000000,-113.375000000000000,1
757,57196,45.375000000000000,-113.375000000000000,1
758,57197,43.375000000000000,-113.375000000000000,1
759,57198,41.375000000000000,-113.375000000000000,1
760,57199,39.375000000000000,-113.375000000000000,1
761,57200,37.375000000000000,-113.375000000000000,1
762,57201,35.375000000000000,-113.375000000000000,1
763,57202,33.375000000000000,-113.375000000000000,1
764,57203,31.375000000000000,-113.375000000000000,1
765,57204,29.375000000000000,-113.375000000000000,1
766,57247,59.375000000000000,-113.125000000000000,1
767,57248,57.375000000000000,-113.125000000000000,1
768,57249,55.375000000000000,-113.125000000000000,1
769,57250,53.375000000000000,-113.125000000000000,1
770,57251,51.375000000000000,-113.125000000000000,1
771,57252,49.375000000000000,-113.125000000000000,1
772,57253,47.375000000000000,-113.125000000000000,1
773,57254,45.375000000000000,-113.125000000000000,1
774,57255,43.375000000000000,-113.125000000000000,1
775,57256,41.375000000000000,-113.125000000000000,1
776,57257,39.375000000000000,-113.125000000000000,1
777,57258,37.375000000000000,-113.125000000000000,1
778,57259,35.375000000000000,-113.125000000000000,1
779,57260,33.375000000000000,-113.125000000000000,1
780,57261,31.375000000000000,-113.125000000000000,1
781,57305,59.375000000000000,-112.875000000000000,1
782,57306,57.375000000000000,-112.875000000000000,1
783,57307,55.375000000000000,-112.875000000000000,1
784,57308,53.375000000000000,-112.875000000000000,1
785,57309,51.375000000000000,-112.875000000000000,1
786,57310,49.375000000000000,-112.875000000000000,1
787,57311,47.375000000000000,-112.875000000000000,1
788,57312,45.375000000000000,-112.875000000000000,1
789,57313,43.375000000000000,-112.875000000000000,1
790,57314,41.375000000000000,-112.875000000000000,1
791,57315,39.375000000000000,-112.875000000000000,1
792,57316,37.375000000000000,-112.875000000000000,1
793,57317,35.375000000000000,-112.875000000000000,1
794,57318,33.375000000000000,-112.875000000000000,1
795,57319,31.375000000000000,-112.875000000000000,1
796,57363,59.375000000000000,-112.625000000000000,1
797,57364,57.375000000000000,-112.625000000000000,1
798,57365,55.375000000000000,-112.625000000000000,1
799,57366,53.375000000000000,-112.625000000000000,1
800,57367,51.375000000000000,-112.625000000000000,1
801,57368,49.375000000000000,-112.625000000000000,1
802,57369,47.375000000000000,-112.625000000000000,1
803,57370,45.375000000000000,-112.625000000000000,1
804,57371,43.375000000000000,-112.625000000000000,1
805,57372,41.375000000000000,-112.625000000000000,1
806,57373,39.375000000000000,-112.625000000000000,1
807,57374,37.375000000000000,-112.625000000000000,1
808,57375,35.375000000000000,-112.625000000000000,1
809,57376,33.375000000000000,-112.625000000000000,1
810,57377,31.375000000000000,-112.625000000000000,1
811,57421,59.375000000000000,-112.375000000000000,1
812,57422,57.375000000000000,-112.375000000000000,1
813,57423,55.375000000000000,-112.375000000000000,1
814,57424,53.375000000000000,-112.375000000000000,1
815,57425,51.375000000000000,-112.375000000000000,1
816,57426,49.375000000000000,-112.375000000000000,1
817,57427,47.375000000000000,-112.375000000000000,1
818,57428,45.375000000000000,-112.375000000000000,1
819,57429,43.375000000000000,-112.375000000000000,1
820,57430,41.375000000000000,-112.375000000000000,1
821,57431,39.375000000000000,-112.375000000000000,1
822,57432,37.375000000000000,-112.375000000000000,1
823,57433,35.375000000000000,-112.375000000000000,1
824,57434,33.375000000000000,-112.375000000000000,1
825,57435,31.375000000000000,-112.375000000000000,1
826,57479,59.375000000000000,-112.125000000000000,1
827,57480,57.375000000000000,-112.125000000000000,1
828,57481,55.375000000000000,-112.125000000000000,1
829,57482,53.375000000000000,-112.125000000000000,1
830,57483,51.375000000000000,-112.125000000000000,1
831,57484,49.375000000000000,-112.125000000000000,1
832,57485,47.375000000000000,-112.125000000000000,1
833,57486,45.375000000000000,-112.125000000000000,1
834,57487,43.375000000000000,-112.125000000000000,1
835,57488,41.375000000000000,-112.125000000000000,1
836,57489,39.375000000000000,-112.125000000000000,1
837,57490,37.375000000000000,-112.125000000000000,1
838,57491,35.375000000000000,-112.125000000000000,1
839,57492,33.375000000000000,-112.125000000000000,1
840,57493,31.375000000000000,-112.125000000000000,1
841,57494,29.375000000000000,-112.125000000000000,1
842,57537,59.375000000000000,-111.875000000000000,1
843,57538,57.375000000000000,-111.875000000000000,1
844,57539,55.375000000000000,-111.875000000000000,1
845,57540,53.375000000000000,-111.875000000000000,1
846,57541,51.375000000000000,-111.875000000000000,1
847,57542,49.375000000000000,-111.875000000000000,1
848,57543,47.375000000000000,-111.875000000000000,1
849,57544,45.375000000000000,-111.875000000000000,1
850,57545,43.375000000000000,-111.875000000000000,1
851,57546,41.375000000000000,-111.875000000000000,1
852,57547,39.375000000000000,-111.875000000000000,1
853,57548,37.375000000000000,-111.875000000000000,1
854,57549,35.375000000000000,-111.875000000000000,1
855,57550,33.375000000000000,-111.875000000000000,1
856,57551,31.375000000000000,-111.875000000000000,1
857,57552,29.375000000000000,-111.875000000000000,1
858,57595,59.375000000000000,-111.625000000000000,1
859,57596,57.375000000000000,-111.625000000000000,1
860,57597,55.375000000000000,-111.625000000000000,1
861,57598,53.375000000000000,-111.625000000000000,1
862,57599,51.375000000000000,-111.625000000000000,1
863,57600,49.375000000000000,-111.625000000000000,1
864,57601,47.375000000000000,-111.625000000000000,1
865,57602,45.375000000000000,-111.625000000000000,1
866,57603,43.375000000000000,-111.625000000000000,1
867,57604,41.375000000000000,-111.625000000000000,1
868,57605,39.375000000000000,-111.625000000000000,1
869,57606,37.375000000000000,-111.625000000000000,1
870,57607,35.375000000000000,-111.625000000000000,1
871,57608,33.375000000000000,-111.625000000000000,1
872,57609,31.375000000000000,-111.625000000000000,1
873,57610,29.375000000000000,-111.625000000000000,1
874,57653,59.375000000000000,-111.375000000000000,1
875,57654,57.375000000000000,-111.375000000000000,1
876,57655,55.375000000000000,-111.375000000000000,1
877,57656,53.375000000000000,-111.375000000000000,1
878,57657,51.375000000000000,-111.375000000000000,1
879,57658,49.375000000000000,-111.375000000000000,1
880,57659,47.375000000000000,-111.375000000000000,1
881,57660,45.375000000000000,-111.375000000000000,1
882,57661,43.375000000000000,-111.375000000000000,1
883,57662,41.375000000000000,-111.375000000000000,1
884,57663,39.375000000000000,-111.375000000000000,1
885,57664,37.375000000000000,-111.375000000000000,1
886,57665,35.375000000000000,-111.375000000000000,1
887,57666,33.375000000000000,-111.375000000000000,1
888,57667,31.375000000000000,-111.375000000000000,1
889,57668,29.375000000000000,-111.375000000000000,1
890,57711,59.375000000000000,-111.125000000000000,1
891,57712,57.375000000000000,-111.125000000000000,1
892,57713,55.375000000000000,-111.125000000000000,1
893,57714,53.375000000000000,-111.125000000000000,1
894,57715,51.375000000000000,-111.125000000000000,1
895,57716,49.375000000000000,-111.125000000000000,1
896,57717,47.375000000000000,-111.125000000000000,1
897,57718,45.375000000000000,-111.125000000000000,1
898,57719,43.375000000000000,-111.125000000000000,1
899,57720,41.375000000000000,-111.125000000000000,1
900,57721,39.375000000000000,-111.125000000000000,1
901,57722,37.375000000000000,-111.125000000000000,1
902,57723,35.375000000000000,-111.125000000000000,1
903,57724,33.375000000000000,-111.125000000000000,1
904,57725,31.375000000000000,-111.125000000000000,1
905,57726,29.375000000000000,-111.125000000000000,1
906,57769,59.375000000000000,-110.875000000000000,1
907,57770,57.375000000000000,-110.875000000000000,1
908,57771,55.375000000000000,-110.875000000000000,1
909,57772,53.375000000000000,-110.875000000000000,1
910,57773,51.375000000000000,-110.875000000000000,1
911,57774,49.375000000000000,-110.875000000000000,1
912,57775,47.375000000000000,-110.875000000000000,1
913,57776,45.375000000000000,-110.875000000000000,1
914,57777,43.375000000000000,-110.875000000000000,1
915,57778,41.375000000000000,-110.875000000000000,1
916,57779,39.375000000000000,-110.875000000000000,1
917,57780,37.375000000000000,-110.875000000000000,1
918,57781,35.375000000000000,-110.875000000000000,1
919,57782,33.375000000000000,-110.875000000000000,1
920,57783,31.375000000000000,-110.875000000000000,1
921,57784,29.375000000000000,-110.875000000000000,1
922,57827,59.375000000000000,-110.625000000000000,1
923,57828,57.375000000000000,-110.625000000000000,1
924,57829,55.375000000000000,-110.625000000000000,1
925,57830,53.375000000000000,-110.625000000000000,1
926,57831,51.375000000000000,-110.625000000000000,1
927,57832,49.375000000000000,-110.625000000000000,1
928,57833,47.375000000000000,-110.625000000000000,1
929,57834,45.375000000000000,-110.625000000000000,1
930,57835,43.375000000000000,-110.625000000000000,1
931,57836,41.375000000000000,-110.625000000000000,1
932,57837,39.375000000000000,-110.625000000000000,1
933,57838,37.375000000000000,-110.625000000000000,1
934,57839,35.375000000000000,-110.625000000000000,1
935,57840,33.375000000000000,-110.625000000000000,1
936,57841,31.375000000000000,-110.625000000000000,1
937,57842,29.375000000000000,-110.625000000000000,1
938,57885,59.375000000000000,-110.375000000000000,1
939,57886,57.375000000000000,-110.375000000000000,1
940,57887,55.375000000000000,-110.375000000000000,1
941,57888,53.375000000000000,-110.375000000000000,1
942,57889,51.375000000000000,-110.375000000000000,1
943,57890,49.375000000000000,-110.375000000000000,1
944,57891,47.375000000000000,-110.375000000000000,1
945,57892,45.375000000000000,-110.375000000000000,1
946,57893,43.375000000000000,-110.375000000000000,1
947,57894,41.375000000000000,-110.375000000000000,1
948,57895,39.375000000000000,-110.375000000000000,1
949,57896,37.375000000000000,-110.375000000000000,1
950,57897,35.375000000000000,-110.375000000000000,1
951,57898,33.375000000000000,-110.375000000000000,1
952,57899,31.375000000000000,-110.375000000000000,1
953,57900,29.375000000000000,-110.375000000000000,1
954,57943,59.375000000000000,-110.125000000000000,1
955,57944,57.375000000000000,-110.125000000000000,1
956,57945,55.375000000000000,-110.125000000000000,1
957,57946,53.375000000000000,-110.125000000000000,1
958,57947,51.375000000000000,-110.125000000000000,1
959,57948,49.375000000000000,-110.125000000000000,1
960,57949,47.375000000000000,-110.125000000000000,1
961,57950,45.375000000000000,-110.125000000000000,1
962,57951,43.375000000000000,-110.125000000000000,1
963,57952,41.375000000000000,-110.125000000000000,1
964,57953,39.375000000000000,-110.125000000000000,1
965,57954,37.375000000000000,-110.125000000000000,1
966,57955,35.375000000000000,-110.125000000000000,1
967,57956,33.375000000000000,-110.125000000000000,1
968,57957,31.375000000000000,-110.125000000000000,1
969,57958,29.375000000000000,-110.125000000000000,1
970,58001,59.375000000000000,-109.875000000000000,1
971,58002,57.375000000000000,-109.875000000000000,1
972,58003,55.375000000000000,-109.875000000000000,1
973,58004,53.375000000000000,-109.875000000000000,1
974,58005,51.375000000000000,-109.875000000000000,1
975,58006,49.375000000000000,-109.875000000000000,1
976,58007,47.375000000000000,-109.875000000000000,1
977,58008,45.375000000000000,-109.875000000000000,1
978,58009,43.375000000000000,-109.875000000000000,1
979,58010,41.375000000000000,-109.875000000000000,1
980,58011,39.375000000000000,-109.875000000000000,1
981,58012,37.375000000000000,-109.875000000000000,1
982,58013,35.375000000000000,-109.875000000000000,1
983,58014,33.375000000000000,-109.875000000000000,1
984,58015,31.375000000000000,-109.875000000000000,1
985,58016,29.375000000000000,-109.875000000000000,1
986,58059,59.375000000000000,-109.625000000000000,1
987,58060,57.375000000000000,-109.625000000000000,1
988,58061,55.375000000000000,-109.625000000000000,1
989,58062,53.375000000000000,-109.625000000000000,1
990,58063,51.375000000000000,-109.625000000000000,1
991,58064,49.375000000000000,-109.625000000000000,1
992,58065,47.375000000000000,-109.625000000000000,1
993,58066,45.375000000000000,-109.625000000000000,1
994,58067,43.375000000000000,-109.625000000000000,1
995,58068,41.375000000000000,-109.625000000000000,1
996,58069,39.375000000000000,-109.625000000000000,1
997,58070,37.375000000000000,-109.625000000000000,1
998,58071,35.375000000000000,-109.625000000000000,1
999,58072,33.375000000000000,-109.625000000000000,1
1000,58073,31.375000000000000,-109.625000000000000,1
1001,58074,29.375000000000000,-109.625000000000000,1
1002,58117,59.375000000000000,-109.375000000000000,1
1003,58118,57.375000000000000,-109.375000000000000,1
1004,58119,55.375000000000000,-109.375000000000000,1
1005,58120,53.375000000000000,-109.375000000000000,1
1006,58121,51.375000000000000,-109.375000000000000,1
1007,58122,49.375000000000000,-109.375000000000000,1
1008,58123,47.375000000000000,-109.375000000000000,1
1009,58124,45.375000000000000,-109.375000000000000,1
1010,58125,43.375000000000000,-109.375000000000000,1
1011,58126,41.375000000000000,-109.375000000000000,1
1012,58127,39.375000000000000,-109.375000000000000,1
1013,58128,37.375000000000000,-109.375000000000000,1
1014,58129,35.375000000000000,-109.375000000000000,1
1015,58130,33.375000000000000,-109.375000000000000,1
1016,58131,31.375000000000000,-109.375000000000000,1
1017,58132,29.375000000000000,-109.375000000000000,1
1018,58175,59.375000000000000,-109.125000000000000,1
1019,58176,57.375000000000000,-109.125000000000000,1
1020,58177,55.375000000000000,-109.125000000000000,1
1021,58178,53.375000000000000,-109.125000000000000,1
1022,58179,51.375000000000000,-109.125000000000000,1
1023,58180,49.375000000000000,-109.125000000000000,1
1024,58181,47.375000000000000,-109.125000000000000,1
1025,58182,45.375000000000000,-109.125000000000000,1
1026,58183,43.375000000000000,-109.125000000000000,1
1027,58184,41.375000000000000,-109.125000000000000,1
1028,58185,39.375000000000000,-109.125000000000000,1
1029,58186,37.375000000000000,-109.125000000000000,1
1030,58187,35.375000000000000,-109.125000000000000,1
1031,58188,33.375000000000000,-109.125000000000000,1
1032,58189,31.375000000000000,-109.125000000000000,1
1033,58190,29.375000000000000,-109.125000000000000,1
1034,58233,59.375000000000000,-108.875000000000000,1
1035,58234,57.375000000000000,-108.875000000000000,1
1036,58235,55.375000000000000,-108.875000000000000,1
1037,58236,53.375000000000000,-108.875000000000000,1
1038,58237,51.375000000000000,-108.875000000000000,1
1039,58238,49.375000000000000,-108.875000000000000,1
1040,58239,47.375000000000000,-108.875000000000000,1
1041,58240,45.375000000000000,-108.875000000000000,1
1042,58241,43.375000000000000,-108.875000000000000,1
1043,58242,41.375000000000000,-108.875000000000000,1
1044,58243,39.375000000000000,-108.875000000000000,1
1045,58244,37.375000000000000,-108.875000000000000,1
1046,58245,35.375000000000000,-108.875000000000000,1
1047,58246,33.375000000000000,-108.875000000000000,1
1048,58247,31.375000000000000,-108.875000000000000,1
1049,58248,29.375000000000000,-108.875000000000000,1
1050,58291,59.375000000000000,-108.625000000000000,1
1051,58292,57.375000000000000,-108.625000000000000,1
1052,58293,55.375000000000000,-108.625000000000000,1
1053,58294,53.375000000000000,-108.625000000000000,1
1054,58295,51.375000000000000,-108.625000000000000,1
1055,58296,49.375000000000000,-108.625000000000000,1
1056,58297,47.375000000000000,-108.625000000000000,1
1057,58298,45.375000000000000,-108.625000000000000,1
1058,58299,43.375000000000000,-108.625000000000000,1
1059,58300,41.375000000000000,-108.625000000000000,1
1060,58301,39.375000000000000,-108.625000000000000,1
1061,58302,37.375000000000000,-108.625000000000000,1
1062,58303,35.375000000000000,-108.625000000000000,1
1063,58304,33.375000000000000,-108.625000000000000,1
1064,58305,31.375000000000000,-108.625000000000000,1
1065,58306,29.375000000000000,-108.625000000000000,1
1066,58349,59.375000000000000,-108.375000000000000,1
1067,58350,57.375000000000000,-108.375000000000000,1
1068,58351,55.375000000000000,-108.375000000000000,1
1069,58352,53.375000000000000,-108.375000000000000,1
1070,58353,51.375000000000000,-108.375000000000000,1
1071,58354,49.375000000000000,-108.375000000000000,1
1072,58355,47.375000000000000,-108.375000000000000,1
1073,58356,45.375000000000000,-108.375000000000000,1
1074,58357,43.375000000000000,-108.375000000000000,1
1075,58358,41.375000000000000,-108.375000000000000,1
1076,58359,39.375000000000000,-108.375000000000000,1
1077,58360,37.375000000000000,-108.375000000000000,1
1078,58361,35.375000000000000,-108.375000000000000,1
1079,58362,33.375000000000000,-108.375000000000000,1
1080,58363,31.375000000000000,-108.375000000000000,1
1081,58364,29.375000000000000,-108.375000000000000,1
1082,58407,59.375000000000000,-108.125000000000000,1
1083,58408,57.375000000000000,-108.125000000000000,1
1084,58409,55.375000000000000,-108.125000000000000,1
1085,58410,53.375000000000000,-108.125000000000000,1
1086,58411,51.375000000000000,-108.125000000000000,1
1087,58412,49.375000000000000,-108.125000000000000,1
1088,58413,47.375000000000000,-108.125000000000000,1
1089,58414,45.375000000000000,-108.125000000000000,1
1090,58415,43.375000000000000,-108.125000000000000,1
1091,58416,41.375000000000000,-108.125000000000000,1
1092,58417,39.375000000000000,-108.125000000000000,1
1093,58418,37.375000000000000,-108.125000000000000,1
1094,58419,35.375000000000000,-108.125000000000000,1
1095,58420,33.375000000000000,-108.125000000000000,1
1096,58421,31.375000000000000,-108.125000000000000,1
1097,58422,29.375000000000000,-108.125000000000000,1
1098,58465,59.375000000000000,-107.875000000000000,1
1099,58466,57.375000000000000,-107.875000000000000,1
1100,58467,55.375000000000000,-107.875000000000000,1
1101,58468,53.375000000000000,-107.875000000000000,1
1102,58469,51.375000000000000,-107.875000000000000,1
1103,58470,49.375000000000000,-107.875000000000000,1
1104,58471,47.375000000000000,-107.875000000000000,1
1105,58472,45.375000000000000,-107.875000000000000,1
1106,58473,43.375000000000000,-107.875000000000000,1
1107,58474,41.375000000000000,-107.875000000000000,1
1108,58475,39.375000000000000,-107.875000000000000,1
1109,58476,37.375000000000000,-107.875000000000000,1
1110,58477,35.375000000000000,-107.875000000000000,1
1111,58478,33.375000000000000,-107.875000000000000,1
1112,58479,31.375000000000000,-107.875000000000000,1
1113,58480,29.375000000000000,-107.875000000000000,1
1114,58523,59.375000000000000,-107.625000000000000,1
1115,58524,57.375000000000000,-107.625000000000000,1
1116,58525,55.375000000000000,-107.625000000000000,1
1117,58526,53.375000000000000,-107.625000000000000,1
1118,58527,51.375000000000000,-107.625000000000000,1
1119,58528,49.375000000000000,-107.625000000000000,1
1120,58529,47.375000000000000,-107.625000000000000,1
1121,58530,45.375000000000000,-107.625000000000000,1
1122,58531,43.375000000000000,-107.625000000000000,1
1123,58532,41.375000000000000,-107.625000000000000,1
1124,58533,39.375000000000000,-107.625000000000000,1
1125,58534,37.375000000000000,-107.625000000000000,1
1126,58535,35.375000000000000,-107.625000000000000,1
1127,58536,33.375000000000000,-107.625000000000000,1
1128,58537,31.375000000000000,-107.625000000000000,1
1129,58538,29.375000000000000,-107.625000000000000,1
1130,58581,59.375000000000000,-107.375000000000000,1
1131,58582,57.375000000000000,-107.375000000000000,1
1132,58583,55.375000000000000,-107.375000000000000,1
1133,58584,53.375000000000000,-107.375000000000000,1
1134,58585,51.375000000000000,-107.375000000000000,1
1135,58586,49.375000000000000,-107.375000000000000,1
1136,58587,47.375000000000000,-107.375000000000000,1
1137,58588,45.375000000000000,-107.375000000000000,1
1138,58589,43.375000000000000,-107.375000000000000,1
1139,58590,41.375000000000000,-107.375000000000000,1
1140,58591,39.375000000000000,-107.375000000000000,1
1141,58592,37.375000000000000,-107.375000000000000,1
1142,58593,35.375000000000000,-107.375000000000000,1
1143,58594,33.375000000000000,-107.375000000000000,1
1144,58595,31.375000000000000,-107.375000000000000,1
1145,58596,29.375000000000000,-107.375000000000000,1
1146,58639,59.375000000000000,-107.125000000000000,1
1147,58640,57.375000000000000,-107.125000000000000,1
1148,58641,55.375000000000000,-107.125000000000000,1
1149,58642,53.375000000000000,-107.125000000000000,1
1150,58643,51.375000000000000,-107.125000000000000,1
1151,58644,49.375000000000000,-107.125000000000000,1
1152,58645,47.375000000000000,-107.125000000000000,1
1153,58646,45.375000000000000,-107.125000000000000,1
1154,58647,43.375000000000000,-107.125000000000000,1
1155,58648,41.375000000000000,-107.125000000000000,1
1156,58649,39.375000000000000,-107.125000000000000,1
1157,58650,37.375000000000000,-107.125000000000000,1
1158,58651,35.375000000000000,-107.125000000000000,1
1159,58652,33.375000000000000,-107.125000000000000,1
1160,58653,31.375000000000000,-107.125000000000000,1
1161,58654,29.375000000000000,-107.125000000000000,1
1162,58697,59.375000000000000,-106.875000000000000,1
1163,58698,57.375000000000000,-106.875000000000000,1
1164,58699,55.375000000000000,-106.875000000000000,1
1165,58700,53.375000000000000,-106.875000000000000,1
1166,58701,51.375000000000000,-106.875000000000000,1
1167,58702,49.375000000000000,-106.875000000000000,1
1168,58703,47.375000000000000,-106.875000000000000,1
1169,58704,45.375000000000000,-106.875000000000000,1
1170,58705,43.375000000000000,-106.875000000000000,1
1171,58706,41.375000000000000,-106.875000000000000,1
1172,58707,39.375000000000000,-106.875000000000000,1
1173,58708,37.375000000000000,-106.875000000000000,1
1174,58709,35.375000000000000,-106.875000000000000,1
1175,58710,33.375000000000000,-106.875000000000000,1
1176,58711,31.375000000000000,-106.875000000000000,1
1177,58712,29.375000000000000,-106.875000000000000,1
1178,58755,59.375000000000000,-106.625000000000000,1
1179,58756,57.375000000000000,-106.625000000000000,1
1180,58757,55.375000000000000,-106.625000000000000,1
1181,58758,53.375000000000000,-106.625000000000000,1
1182,58759,51.375000000000000,-106.625000000000000,1
1183,58760,49.375000000000000,-106.625000000000000,1
1184,58761,47.375000000000000,-106.625000000000000,1
1185,58762,45.375000000000000,-106.625000000000000,1
1186,58763,43.375000000000000,-106.625000000000000,1
1187,58764,41.375000000000000,-106.625000000000000,1
1188,58765,39.375000000000000,-106.625000000000000,1
1189,58766,37.375000000000000,-106.625000000000000,1
1190,58767,35.375000000000000,-106.625000000000000,1
1191,58768,33.375000000000000,-106.625000000000000,1
1192,58769,31.375000000000000,-106.625000000000000,1
1193,58770,29.375000000000000,-106.625000000000000,1
1194,58813,59.375000000000000,-106.375000000000000,1
1195,58814,57.375000000000000,-106.375000000000000,1
1196,58815,55.375000000000000,-106.375000000000000,1
1197,58816,53.375000000000000,-106.375000000000000,1
1198,58817,51.375000000000000,-106.375000000000000,1
1199,58818,49.375000000000000,-106.375000000000000,1
1200,58819,47.375000000000000,-106.375000000000000,1
1201,58820,45.375000000000000,-106.375000000000000,1
1202,58821,43.375000000000000,-106.375000000000000,1
1203,58822,41.375000000000000,-106.375000000000000,1
1204,58823,39.375000000000000,-106.375000000000000,1
1205,58824,37.375000000000000,-106.375000000000000,1
1206,58825,35.375000000000000,-106.375000000000000,1
1207,58826,33.375000000000000,-106.375000000000000,1
1208,58827,31.375000000000000,-106.375000000000000,1
1209,58828,29.375000000000000,-106.375000000000000,1
1210,58871,59.375000000000000,-106.125000000000000,1
1211,58872,57.375000000000000,-106.125000000000000,1
1212,58873,55.375000000000000,-106.125000000000000,1
1213,58874,53.375000000000000,-106.125000000000000,1
1214,58875,51.375000000000000,-106.125000000000000,1
1215,58876,49.375000000000000,-106.125000000000000,1
1216,58877,47.375000000000000,-106.125000000000000,1
1217,58878,45.375000000000000,-106.125000000000000,1
1218,58879,43.375000000000000,-106.125000000000000,1
1219,58880,41.375000000000000,-106.125000000000000,1
1220,58881,39.375000000000000,-106.125000000000000,1
1221,58882,37.375000000000000,-106.125000000000000,1
1222,58883,35.375000000000000,-106.125000000000000,1
1223,58884,33.375000000000000,-106.125000000000000,1
1224,58885,31.375000000000000,-106.125000000000000,1
1225,58886,29.375000000000000,-106.125000000000000,1
1226,58929,59.375000000000000,-105.875000000000000,1
1227,58930,57.375000000000000,-105.875000000000000,1
1228,58931,55.375000000000000,-105.875000000000000,1
1229,58932,53.375000000000000,-105.875000000000000,1
1230,58933,51.375000000000000,-105.875000000000000,1
1231,58934,49.375000000000000,-105.875000000000000,1
1232,58935,47.375000000000000,-105.875000000000000,1
1233,58936,45.375000000000000,-105.875000000000000,1
1234,58937,43.375000000000000,-105.875000000000000,1
1235,58938,41.375000000000000,-105.875000000000000,1
1236,58939,39.375000000000000,-105.875000000000000,1
1237,58940,37.375000000000000,-105.875000000000000,1
1238,58941,35.375000000000000,-105.875000000000000,1
1239,58942,33.375000000000000,-105.875000000000000,1
1240,58943,31.375000000000000,-105.875000000000000,1
1241,58944,29.375000000000000,-105.875000000000000,1
1242,58987,59.375000000000000,-105.625000000000000,1
1243,58988,57.375000000000000,-105.625000000000000,1
1244,58989,55.375000000000000,-105.625000000000000,1
1245,58990,53.375000000000000,-105.625000000000000,1
1246,58991,51.375000000000000,-105.625000000000000,1
1247,58992,49.375000000000000,-105.625000000000000,1
1248,58993,47.375000000000000,-105.625000000000000,1
1249,58994,45.375000000000000,-105.625000000000000,1
1250,58995,43.375000000000000,-105.625000000000000,1
1251,58996,41.375000000000000,-105.625000000000000,1
1252,58997,39.375000000000000,-105.625000000000000,1
1253,58998,37.375000000000000,-105.625000000000000,1
1254,58999,35.375000000000000,-105.625000000000000,1
1255,59000,33.375000000000000,-105.625000000000000,1
1256,59001,31.375000000000000,-105.625000000000000,1
1257,59002,29.375000000000000,-105.625000000000000,1
1258,59045,59.375000000000000,-105.375000000000000,1
1259,59046,57.375000000000000,-105.375000000000000,1
1260,59047,55.375000000000000,-105.375000000000000,1
1261,59048,53.375000000000000,-105.375000000000000,1
1262,59049,51.375000000000000,-105.375000000000000,1
1263,59050,49.375000000000000,-105.375000000000000,1
1264,59051,47.375000000000000,-105.375000000000000,1
1265,59052,45.375000000000000,-105.375000000000000,1
1266,59053,43.375000000000000,-105.375000000000000,1
1267,59054,41.375000000000000,-105.375000000000000,1
1268,59055,39.375000000000000,-105.375000000000000,1
1269,59056,37.375000000000000,-105.375000000000000,1
1270,59057,35.375000000000000,-105.375000000000000,1
1271,59058,33.375000000000000,-105.375000000000000,1
1272,59059,31.375000000000000,-105.375000000000000,1
1273,59060,29.375000000000000,-105.375000000000000,1
1274,59103,59.375000000000000,-105.125000000000000,1
1275,59104,57.375000000000000,-105.125000000000000,1
1276,59105,55.375000000000000,-105.125000000000000,1
1277,59106,53.375000000000000,-105.125000000000000,1
1278,59107,51.375000000000000,-105.125000000000000,1
1279,59108,49.375000000000000,-105.125000000000000,1
1280,59109,47.375000000000000,-105.125000000000000,1
1281,59110,45.375000000000000,-105.125000000000000,1
1282,59111,43.375000000000000,-105.125000000000000,1
1283,59112,41.375000000000000,-105.125000000000000,1
1284,59113,39.375000000000000,-105.125000000000000,1
1285,59114,37.375000000000000,-105.125000000000000,1
1286,59115,35.375000000000000,-105.125000000000000,1
1287,59116,33.375000000000000,-105.125000000000000,1
1288,59117,31.375000000000000,-105.125000000000000,1
1289,59118,29.375000000000000,-105.125000000000000,1