FID,OBJECTID,field,Var1,Var2,value
0,17282,64701,-0.625000000000000,-81.125000000000000,1
1,17283,64702,-2.625000000000000,-81.125000000000000,1
2,17284,64703,-4.625000000000000,-81.125000000000000,1
3,17293,64759,-0.625000000000000,-80.875000000000000,1
4,17294,64760,-2.625000000000000,-80.875000000000000,1
5,17295,64761,-4.625000000000000,-80.875000000000000,1
6,17304,64817,-0.625000000000000,-80.625000000000000,1
7,17305,64818,-2.625000000000000,-80.625000000000000,1
8,17306,64819,-4.625000000000000,-80.625000000000000,1
9,17316,64876,-2.625000000000000,-80.375000000000000,1
10,17317,64877,-4.625000000000000,-80.375000000000000,1
11,17327,64934,-2.625000000000000,-80.125000000000000,1
12,17328,64935,-4.625000000000000,-80.125000000000000,1
13,17338,64992,-2.625000000000000,-79.875000000000000,1
14,17339,64993,-4.625000000000000,-79.875000000000000,1
15,17349,65050,-2.625000000000000,-79.625000000000000,1
16,17350,65051,-4.625000000000000,-79.625000000000000,1
17,17360,65108,-2.625000000000000,-79.375000000000000,1
18,17361,65109,-4.625000000000000,-79.375000000000000,1
19,17371,65166,-2.625000000000000,-79.125000000000000,1
20,17372,65167,-4.625000000000000,-79.125000000000000,1
21,17382,65224,-2.625000000000000,-78.875000000000000,1
22,17383,65225,-4.625000000000000,-78.875000000000000,1
23,17399,65283,-4.625000000000000,-78.625000000000000,1
24,17400,65284,-6.625000000000000,-78.625000000000000,1
25,17401,65285,-8.625000000000000,-78.625000000000000,1
26,17402,65286,-10.625000000000000,-78.625000000000000,1
27,17418,65341,-4.625000000000000,-78.375000000000000,1
28,17419,65342,-6.625000000000000,-78.375000000000000,1
29,17420,65343,-8.625000000000000,-78.375000000000000,1
30,17421,65344,-10.625000000000000,-78.375000000000000,1
31,17437,65399,-4.625000000000000,-78.125000000000000,1
32,17438,65400,-6.625000000000000,-78.125000000000000,1
33,17439,65401,-8.625000000000000,-78.125000000000000,1
34,17440,65402,-10.625000000000000,-78.125000000000000,1
35,17456,65457,-4.625000000000000,-77.875000000000000,1
36,17457,65458,-6.625000000000000,-77.875000000000000,1
37,17458,65459,-8.625000000000000,-77.875000000000000,1
38,17459,65460,-10.625000000000000,-77.875000000000000,1
39,17476,65515,-4.625000000000000,-77.625000000000000,1
40,17477,65516,-6.625000000000000,-77.625000000000000,1
41,17478,65517,-8.625000000000000,-77.625000000000000,1
42,17479,65518,-10.625000000000000,-77.625000000000000,1
43,17496,65573,-4.625000000000000,-77.375000000000000,1
44,17497,65574,-6.625000000000000,-77.375000000000000,1
45,17498,65575,-8.625000000000000,-77.375000000000000,1
46,17499,65576,-10.625000000000000,-77.375000000000000,1
47,17517,65632,-6.625000000000000,-77.125000000000000,1
48,17518,65633,-8.625000000000000,-77.125000000000000,1
49,17519,65634,-10.625000000000000,-77.125000000000000,1
50,17537,65690,-6.625000000000000,-76.875000000000000,1
51,17538,65691,-8.625000000000000,-76.875000000000000,1
52,17539,65692,-10.625000000000000,-76.875000000000000,1
53,17556,65748,-6.625000000000000,-76.625000000000000,1
54,17557,65749,-8.625000000000000,-76.625000000000000,1
55,17558,65750,-10.625000000000000,-76.625000000000000,1
56,17576,65806,-6.625000000000000,-76.375000000000000,1
57,17577,65807,-8.625000000000000,-76.375000000000000,1
58,17578,65808,-10.625000000000000,-76.375000000000000,1
59,17597,65864,-6.625000000000000,-76.125000000000000,1
60,17598,65865,-8.625000000000000,-76.125000000000000,1
61,17599,65866,-10.625000000000000,-76.125000000000000,1
62,17600,65867,-12.625000000000000,-76.125000000000000,1
63,17601,65868,-14.625000000000000,-76.125000000000000,1
64,17602,65886,-50.625000000000000,-76.125000000000000,1
65,17623,65923,-8.625000000000000,-75.875000000000000,1
66,17624,65924,-10.625000000000000,-75.875000000000000,1
67,17625,65925,-12.625000000000000,-75.875000000000000,1
68,17626,65926,-14.625000000000000,-75.875000000000000,1
69,17627,65944,-50.625000000000000,-75.875000000000000,1
70,17648,65981,-8.625000000000000,-75.625000000000000,1
71,17649,65982,-10.625000000000000,-75.625000000000000,1
72,17650,65983,-12.625000000000000,-75.625000000000000,1
73,17651,65984,-14.625000000000000,-75.625000000000000,1
74,17652,66002,-50.625000000000000,-75.625000000000000,1
75,17673,66039,-8.625000000000000,-75.375000000000000,1
76,17674,66040,-10.625000000000000,-75.375000000000000,1
77,17675,66041,-12.625000000000000,-75.375000000000000,1
78,17676,66042,-14.625000000000000,-75.375000000000000,1
79,17677,66060,-50.625000000000000,-75.375000000000000,1
80,17698,66097,-8.625000000000000,-75.125000000000000,1
81,17699,66098,-10.625000000000000,-75.125000000000000,1
82,17700,66099,-12.625000000000000,-75.125000000000000,1
83,17701,66100,-14.625000000000000,-75.125000000000000,1
84,17702,66118,-50.625000000000000,-75.125000000000000,1
85,17723,66155,-8.625000000000000,-74.875000000000000,1
86,17724,66156,-10.625000000000000,-74.875000000000000,1
87,17725,66157,-12.625000000000000,-74.875000000000000,1
88,17726,66158,-14.625000000000000,-74.875000000000000,1
89,17727,66176,-50.625000000000000,-74.875000000000000,1
90,17748,66213,-8.625000000000000,-74.625000000000000,1
91,17749,66214,-10.625000000000000,-74.625000000000000,1
92,17750,66215,-12.625000000000000,-74.625000000000000,1
93,17751,66216,-14.625000000000000,-74.625000000000000,1
94,17752,66234,-50.625000000000000,-74.625000000000000,1
95,17773,66272,-10.625000000000000,-74.375000000000000,1
96,17774,66273,-12.625000000000000,-74.375000000000000,1
97,17775,66274,-14.625000000000000,-74.375000000000000,1
98,17776,66292,-50.625000000000000,-74.375000000000000,1
99,17797,66330,-10.625000000000000,-74.125000000000000,1
100,17798,66331,-12.625000000000000,-74.125000000000000,1
101,17799,66332,-14.625000000000000,-74.125000000000000,1
102,17800,66350,-50.625000000000000,-74.125000000000000,1
103,17821,66388,-10.625000000000000,-73.875000000000000,1
104,17822,66389,-12.625000000000000,-73.875000000000000,1
105,17823,66390,-14.625000000000000,-73.875000000000000,1
106,17824,66408,-50.625000000000000,-73.875000000000000,1
107,17845,66446,-10.625000000000000,-73.625000000000000,1
108,17846,66447,-12.625000000000000,-73.625000000000000,1
109,17847,66448,-14.625000000000000,-73.625000000000000,1
110,17848,66459,-36.625000000000000,-73.625000000000000,1
111,17849,66460,-38.625000000000000,-73.625000000000000,1
112,17850,66461,-40.625000000000000,-73.625000000000000,1
113,17851,66462,-42.625000000000000,-73.625000000000000,1
114,17852,66463,-44.625000000000000,-73.625000000000000,1
115,17853,66464,-46.625000000000000,-73.625000000000000,1
116,17854,66465,-48.625000000000000,-73.625000000000000,1
117,17855,66466,-50.625000000000000,-73.625000000000000,1
118,17856,66467,-52.625000000000000,-73.625000000000000,1
119,17877,66504,-10.625000000000000,-73.375000000000000,1
120,17878,66505,-12.625000000000000,-73.375000000000000,1
121,17879,66506,-14.625000000000000,-73.375000000000000,1
122,17880,66517,-36.625000000000000,-73.375000000000000,1
123,17881,66518,-38.625000000000000,-73.375000000000000,1
124,17882,66519,-40.625000000000000,-73.375000000000000,1
125,17883,66520,-42.625000000000000,-73.375000000000000,1
126,17884,66521,-44.625000000000000,-73.375000000000000,1
127,17885,66522,-46.625000000000000,-73.375000000000000,1
128,17886,66523,-48.625000000000000,-73.375000000000000,1
129,17887,66524,-50.625000000000000,-73.375000000000000,1
130,17888,66525,-52.625000000000000,-73.375000000000000,1
131,17909,66562,-10.625000000000000,-73.125000000000000,1
132,17910,66563,-12.625000000000000,-73.125000000000000,1
133,17911,66564,-14.625000000000000,-73.125000000000000,1
134,17912,66575,-36.625000000000000,-73.125000000000000,1
135,17913,66576,-38.625000000000000,-73.125000000000000,1
136,17914,66577,-40.625000000000000,-73.125000000000000,1
137,17915,66578,-42.625000000000000,-73.125000000000000,1
138,17916,66579,-44.625000000000000,-73.125000000000000,1
139,17917,66580,-46.625000000000000,-73.125000000000000,1
140,17918,66581,-48.625000000000000,-73.125000000000000,1
141,17919,66582,-50.625000000000000,-73.125000000000000,1
142,17920,66583,-52.625000000000000,-73.125000000000000,1
143,17942,66621,-12.625000000000000,-72.875000000000000,1
144,17943,66622,-14.625000000000000,-72.875000000000000,1
145,17944,66633,-36.625000000000000,-72.875000000000000,1
146,17945,66634,-38.625000000000000,-72.875000000000000,1
147,17946,66635,-40.625000000000000,-72.875000000000000,1
148,17947,66636,-42.625000000000000,-72.875000000000000,1
149,17948,66637,-44.625000000000000,-72.875000000000000,1
150,17949,66638,-46.625000000000000,-72.875000000000000,1
151,17950,66639,-48.625000000000000,-72.875000000000000,1
152,17951,66640,-50.625000000000000,-72.875000000000000,1
153,17952,66641,-52.625000000000000,-72.875000000000000,1
154,17974,66679,-12.625000000000000,-72.625000000000000,1
155,17975,66680,-14.625000000000000,-72.625000000000000,1
156,17976,66691,-36.625000000000000,-72.625000000000000,1
157,17977,66692,-38.625000000000000,-72.625000000000000,1
158,17978,66693,-40.625000000000000,-72.625000000000000,1
159,17979,66694,-42.625000000000000,-72.625000000000000,1
160,17980,66695,-44.625000000000000,-72.625000000000000,1
161,17981,66696,-46.625000000000000,-72.625000000000000,1
162,17982,66697,-48.625000000000000,-72.625000000000000,1
163,17983,66698,-50.625000000000000,-72.625000000000000,1
164,17984,66699,-52.625000000000000,-72.625000000000000,1
165,18006,66737,-12.625000000000000,-72.375000000000000,1
166,18007,66738,-14.625000000000000,-72.375000000000000,1
167,18008,66749,-36.625000000000000,-72.375000000000000,1
168,18009,66750,-38.625000000000000,-72.375000000000000,1
169,18010,66751,-40.625000000000000,-72.375000000000000,1
170,18011,66752,-42.625000000000000,-72.375000000000000,1
171,18012,66753,-44.625000000000000,-72.375000000000000,1
172,18013,66754,-46.625000000000000,-72.375000000000000,1
173,18014,66755,-48.625000000000000,-72.375000000000000,1
174,18015,66756,-50.625000000000000,-72.375000000000000,1
175,18016,66757,-52.625000000000000,-72.375000000000000,1
176,18038,66795,-12.625000000000000,-72.125000000000000,1
177,18039,66796,-14.625000000000000,-72.125000000000000,1
178,18040,66807,-36.625000000000000,-72.125000000000000,1
179,18041,66808,-38.625000000000000,-72.125000000000000,1
180,18042,66809,-40.625000000000000,-72.125000000000000,1
181,18043,66810,-42.625000000000000,-72.125000000000000,1
182,18044,66811,-44.625000000000000,-72.125000000000000,1
183,18045,66812,-46.625000000000000,-72.125000000000000,1
184,18046,66813,-48.625000000000000,-72.125000000000000,1
185,18047,66814,-50.625000000000000,-72.125000000000000,1
186,18048,66815,-52.625000000000000,-72.125000000000000,1
187,18070,66853,-12.625000000000000,-71.875000000000000,1
188,18071,66854,-14.625000000000000,-71.875000000000000,1
189,18072,66865,-36.625000000000000,-71.875000000000000,1
190,18073,66866,-38.625000000000000,-71.875000000000000,1
191,18074,66867,-40.625000000000000,-71.875000000000000,1
192,18075,66868,-42.625000000000000,-71.875000000000000,1
193,18076,66869,-44.625000000000000,-71.875000000000000,1
194,18077,66870,-46.625000000000000,-71.875000000000000,1
195,18079,66872,-50.625000000000000,-71.875000000000000,1
196,18080,66873,-52.625000000000000,-71.875000000000000,1
197,18103,66912,-14.625000000000000,-71.625000000000000,1
198,18104,66923,-36.625000000000000,-71.625000000000000,1
199,18105,66924,-38.625000000000000,-71.625000000000000,1
200,18106,66925,-40.625000000000000,-71.625000000000000,1
201,18107,66926,-42.625000000000000,-71.625000000000000,1
202,18108,66927,-44.625000000000000,-71.625000000000000,1
203,18109,66928,-46.625000000000000,-71.625000000000000,1
204,18112,66931,-52.625000000000000,-71.625000000000000,1
205,18134,66970,-14.625000000000000,-71.375000000000000,1
206,18135,66981,-36.625000000000000,-71.375000000000000,1
207,18136,66982,-38.625000000000000,-71.375000000000000,1
208,18137,66983,-40.625000000000000,-71.375000000000000,1
209,18138,66984,-42.625000000000000,-71.375000000000000,1
210,18139,66985,-44.625000000000000,-71.375000000000000,1
211,18143,66989,-52.625000000000000,-71.375000000000000,1
212,18164,67028,-14.625000000000000,-71.125000000000000,1
213,18165,67029,-16.625000000000000,-71.125000000000000,1
214,18166,67030,-18.625000000000000,-71.125000000000000,1
215,18167,67032,-22.625000000000000,-71.125000000000000,1
216,18168,67033,-24.625000000000000,-71.125000000000000,1
217,18169,67034,-26.625000000000000,-71.125000000000000,1
218,18170,67035,-28.625000000000000,-71.125000000000000,1
219,18171,67036,-30.625000000000000,-71.125000000000000,1
220,18172,67037,-32.625000000000000,-71.125000000000000,1
221,18173,67038,-34.625000000000000,-71.125000000000000,1
222,18174,67039,-36.625000000000000,-71.125000000000000,1
223,18175,67040,-38.625000000000000,-71.125000000000000,1
224,18176,67041,-40.625000000000000,-71.125000000000000,1
225,18177,67042,-42.625000000000000,-71.125000000000000,1
226,18178,67043,-44.625000000000000,-71.125000000000000,1
227,18182,67047,-52.625000000000000,-71.125000000000000,1
228,18183,67048,-54.625000000000000,-71.125000000000000,1
229,18204,67086,-14.625000000000000,-70.875000000000000,1
230,18205,67087,-16.625000000000000,-70.875000000000000,1
231,18206,67088,-18.625000000000000,-70.875000000000000,1
232,18207,67090,-22.625000000000000,-70.875000000000000,1
233,18208,67091,-24.625000000000000,-70.875000000000000,1
234,18209,67092,-26.625000000000000,-70.875000000000000,1
235,18210,67093,-28.625000000000000,-70.875000000000000,1
236,18211,67094,-30.625000000000000,-70.875000000000000,1
237,18212,67095,-32.625000000000000,-70.875000000000000,1
238,18213,67096,-34.625000000000000,-70.875000000000000,1
239,18214,67097,-36.625000000000000,-70.875000000000000,1
240,18215,67098,-38.625000000000000,-70.875000000000000,1
241,18216,67099,-40.625000000000000,-70.875000000000000,1
242,18217,67100,-42.625000000000000,-70.875000000000000,1
243,18222,67105,-52.625000000000000,-70.875000000000000,1
244,18223,67106,-54.625000000000000,-70.875000000000000,1
245,18244,67144,-14.625000000000000,-70.625000000000000,1
246,18245,67145,-16.625000000000000,-70.625000000000000,1
247,18246,67146,-18.625000000000000,-70.625000000000000,1
248,18247,67148,-22.625000000000000,-70.625000000000000,1
249,18248,67149,-24.625000000000000,-70.625000000000000,1
250,18249,67150,-26.625000000000000,-70.625000000000000,1
251,18250,67151,-28.625000000000000,-70.625000000000000,1
252,18251,67152,-30.625000000000000,-70.625000000000000,1
253,18252,67153,-32.625000000000000,-70.625000000000000,1
254,18253,67154,-34.625000000000000,-70.625000000000000,1
255,18254,67155,-36.625000000000000,-70.625000000000000,1
256,18255,67156,-38.625000000000000,-70.625000000000000,1
257,18256,67157,-40.625000000000000,-70.625000000000000,1
258,18262,67163,-52.625000000000000,-70.625000000000000,1
259,18263,67164,-54.625000000000000,-70.625000000000000,1
260,18283,67202,-14.625000000000000,-70.375000000000000,1
261,18284,67203,-16.625000000000000,-70.375000000000000,1
262,18285,67204,-18.625000000000000,-70.375000000000000,1
263,18286,67206,-22.625000000000000,-70.375000000000000,1
264,18287,67207,-24.625000000000000,-70.375000000000000,1
265,18288,67208,-26.625000000000000,-70.375000000000000,1
266,18289,67209,-28.625000000000000,-70.375000000000000,1
267,18290,67210,-30.625000000000000,-70.375000000000000,1
268,18291,67211,-32.625000000000000,-70.375000000000000,1
269,18292,67212,-34.625000000000000,-70.375000000000000,1
270,18293,67213,-36.625000000000000,-70.375000000000000,1
271,18294,67214,-38.625000000000000,-70.375000000000000,1
272,18295,67215,-40.625000000000000,-70.375000000000000,1
273,18301,67221,-52.625000000000000,-70.375000000000000,1
274,18302,67222,-54.625000000000000,-70.375000000000000,1
275,18323,67261,-16.625000000000000,-70.125000000000000,1
276,18324,67262,-18.625000000000000,-70.125000000000000,1
277,18325,67264,-22.625000000000000,-70.125000000000000,1
278,18326,67265,-24.625000000000000,-70.125000000000000,1
279,18327,67266,-26.625000000000000,-70.125000000000000,1
280,18328,67267,-28.625000000000000,-70.125000000000000,1
281,18329,67268,-30.625000000000000,-70.125000000000000,1
282,18330,67269,-32.625000000000000,-70.125000000000000,1
283,18331,67270,-34.625000000000000,-70.125000000000000,1
284,18332,67271,-36.625000000000000,-70.125000000000000,1
285,18333,67272,-38.625000000000000,-70.125000000000000,1
286,18341,67280,-54.625000000000000,-70.125000000000000,1
287,18363,67319,-16.625000000000000,-69.875000000000000,1
288,18364,67320,-18.625000000000000,-69.875000000000000,1
289,18365,67322,-22.625000000000000,-69.875000000000000,1
290,18366,67323,-24.625000000000000,-69.875000000000000,1
291,18367,67324,-26.625000000000000,-69.875000000000000,1
292,18368,67325,-28.625000000000000,-69.875000000000000,1
293,18369,67326,-30.625000000000000,-69.875000000000000,1
294,18370,67327,-32.625000000000000,-69.875000000000000,1
295,18371,67328,-34.625000000000000,-69.875000000000000,1
296,18372,67329,-36.625000000000000,-69.875000000000000,1
297,18381,67338,-54.625000000000000,-69.875000000000000,1
298,18402,67377,-16.625000000000000,-69.625000000000000,1
299,18403,67378,-18.625000000000000,-69.625000000000000,1
300,18404,67380,-22.625000000000000,-69.625000000000000,1
301,18405,67381,-24.625000000000000,-69.625000000000000,1
302,18406,67382,-26.625000000000000,-69.625000000000000,1
303,18407,67383,-28.625000000000000,-69.625000000000000,1
304,18408,67384,-30.625000000000000,-69.625000000000000,1
305,18409,67385,-32.625000000000000,-69.625000000000000,1
306,18410,67386,-34.625000000000000,-69.625000000000000,1
307,18411,67387,-36.625000000000000,-69.625000000000000,1
308,18420,67396,-54.625000000000000,-69.625000000000000,1
309,18441,67435,-16.625000000000000,-69.375000000000000,1
310,18442,67436,-18.625000000000000,-69.375000000000000,1
311,18443,67438,-22.625000000000000,-69.375000000000000,1
312,18444,67439,-24.625000000000000,-69.375000000000000,1
313,18445,67440,-26.625000000000000,-69.375000000000000,1
314,18446,67441,-28.625000000000000,-69.375000000000000,1
315,18447,67442,-30.625000000000000,-69.375000000000000,1
316,18448,67443,-32.625000000000000,-69.375000000000000,1
317,18449,67444,-34.625000000000000,-69.375000000000000,1
318,18459,67454,-54.625000000000000,-69.375000000000000,1
319,18480,67493,-16.625000000000000,-69.125000000000000,1
320,18481,67494,-18.625000000000000,-69.125000000000000,1
321,18482,67496,-22.625000000000000,-69.125000000000000,1
322,18483,67497,-24.625000000000000,-69.125000000000000,1
323,18484,67498,-26.625000000000000,-69.125000000000000,1
324,18485,67499,-28.625000000000000,-69.125000000000000,1
325,18486,67500,-30.625000000000000,-69.125000000000000,1
326,18487,67501,-32.625000000000000,-69.125000000000000,1
327,18498,67512,-54.625000000000000,-69.125000000000000,1
328,18519,67551,-16.625000000000000,-68.875000000000000,1
329,18520,67552,-18.625000000000000,-68.875000000000000,1
330,18521,67554,-22.625000000000000,-68.875000000000000,1
331,18522,67555,-24.625000000000000,-68.875000000000000,1
332,18523,67556,-26.625000000000000,-68.875000000000000,1
333,18524,67557,-28.625000000000000,-68.875000000000000,1
334,18525,67558,-30.625000000000000,-68.875000000000000,1
335,18526,67559,-32.625000000000000,-68.875000000000000,1
336,18537,67570,-54.625000000000000,-68.875000000000000,1
337,18559,67610,-18.625000000000000,-68.625000000000000,1
338,18560,67611,-20.625000000000000,-68.625000000000000,1
339,18561,67612,-22.625000000000000,-68.625000000000000,1
340,18562,67613,-24.625000000000000,-68.625000000000000,1
341,18563,67614,-26.625000000000000,-68.625000000000000,1
342,18564,67615,-28.625000000000000,-68.625000000000000,1
343,18565,67616,-30.625000000000000,-68.625000000000000,1
344,18597,67668,-18.625000000000000,-68.375000000000000,1
345,18598,67669,-20.625000000000000,-68.375000000000000,1
346,18599,67670,-22.625000000000000,-68.375000000000000,1
347,18600,67671,-24.625000000000000,-68.375000000000000,1
348,18601,67672,-26.625000000000000,-68.375000000000000,1
349,18602,67673,-28.625000000000000,-68.375000000000000,1
350,18635,67726,-18.625000000000000,-68.125000000000000,1
351,18636,67727,-20.625000000000000,-68.125000000000000,1
352,18637,67728,-22.625000000000000,-68.125000000000000,1
353,18638,67729,-24.625000000000000,-68.125000000000000,1
354,18639,67730,-26.625000000000000,-68.125000000000000,1
355,18640,67731,-28.625000000000000,-68.125000000000000,1
356,18673,67784,-18.625000000000000,-67.875000000000000,1
357,18674,67785,-20.625000000000000,-67.875000000000000,1
358,18675,67786,-22.625000000000000,-67.875000000000000,1
359,18676,67787,-24.625000000000000,-67.875000000000000,1
360,18677,67788,-26.625000000000000,-67.875000000000000,1
361,18711,67842,-18.625000000000000,-67.625000000000000,1
362,18712,67843,-20.625000000000000,-67.625000000000000,1
363,18713,67844,-22.625000000000000,-67.625000000000000,1
364,18714,67845,-24.625000000000000,-67.625000000000000,1
365,18749,67900,-18.625000000000000,-67.375000000000000,1
366,18750,67901,-20.625000000000000,-67.375000000000000,1
367,18751,67902,-22.625000000000000,-67.375000000000000,1
368,18752,67903,-24.625000000000000,-67.375000000000000,1
369,18787,67959,-20.625000000000000,-67.125000000000000,1
370,18788,67960,-22.625000000000000,-67.125000000000000,1
371,18824,68017,-20.625000000000000,-66.875000000000000,1
372,18861,68075,-20.625000000000000,-66.625000000000000,1